RR Intervals (s)
990.000000
1579.000000
1432.000000
1545.000000
952.000000
1544.000000
1494.000000
1539.000000
946.000000
1502.000000
1016.000000
1624.000000
1559.000000
1503.000000
1528.000000
1483.000000
1534.000000
981.000000
1550.000000
997.000000
1618.000000
1537.000000
1545.000000
1530.000000
1521.000000
1526.000000
992.000000
1637.000000
1561.000000
1524.000000
1020.000000
1639.000000
1595.000000
1544.000000
1574.000000
1491.000000
1044.000000
1607.000000
1429.000000
1294.000000
1524.000000
1035.000000
1567.000000
1442.000000
1130.000000
1549.000000
1516.000000
1414.000000
991.000000
1337.000000
1454.000000
931.000000
1557.000000
1512.000000
1243.000000
1488.000000
987.000000
1507.000000
1015.000000
1514.000000
1470.000000
882.000000
1524.000000
1523.000000
1314.000000
1472.000000
1062.000000
1571.000000
1470.000000
1456.000000
1512.000000
1481.000000
1468.000000
1452.000000
1480.000000
1455.000000
1119.000000
1451.000000
1064.000000
1453.000000
1464.000000
1029.000000
1488.000000
1023.000000
1484.000000
1188.000000
1234.000000
1019.000000
1062.000000
1422.000000
966.000000
1055.000000
1426.000000
1029.000000
1453.000000
1360.000000
1410.000000
1365.000000
1418.000000
1421.000000
1399.000000
1388.000000
1030.000000
1331.000000
1397.000000
1011.000000
1449.000000
1457.000000
1481.000000
1128.000000
1380.000000
1311.000000
1327.000000
1443.000000
1478.000000
1554.000000
1450.000000
1376.000000
1337.000000
1334.000000
1328.000000
1339.000000
1373.000000
1355.000000
1100.000000
1353.000000
1340.000000
1371.000000
1345.000000
1367.000000
1374.000000
1348.000000
1355.000000
1315.000000
1278.000000
1282.000000
1300.000000
1305.000000
1303.000000
1287.000000
1061.000000
954.000000
1325.000000
1293.000000
1346.000000
1330.000000
1319.000000
1322.000000
1325.000000
1320.000000
1314.000000
1077.000000
981.000000
1327.000000
1338.000000
1333.000000
1286.000000
1258.000000
1299.000000
1350.000000
1368.000000
1310.000000
1329.000000
1346.000000
1346.000000
1311.000000
1164.000000
1372.000000
1312.000000
1322.000000
1308.000000
1265.000000
1269.000000
1294.000000
1327.000000
1308.000000
1272.000000
1294.000000
1303.000000
1269.000000
1263.000000
1282.000000
1296.000000
1288.000000
1284.000000
1301.000000
1313.000000
1286.000000
1272.000000
1286.000000
1287.000000
1275.000000
1253.000000
1263.000000
1284.000000
1283.000000
1265.000000
1300.000000
1381.000000
1419.000000
1351.000000
1340.000000
1372.000000
1381.000000
1348.000000
1313.000000
1299.000000
1313.000000
1285.000000
1254.000000
1241.000000
1249.000000
1232.000000
1229.000000
1279.000000
1320.000000
1347.000000
1366.000000
1337.000000
1320.000000
1356.000000
1398.000000
1351.000000
1330.000000
1324.000000
1327.000000
1322.000000
1334.000000
1310.000000
1282.000000
1290.000000
1287.000000
1257.000000
1244.000000
1260.000000
1281.000000
1293.000000
1287.000000
1279.000000
1280.000000
1307.000000
1309.000000
1269.000000
1263.000000
1245.000000
1230.000000
1195.000000
1180.000000
1185.000000
1207.000000
1211.000000
1212.000000
1237.000000
1262.000000
1283.000000
1290.000000
1255.000000
1230.000000
1238.000000
1254.000000
1246.000000
1249.000000
1262.000000
1274.000000
1283.000000
1246.000000
1025.000000
978.000000
1268.000000
1254.000000
1256.000000
1286.000000
1322.000000
1339.000000
1330.000000
1328.000000
1329.000000
1282.000000
1251.000000
1258.000000
1267.000000
1258.000000
1241.000000
1239.000000
1254.000000
1251.000000
1268.000000
1292.000000
1286.000000
1263.000000
1240.000000
1259.000000
1262.000000
1268.000000
1280.000000
1299.000000
1321.000000
1292.000000
1288.000000
1299.000000
1307.000000
1271.000000
1259.000000
1276.000000
1313.000000
1329.000000
1276.000000
1242.000000
1248.000000
1283.000000
1309.000000
1293.000000
1308.000000
1306.000000
1318.000000
1290.000000
1277.000000
1291.000000
1289.000000
1278.000000
1254.000000
1256.000000
1268.000000
1288.000000
1291.000000
1292.000000
1320.000000
1324.000000
1290.000000
1277.000000
1290.000000
1302.000000
1286.000000
1280.000000
1311.000000
1294.000000
1300.000000
1306.000000
1302.000000
1293.000000
1283.000000
1301.000000
1315.000000
1337.000000
1311.000000
1274.000000
1282.000000
1287.000000
1296.000000
1301.000000
1275.000000
1260.000000
1273.000000
1297.000000
1340.000000
1302.000000
1305.000000
1301.000000
1261.000000
1255.000000
1277.000000
1285.000000
1280.000000
1283.000000
1291.000000
1275.000000
1282.000000
1294.000000
1301.000000
1271.000000
1255.000000
1235.000000
1235.000000
1234.000000
1232.000000
1239.000000
1264.000000
1244.000000
1242.000000
1246.000000
1262.000000
1253.000000
1256.000000
1269.000000
1273.000000
1271.000000
1278.000000
1275.000000
1246.000000
1240.000000
1235.000000
1219.000000
1215.000000
1211.000000
1213.000000
1225.000000
1231.000000
1252.000000
1281.000000
1269.000000
1284.000000
1293.000000
1281.000000
1277.000000
1275.000000
1276.000000
1250.000000
1228.000000
1227.000000
1229.000000
1219.000000
1227.000000
1243.000000
1245.000000
1253.000000
1257.000000
1245.000000
1260.000000
1270.000000
1258.000000
1274.000000
1309.000000
1281.000000
1283.000000
1274.000000
1257.000000
1262.000000
1256.000000
1237.000000
1234.000000
1234.000000
1232.000000
1227.000000
1212.000000
1192.000000
1211.000000
1255.000000
1264.000000
1284.000000
1299.000000
1284.000000
1276.000000
1275.000000
1264.000000
1267.000000
1247.000000
1221.000000
1220.000000
1218.000000
1208.000000
1219.000000
1232.000000
1230.000000
1224.000000
1229.000000
1236.000000
1224.000000
1236.000000
1254.000000
1244.000000
1232.000000
1242.000000
1237.000000
1241.000000
1244.000000
1245.000000
1240.000000
1264.000000
1291.000000
1292.000000
1268.000000
1272.000000
1278.000000
1255.000000
1268.000000
1271.000000
1260.000000
1266.000000
1267.000000
1276.000000
1265.000000
1248.000000
1253.000000
1239.000000
1250.000000
1257.000000
1261.000000
1258.000000
1277.000000
1268.000000
1261.000000
1283.000000
1289.000000
1275.000000
1295.000000
1307.000000
1320.000000
1280.000000
1280.000000
1285.000000
1255.000000
1265.000000
1277.000000
1260.000000
1285.000000
1295.000000
1282.000000
1254.000000
1269.000000
1290.000000
1293.000000
1291.000000
1305.000000
1295.000000
1266.000000
1244.000000
1253.000000
1243.000000
1267.000000
1292.000000
1324.000000
1303.000000
1304.000000
1301.000000
1284.000000
1268.000000
1283.000000
1308.000000
1302.000000
1314.000000
1322.000000
1259.000000
1232.000000
1240.000000
1266.000000
1274.000000
1296.000000
1301.000000
1282.000000
1308.000000
1317.000000
1330.000000
1328.000000
1315.000000
1272.000000
1271.000000
1275.000000
1256.000000
1241.000000
1263.000000
1274.000000
1268.000000
1276.000000
1286.000000
1268.000000
1273.000000
1267.000000
1250.000000
1251.000000
1265.000000
1248.000000
1256.000000
1266.000000
1261.000000
1281.000000
1280.000000
1265.000000
1269.000000
1275.000000
1262.000000
1267.000000
1304.000000
1344.000000
1311.000000
1288.000000
1272.000000
1256.000000
1265.000000
1265.000000
1253.000000
1232.000000
1048.000000
831.000000
794.000000
897.000000
1249.000000
1240.000000
1304.000000
1286.000000
1291.000000
1296.000000
1296.000000
1250.000000
1256.000000
1263.000000
1266.000000
1247.000000
1265.000000
1286.000000
1299.000000
1261.000000
1266.000000
1263.000000
1241.000000
1251.000000
1250.000000
1224.000000
1216.000000
1031.000000
1273.000000
1219.000000
1247.000000
1290.000000
1282.000000
1278.000000
1265.000000
1253.000000
1248.000000
1241.000000
1242.000000
1248.000000
1232.000000
1256.000000
1268.000000
1270.000000
1280.000000
1285.000000
1292.000000
1279.000000
1295.000000
1287.000000
1291.000000
1304.000000
1292.000000
1302.000000
1295.000000
1267.000000
1278.000000
1283.000000
1291.000000
1289.000000
1282.000000
1300.000000
1303.000000
1271.000000
1258.000000
1243.000000
1234.000000
1239.000000
1263.000000
1274.000000
1280.000000
1288.000000
1280.000000
1269.000000
1266.000000
1242.000000
1210.000000
1213.000000
1227.000000
1246.000000
1269.000000
1299.000000
1302.000000
1310.000000
1301.000000
1258.000000
1236.000000
1235.000000
1230.000000
1254.000000
1275.000000
1272.000000
1279.000000
1289.000000
1292.000000
1305.000000
1342.000000
1347.000000
1323.000000
1340.000000
1333.000000
1319.000000
1323.000000
1293.000000
1271.000000
1294.000000
1318.000000
1324.000000
1293.000000
1251.000000
1245.000000
1261.000000
1291.000000
1296.000000
1284.000000
1308.000000
1294.000000
1270.000000
1242.000000
1233.000000
1241.000000
1265.000000
1285.000000
1270.000000
1231.000000
1238.000000
1246.000000
1259.000000
1268.000000
1252.000000
1224.000000
1230.000000
1231.000000
1245.000000
1245.000000
1227.000000
1240.000000
1272.000000
1288.000000
1262.000000
1265.000000
1279.000000
1296.000000
1292.000000
1287.000000
1295.000000
1306.000000
1322.000000
1289.000000
1273.000000
1278.000000
1257.000000
1235.000000
1252.000000
1281.000000
1267.000000
1250.000000
1275.000000
1297.000000
1302.000000
1303.000000
1276.000000
1254.000000
1246.000000
1255.000000
1256.000000
1289.000000
1278.000000
1267.000000
1277.000000
1276.000000
1286.000000
1259.000000
1248.000000
1275.000000
1305.000000
1287.000000
1248.000000
1235.000000
1237.000000
1244.000000
1251.000000
1228.000000
1208.000000
1211.000000
1222.000000
1241.000000
1255.000000
1260.000000
1276.000000
1266.000000
1249.000000
1240.000000
1238.000000
1275.000000
1280.000000
1280.000000
1288.000000
1295.000000
1281.000000
1266.000000
1276.000000
1268.000000
1263.000000
1272.000000
1277.000000
1264.000000
1273.000000
1297.000000
1305.000000
1305.000000
1271.000000
1250.000000
1226.000000
1228.000000
1233.000000
1239.000000
1260.000000
1274.000000
1276.000000
1260.000000
1241.000000
1256.000000
1274.000000
1276.000000
1248.000000
1243.000000
1250.000000
1271.000000
1288.000000
1259.000000
1266.000000
1272.000000
1285.000000
1288.000000
1258.000000
1272.000000
1273.000000
1280.000000
1261.000000
1250.000000
1261.000000
1264.000000
1266.000000
1274.000000
1271.000000
1283.000000
1302.000000
1315.000000
1321.000000
1310.000000
1291.000000
1274.000000
1279.000000
1284.000000
1282.000000
1270.000000
1251.000000
1251.000000
1280.000000
1291.000000
1286.000000
1253.000000
1216.000000
1206.000000
1197.000000
1224.000000
1234.000000
1231.000000
1245.000000
1266.000000
1267.000000
1277.000000
1267.000000
1254.000000
1279.000000
1281.000000
1305.000000
1285.000000
1254.000000
1263.000000
1287.000000
1288.000000
1274.000000
1298.000000
1296.000000
1267.000000
1271.000000
1277.000000
1282.000000
1270.000000
1255.000000
1263.000000
1278.000000
1292.000000
1303.000000
1280.000000
1250.000000
1272.000000
1289.000000
1305.000000
1288.000000
1266.000000
1292.000000
1300.000000
1303.000000
1278.000000
1272.000000
1263.000000
1268.000000
1269.000000
1285.000000
1268.000000
1240.000000
1233.000000
1248.000000
1276.000000
1266.000000
1261.000000
1260.000000
1266.000000
1271.000000
1269.000000
1244.000000
1233.000000
1255.000000
1285.000000
1271.000000
1232.000000
1222.000000
1231.000000
1235.000000
1228.000000
1217.000000
1203.000000
1229.000000
1248.000000
1254.000000
1229.000000
1222.000000
1248.000000
1276.000000
1300.000000
1266.000000
1256.000000
1279.000000
1315.000000
1315.000000
1250.000000
1217.000000
1209.000000
1206.000000
1220.000000
1223.000000
1231.000000
