RR Intervals (s)
980.000000
975.000000
1002.000000
928.000000
918.000000
979.000000
998.000000
915.000000
863.000000
764.000000
750.000000
1311.000000
1201.000000
1106.000000
1007.000000
999.000000
946.000000
998.000000
1000.000000
968.000000
919.000000
980.000000
1035.000000
1029.000000
918.000000
960.000000
988.000000
986.000000
917.000000
969.000000
980.000000
961.000000
923.000000
972.000000
975.000000
918.000000
955.000000
952.000000
955.000000
893.000000
934.000000
948.000000
951.000000
911.000000
956.000000
963.000000
932.000000
913.000000
947.000000
956.000000
910.000000
928.000000
956.000000
967.000000
903.000000
944.000000
965.000000
913.000000
933.000000
991.000000
952.000000
930.000000
976.000000
988.000000
928.000000
949.000000
978.000000
960.000000
924.000000
995.000000
1003.000000
938.000000
995.000000
998.000000
950.000000
957.000000
992.000000
964.000000
896.000000
955.000000
977.000000
916.000000
936.000000
982.000000
965.000000
907.000000
986.000000
976.000000
898.000000
936.000000
951.000000
894.000000
894.000000
899.000000
918.000000
863.000000
856.000000
743.000000
725.000000
813.000000
1228.000000
982.000000
860.000000
1035.000000
939.000000
798.000000
874.000000
1132.000000
928.000000
954.000000
987.000000
937.000000
890.000000
956.000000
1001.000000
900.000000
985.000000
1022.000000
938.000000
991.000000
1004.000000
984.000000
959.000000
989.000000
962.000000
925.000000
985.000000
994.000000
921.000000
972.000000
989.000000
954.000000
943.000000
980.000000
978.000000
919.000000
975.000000
960.000000
892.000000
940.000000
965.000000
895.000000
920.000000
953.000000
909.000000
905.000000
955.000000
929.000000
881.000000
934.000000
864.000000
826.000000
732.000000
798.000000
1296.000000
1207.000000
1012.000000
824.000000
941.000000
1084.000000
865.000000
762.000000
734.000000
720.000000
716.000000
805.000000
1298.000000
1184.000000
957.000000
985.000000
988.000000
993.000000
952.000000
941.000000
977.000000
971.000000
897.000000
915.000000
951.000000
977.000000
975.000000
911.000000
920.000000
931.000000
842.000000
755.000000
743.000000
801.000000
1133.000000
886.000000
1097.000000
1007.000000
927.000000
894.000000
917.000000
959.000000
963.000000
904.000000
950.000000
978.000000
973.000000
931.000000
967.000000
1010.000000
991.000000
920.000000
923.000000
971.000000
1000.000000
1009.000000
947.000000
975.000000
1009.000000
1025.000000
985.000000
1059.000000
1047.000000
1021.000000
942.000000
925.000000
1005.000000
1065.000000
1081.000000
949.000000
1004.000000
1036.000000
1009.000000
953.000000
1009.000000
1039.000000
1009.000000
937.000000
1024.000000
1025.000000
1018.000000
959.000000
1016.000000
1018.000000
1013.000000
920.000000
962.000000
993.000000
991.000000
913.000000
981.000000
1006.000000
968.000000
974.000000
1024.000000
1034.000000
971.000000
1014.000000
1019.000000
1001.000000
946.000000
991.000000
994.000000
933.000000
961.000000
983.000000
988.000000
918.000000
969.000000
998.000000
979.000000
935.000000
977.000000
942.000000
913.000000
760.000000
701.000000
708.000000
1320.000000
1087.000000
1031.000000
895.000000
717.000000
683.000000
673.000000
678.000000
795.000000
1331.000000
1212.000000
1036.000000
863.000000
1028.000000
1130.000000
839.000000
827.000000
1146.000000
1071.000000
872.000000
724.000000
724.000000
817.000000
1327.000000
1233.000000
1173.000000
1028.000000
935.000000
922.000000
990.000000
1010.000000
1024.000000
994.000000
915.000000
953.000000
983.000000
1009.000000
985.000000
929.000000
973.000000
1009.000000
1002.000000
956.000000
993.000000
1013.000000
1005.000000
949.000000
975.000000
998.000000
987.000000
976.000000
1009.000000
1023.000000
1004.000000
978.000000
1007.000000
1030.000000
1113.000000
1061.000000
1034.000000
987.000000
998.000000
1032.000000
1033.000000
995.000000
970.000000
1018.000000
1037.000000
1007.000000
1012.000000
1050.000000
1058.000000
949.000000
996.000000
1023.000000
1009.000000
938.000000
1021.000000
1080.000000
1127.000000
1146.000000
1093.000000
953.000000
953.000000
1000.000000
1030.000000
957.000000
1040.000000
1104.000000
1027.000000
1066.000000
1109.000000
1068.000000
1011.000000
1067.000000
1065.000000
970.000000
1049.000000
1048.000000
970.000000
995.000000
1047.000000
991.000000
965.000000
999.000000
981.000000
902.000000
1010.000000
1059.000000
991.000000
1017.000000
1062.000000
964.000000
936.000000
996.000000
1009.000000
912.000000
1001.000000
1012.000000
934.000000
928.000000
882.000000
898.000000
964.000000
1055.000000
1017.000000
975.000000
1086.000000
1038.000000
987.000000
1005.000000
1034.000000
1030.000000
944.000000
978.000000
1035.000000
1025.000000
941.000000
995.000000
1048.000000
1064.000000
970.000000
1039.000000
1057.000000
1017.000000
1064.000000
1130.000000
1059.000000
912.000000
945.000000
1003.000000
1044.000000
928.000000
916.000000
1038.000000
1120.000000
1039.000000
937.000000
959.000000
1039.000000
1057.000000
1045.000000
944.000000
976.000000
1030.000000
1180.000000
1013.000000
1009.000000
1022.000000
950.000000
982.000000
1031.000000
1023.000000
959.000000
1015.000000
1051.000000
1012.000000
1008.000000
1053.000000
1050.000000
982.000000
1032.000000
1049.000000
998.000000
998.000000
1023.000000
1022.000000
976.000000
1010.000000
1034.000000
1024.000000
963.000000
1012.000000
1009.000000
958.000000
959.000000
1021.000000
1048.000000
940.000000
978.000000
1048.000000
1167.000000
1038.000000
1042.000000
1037.000000
977.000000
939.000000
1019.000000
1063.000000
910.000000
830.000000
765.000000
1243.000000
1239.000000
1114.000000
1025.000000
1016.000000
955.000000
1055.000000
1289.000000
1184.000000
1091.000000
938.000000
1019.000000
1018.000000
999.000000
933.000000
994.000000
1007.000000
973.000000
975.000000
1004.000000
993.000000
908.000000
963.000000
983.000000
976.000000
965.000000
978.000000
946.000000
964.000000
1023.000000
1042.000000
997.000000
983.000000
1017.000000
1002.000000
1004.000000
1001.000000
1000.000000
1009.000000
946.000000
962.000000
1016.000000
1002.000000
955.000000
958.000000
1013.000000
1016.000000
1023.000000
953.000000
951.000000
1023.000000
1053.000000
979.000000
993.000000
1022.000000
1007.000000
954.000000
971.000000
1008.000000
1012.000000
934.000000
982.000000
1028.000000
1095.000000
998.000000
1027.000000
997.000000
918.000000
959.000000
1001.000000
951.000000
962.000000
1010.000000
944.000000
988.000000
1009.000000
940.000000
959.000000
923.000000
747.000000
709.000000
695.000000
725.000000
1273.000000
1070.000000
983.000000
990.000000
924.000000
927.000000
990.000000
995.000000
910.000000
980.000000
1033.000000
1064.000000
982.000000
1014.000000
1017.000000
982.000000
949.000000
1002.000000
1001.000000
948.000000
982.000000
1050.000000
1090.000000
970.000000
1063.000000
1049.000000
1079.000000
968.000000
1030.000000
1046.000000
981.000000
972.000000
1036.000000
988.000000
929.000000
1002.000000
1025.000000
967.000000
972.000000
1053.000000
1058.000000
984.000000
1062.000000
1171.000000
1169.000000
1030.000000
1051.000000
1014.000000
932.000000
933.000000
1044.000000
1127.000000
1024.000000
975.000000
1086.000000
1118.000000
1055.000000
1030.000000
1164.000000
1147.000000
1044.000000
966.000000
1018.000000
1080.000000
1206.000000
1087.000000
1062.000000
1048.000000
1011.000000
989.000000
1084.000000
1279.000000
1149.000000
1112.000000
1075.000000
1035.000000
998.000000
1021.000000
1020.000000
962.000000
946.000000
1053.000000
1336.000000
1140.000000
979.000000
1021.000000
1051.000000
1036.000000
951.000000
