Peaks (s)
418.000000
1200.000000
1978.000000
2992.000000
4008.000000
4922.000000
6014.000000
7000.000000
7889.000000
8793.000000
10027.000000
11147.000000
12266.000000
13188.000000
14258.000000
15441.000000
16544.000000
17483.000000
18482.000000
19638.000000
20924.000000
22179.000000
23368.000000
24462.000000
25763.000000
26736.000000
27600.000000
28453.000000
29755.000000
30595.000000
31969.000000
32933.000000
34113.000000
35180.000000
36134.000000
37139.000000
38066.000000
38932.000000
39846.000000
41109.000000
42254.000000
43455.000000
44474.000000
45330.000000
46162.000000
47221.000000
48197.000000
49187.000000
50295.000000
51328.000000
52555.000000
53592.000000
54510.000000
55618.000000
56706.000000
58044.000000
59175.000000
60350.000000
61590.000000
62674.000000
63808.000000
65005.000000
66112.000000
67327.000000
68299.000000
69228.000000
70532.000000
71646.000000
72589.000000
73968.000000
75208.000000
76440.000000
77441.000000
78467.000000
79772.000000
81029.000000
81928.000000
83270.000000
84511.000000
85516.000000
86866.000000
88119.000000
89259.000000
90574.000000
91601.000000
92713.000000
93961.000000
95098.000000
96226.000000
97421.000000
98490.000000
99780.000000
101053.000000
102339.000000
103531.000000
104636.000000
105936.000000
107145.000000
108154.000000
109428.000000
110600.000000
111619.000000
112942.000000
114008.000000
115014.000000
116358.000000
117598.000000
118791.000000
119969.000000
120987.000000
122064.000000
123319.000000
124449.000000
125650.000000
126886.000000
127927.000000
129231.000000
130192.000000
131061.000000
131999.000000
133397.000000
134679.000000
135745.000000
136829.000000
138076.000000
139166.000000
140273.000000
141419.000000
142439.000000
143593.000000
144765.000000
145797.000000
146973.000000
148103.000000
149181.000000
150405.000000
151632.000000
152650.000000
153826.000000
154958.000000
156014.000000
157104.000000
158308.000000
159370.000000
160637.000000
161874.000000
162973.000000
164134.000000
165246.000000
166330.000000
167539.000000
168725.000000
169775.000000
170828.000000
171969.000000
173021.000000
174023.000000
175228.000000
176364.000000
177351.000000
178480.000000
179603.000000
180609.000000
181836.000000
183010.000000
183981.000000
185242.000000
186480.000000
187530.000000
188813.000000
189954.000000
191109.000000
192380.000000
193551.000000
194554.000000
195765.000000
196967.000000
198042.000000
199209.000000
200435.000000
201476.000000
202741.000000
204046.000000
205227.000000
206297.000000
207477.000000
208634.000000
209699.000000
210824.000000
211895.000000
212816.000000
213727.000000
215069.000000
216262.000000
217285.000000
218449.000000
219499.000000
220432.000000
221363.000000
222652.000000
223710.000000
224892.000000
226097.000000
227214.000000
228447.000000
229664.000000
230714.000000
231807.000000
233109.000000
234319.000000
235367.000000
236488.000000
237728.000000
238709.000000
240132.000000
241401.000000
242435.000000
243760.000000
244814.000000
245726.000000
247002.000000
248070.000000
249022.000000
250024.000000
251181.000000
252205.000000
253336.000000
254515.000000
255623.000000
256679.000000
257764.000000
258774.000000
259894.000000
261001.000000
261981.000000
262932.000000
264258.000000
265235.000000
266184.000000
267487.000000
268634.000000
269764.000000
271101.000000
272265.000000
273356.000000
274614.000000
275651.000000
276592.000000
277909.000000
279125.000000
280186.000000
281326.000000
282583.000000
283681.000000
284628.000000
285746.000000
286948.000000
287907.000000
289062.000000
290212.000000
291198.000000
292254.000000
293510.000000
294724.000000
295730.000000
296764.000000
297939.000000
299021.000000
300274.000000
301517.000000
302569.000000
303752.000000
305030.000000
306122.000000
307417.000000
308641.000000
309656.000000
310982.000000
312244.000000
313280.000000
314458.000000
315726.000000
316789.000000
318087.000000
319360.000000
320583.000000
321614.000000
322829.000000
324100.000000
325321.000000
326655.000000
327863.000000
328929.000000
330191.000000
331461.000000
332705.000000
333949.000000
335215.000000
336308.000000
337330.000000
338695.000000
339958.000000
341126.000000
342329.000000
343456.000000
344426.000000
345441.000000
346696.000000
347703.000000
348829.000000
349993.000000
350986.000000
352054.000000
353191.000000
354236.000000
355305.000000
356393.000000
357396.000000
358410.000000
359508.000000
360476.000000
361446.000000
362625.000000
363662.000000
364635.000000
365769.000000
366924.000000
367912.000000
368984.000000
370126.000000
371192.000000
372332.000000
373499.000000
374527.000000
375515.000000
376602.000000
377681.000000
378779.000000
379966.000000
381040.000000
382181.000000
383294.000000
384246.000000
385283.000000
386557.000000
387617.000000
388688.000000
389867.000000
390958.000000
392374.000000
393656.000000
394687.000000
395834.000000
396894.000000
397880.000000
398944.000000
400049.000000
401019.000000
401969.000000
403122.000000
404186.000000
405260.000000
406547.000000
407586.000000
408523.000000
409870.000000
411029.000000
412004.000000
413010.000000
414231.000000
415287.000000
416443.000000
417594.000000
418593.000000
419652.000000
420811.000000
421830.000000
422895.000000
424082.000000
425128.000000
426274.000000
427515.000000
428633.000000
429659.000000
430918.000000
432035.000000
433017.000000
434093.000000
435315.000000
436382.000000
437546.000000
438727.000000
439769.000000
440954.000000
442164.000000
443272.000000
444381.000000
445608.000000
446750.000000
447805.000000
449009.000000
450100.000000
451152.000000
452386.000000
453597.000000
454647.000000
455758.000000
456955.000000
457935.000000
458969.000000
460214.000000
461290.000000
462362.000000
463344.000000
464262.000000
465355.000000
466583.000000
467613.000000
468526.000000
469712.000000
470803.000000
471797.000000
472825.000000
474017.000000
475036.000000
476020.000000
477103.000000
478137.000000
479125.000000
480285.000000
481451.000000
482499.000000
483538.000000
484677.000000
485708.000000
486599.000000
487577.000000
488772.000000
489803.000000
490791.000000
491932.000000
493078.000000
494097.000000
495166.000000
496379.000000
497474.000000
498455.000000
499779.000000
501062.000000
502148.000000
503467.000000
504690.000000
505733.000000
506798.000000
508087.000000
509190.000000
510150.000000
511155.000000
512543.000000
513771.000000
515012.000000
516166.000000
517194.000000
518355.000000
519419.000000
520405.000000
521593.000000
522708.000000
523744.000000
524772.000000
525887.000000
526925.000000
528110.000000
529270.000000
530288.000000
531337.000000
532533.000000
533609.000000
534582.000000
535827.000000
536837.000000
537716.000000
538904.000000
540130.000000
541173.000000
542470.000000
543729.000000
544705.000000
545802.000000
547002.000000
548014.000000
549052.000000
550318.000000
551345.000000
552394.000000
553578.000000
554611.000000
555651.000000
556797.000000
557983.000000
558998.000000
560192.000000
561377.000000
562333.000000
563377.000000
564504.000000
565497.000000
566478.000000
567648.000000
568754.000000
569736.000000
570909.000000
571952.000000
572855.000000
573845.000000
574952.000000
575994.000000
576984.000000
578066.000000
579189.000000
580149.000000
581123.000000
582295.000000
583329.000000
584215.000000
585107.000000
586423.000000
587644.000000
588658.000000
589695.000000
590824.000000
591864.000000
593093.000000
594304.000000
595314.000000
596268.000000
597562.000000
598687.000000
599662.000000
600854.000000
602072.000000
603067.000000
604237.000000
605369.000000
606410.000000
607421.000000
608572.000000
609659.000000
610754.000000
611908.000000
612944.000000
613891.000000
614944.000000
616120.000000
617105.000000
618207.000000
619440.000000
620568.000000
621613.000000
622724.000000
623879.000000
624875.000000
625928.000000
627139.000000
628184.000000
629070.000000
630057.000000
631234.000000
632238.000000
633213.000000
634467.000000
635539.000000
636478.000000
637654.000000
638808.000000
639813.000000
640877.000000
641970.000000
643009.000000
643985.000000
645218.000000
646221.000000
647215.000000
648416.000000
649479.000000
650614.000000
651804.000000
652756.000000
653667.000000
654955.000000
656155.000000
657270.000000
658548.000000
659807.000000
660832.000000
662046.000000
663292.000000
664307.000000
665237.000000
666606.000000
667918.000000
669100.000000
670438.000000
671707.000000
672813.000000
674067.000000
675262.000000
676277.000000
677581.000000
678856.000000
679897.000000
681127.000000
682458.000000
683641.000000
684938.000000
686077.000000
687331.000000
688568.000000
689560.000000
690622.000000
691892.000000
693025.000000
694197.000000
695223.000000
696117.000000
696937.000000
697806.000000
698642.000000
699453.000000
700765.000000
702050.000000
703220.000000
704270.000000
705500.000000
706662.000000
707717.000000
708903.000000
710107.000000
711204.000000
712153.000000
713263.000000
714570.000000
715806.000000
716867.000000
718088.000000
719125.000000
720023.000000
721147.000000
722288.000000
723307.000000
724511.000000
725709.000000
726734.000000
727753.000000
728870.000000
729948.000000
730910.000000
732000.000000
733012.000000
733914.000000
734952.000000
736082.000000
737083.000000
738172.000000
739316.000000
740378.000000
741381.000000
742522.000000
743558.000000
744458.000000
745380.000000
746442.000000
747392.000000
748331.000000
749461.000000
750542.000000
751455.000000
752425.000000
753485.000000
754476.000000
755405.000000
756408.000000
757458.000000
758380.000000
759328.000000
760389.000000
761334.000000
762197.000000
763125.000000
764123.000000
765049.000000
765939.000000
766981.000000
768024.000000
768964.000000
769963.000000
771064.000000
772105.000000
773038.000000
773956.000000
775089.000000
776118.000000
777003.000000
778112.000000
779239.000000
780313.000000
781456.000000
782585.000000
783617.000000
784759.000000
785867.000000
786877.000000
787972.000000
789106.000000
790128.000000
791167.000000
792392.000000
793524.000000
794689.000000
795883.000000
797049.000000
798061.000000
799071.000000
800271.000000
801316.000000
802426.000000
803693.000000
804762.000000
805971.000000
807225.000000
808297.000000
809420.000000
810611.000000
811711.000000
812840.000000
814023.000000
815140.000000
816228.000000
817518.000000
818766.000000
819853.000000
821080.000000
822274.000000
823303.000000
824445.000000
825737.000000
826910.000000
827812.000000
828638.000000
830027.000000
831308.000000
832543.000000
833654.000000
834663.000000
835923.000000
837176.000000
838397.000000
839488.000000
840689.000000
841989.000000
843179.000000
844292.000000
845527.000000
846618.000000
847579.000000
848597.000000
849832.000000
850902.000000
852085.000000
853274.000000
854308.000000
855281.000000
856366.000000
857388.000000
858384.000000
859539.000000
860658.000000
861642.000000
862634.000000
863848.000000
865036.000000
866124.000000
867370.000000
868601.000000
869663.000000
870831.000000
872024.000000
873037.000000
874015.000000
875312.000000
876452.000000
877461.000000
878571.000000
879773.000000
880767.000000
881854.000000
882976.000000
884033.000000
885043.000000
886271.000000
887375.000000
888376.000000
889435.000000
890598.000000
891615.000000
892576.000000
893657.000000
894684.000000
895597.000000
896712.000000
897836.000000
898787.000000
899671.000000
900907.000000
902055.000000
903009.000000
903980.000000
905265.000000
906361.000000
907330.000000
908399.000000
909568.000000
910618.000000
911615.000000
912665.000000
913673.000000
914615.000000
915683.000000
916816.000000
917814.000000
918799.000000
919928.000000
921050.000000
922011.000000
923078.000000
924234.000000
925281.000000
926390.000000
927571.000000
928610.000000
929529.000000
930749.000000
931970.000000
933039.000000
934241.000000
935551.000000
936806.000000
937979.000000
939284.000000
940561.000000
941550.000000
942465.000000
943866.000000
945162.000000
946241.000000
947583.000000
948809.000000
949916.000000
951066.000000
952221.000000
953288.000000
954483.000000
955684.000000
956753.000000
957939.000000
959108.000000
960189.000000
961405.000000
962679.000000
963847.000000
964971.000000
966174.000000
967287.000000
968517.000000
969749.000000
970818.000000
971982.000000
973124.000000
974089.000000
975129.000000
976442.000000
977642.000000
978818.000000
980054.000000
981182.000000
982245.000000
983441.000000
984636.000000
985681.000000
986810.000000
987962.000000
989006.000000
990077.000000
991282.000000
992300.000000
993529.000000
994746.000000
995819.000000
996954.000000
998177.000000
999334.000000
1000428.000000
1001670.000000
1002792.000000
1003907.000000
1005213.000000
1006401.000000
1007480.000000
1008744.000000
1009943.000000
1011084.000000
1012239.000000
1013345.000000
1014343.000000
1015222.000000
1016062.000000
1017516.000000
1018864.000000
1020118.000000
1021337.000000
1022330.000000
1023510.000000
1024770.000000
1025971.000000
1026997.000000
1028254.000000
1029491.000000
1030566.000000
1031729.000000
1032953.000000
1034083.000000
1034992.000000
1035923.000000
1037275.000000
1038491.000000
1039563.000000
1040777.000000
1042037.000000
1043036.000000
1044071.000000
1045299.000000
1046303.000000
1047225.000000
1048585.000000
1049751.000000
1050819.000000
1052082.000000
1053269.000000
1054235.000000
1055210.000000
1056343.000000
1057377.000000
1058459.000000
1059735.000000
1060829.000000
1061850.000000
1063086.000000
1064263.000000
1065311.000000
1066359.000000
1067631.000000
1068762.000000
1069772.000000
1070875.000000
1072081.000000
1073142.000000
1074331.000000
1075493.000000
1076570.000000
1077549.000000
1078816.000000
1079971.000000
1080907.000000
1081954.000000
1083221.000000
1084335.000000
1085364.000000
1086540.000000
1087639.000000
1088569.000000
1089538.000000
1090899.000000
1092161.000000
1093302.000000
1094550.000000
1095800.000000
1096924.000000
1097902.000000
1099200.000000
1100404.000000
1101473.000000
1102402.000000
1103292.000000
1104619.000000
1105813.000000
1107079.000000
1108335.000000
1109527.000000
1110676.000000
1111788.000000
1112803.000000
1113697.000000
1114630.000000
1116005.000000
1117288.000000
1118453.000000
1119565.000000
1120661.000000
1121803.000000
1122846.000000
1123843.000000
1124928.000000
1125921.000000
1126984.000000
1128198.000000
1129300.000000
1130283.000000
1131321.000000
1132503.000000
1133575.000000
1134646.000000
1135745.000000
1136724.000000
1137615.000000
1138733.000000
1139917.000000
1141021.000000
1142029.000000
1143136.000000
1144409.000000
1145544.000000
1146680.000000
1147936.000000
1149098.000000
1149999.000000
1151053.000000
1152355.000000
1153574.000000
1154649.000000
1155912.000000
1157144.000000
1158238.000000
1159327.000000
1160592.000000
1161761.000000
1162769.000000
1163828.000000
1165029.000000
1166069.000000
1167095.000000
1168393.000000
1169590.000000
1170617.000000
1171802.000000
1173051.000000
1174167.000000
1175303.000000
1176672.000000
1177971.000000
1179202.000000
1180521.000000
1181731.000000
1182708.000000
1184080.000000
1185368.000000
1186558.000000
1187858.000000
1189066.000000
1190143.000000
1191431.000000
1192683.000000
1193942.000000
1195279.000000
1196532.000000
1197678.000000
1198926.000000
1200208.000000
1201425.000000
1202658.000000
1203909.000000
1205062.000000
1206321.000000
1207478.000000
1208463.000000
1209846.000000
1211129.000000
1212232.000000
1213455.000000
1214698.000000
1215764.000000
1217028.000000
1218276.000000
1219329.000000
1220435.000000
1221683.000000
1222909.000000
1224110.000000
1225391.000000
1226560.000000
1227563.000000
1228885.000000
1230118.000000
1231184.000000
1232406.000000
1233611.000000
1234683.000000
1236038.000000
1237331.000000
1238515.000000
1239771.000000
1240988.000000
1242040.000000
1243371.000000
1244656.000000
1245750.000000
1247114.000000
1248476.000000
1249627.000000
1250860.000000
1252112.000000
1253205.000000
1254463.000000
1255728.000000
1257003.000000
1258320.000000
1259532.000000
1260618.000000
1261839.000000
1263116.000000
1264249.000000
1265451.000000
1266572.000000
1267699.000000
1268915.000000
1270068.000000
1271075.000000
1272030.000000
1273339.000000
1274511.000000
1275625.000000
1276860.000000
1277952.000000
1278912.000000
1280029.000000
1281212.000000
1282304.000000
1283482.000000
1284622.000000
1285651.000000
1286788.000000
1287899.000000
1288842.000000
1289815.000000
1291071.000000
1292235.000000
1293185.000000
1294200.000000
1295518.000000
1296644.000000
1297778.000000
1298974.000000
1300138.000000
1301397.000000
1302626.000000
1303694.000000
1304797.000000
1306121.000000
1307287.000000
1308468.000000
1309685.000000
1310735.000000
1311861.000000
1313148.000000
1314373.000000
1315478.000000
1316633.000000
1317880.000000
1318909.000000
1319922.000000
1321126.000000
1322244.000000
1323323.000000
1324562.000000
1325713.000000
1326721.000000
1327731.000000
1328933.000000
1330011.000000
1331095.000000
1332327.000000
1333469.000000
1334691.000000
1335865.000000
1336906.000000
1338169.000000
1339419.000000
1340568.000000
1341813.000000
1342941.000000
1343901.000000
1344951.000000
