Peaks (s)
1115.000000
2160.000000
3229.000000
4308.000000
5454.000000
6606.000000
7730.000000
8855.000000
9934.000000
10988.000000
12094.000000
13211.000000
14310.000000
15424.000000
16507.000000
17558.000000
18584.000000
19565.000000
20559.000000
21573.000000
22609.000000
23553.000000
24535.000000
25579.000000
26672.000000
27776.000000
28852.000000
29902.000000
30981.000000
32084.000000
33145.000000
34209.000000
35267.000000
36251.000000
37255.000000
38352.000000
39526.000000
40756.000000
41930.000000
43016.000000
44081.000000
45096.000000
46068.000000
47012.000000
47882.000000
48857.000000
50058.000000
51244.000000
52385.000000
53468.000000
54550.000000
55583.000000
56573.000000
57522.000000
58442.000000
59387.000000
60368.000000
61431.000000
62513.000000
63581.000000
64650.000000
65662.000000
66600.000000
67511.000000
68494.000000
69526.000000
70556.000000
71644.000000
72759.000000
73844.000000
74860.000000
75854.000000
76778.000000
77665.000000
78554.000000
79460.000000
80299.000000
81132.000000
82002.000000
82907.000000
83882.000000
84904.000000
85869.000000
86805.000000
87753.000000
88711.000000
89652.000000
90604.000000
91622.000000
92656.000000
93647.000000
94695.000000
95703.000000
96632.000000
97562.000000
98519.000000
99477.000000
100451.000000
101514.000000
102648.000000
103760.000000
104882.000000
105960.000000
106940.000000
107906.000000
108865.000000
109808.000000
110789.000000
111811.000000
112981.000000
114103.000000
115175.000000
116261.000000
117285.000000
118249.000000
119194.000000
120137.000000
121054.000000
122002.000000
123235.000000
124438.000000
125598.000000
126727.000000
127754.000000
128762.000000
129779.000000
130808.000000
131969.000000
133223.000000
134404.000000
135579.000000
136718.000000
137746.000000
138724.000000
139655.000000
140613.000000
141821.000000
143037.000000
144186.000000
145294.000000
146404.000000
147476.000000
148460.000000
149367.000000
150335.000000
151555.000000
152786.000000
153997.000000
155142.000000
156179.000000
157165.000000
158139.000000
159088.000000
159986.000000
160966.000000
162087.000000
163210.000000
164300.000000
165375.000000
166356.000000
167295.000000
168261.000000
169267.000000
170271.000000
171308.000000
172372.000000
173440.000000
174468.000000
175471.000000
176486.000000
177492.000000
178408.000000
179328.000000
180351.000000
181503.000000
182568.000000
183689.000000
184777.000000
185787.000000
186834.000000
187893.000000
188859.000000
189869.000000
190977.000000
192094.000000
193143.000000
194163.000000
195043.000000
195875.000000
196698.000000
197526.000000
198377.000000
199284.000000
200261.000000
201213.000000
202225.000000
203312.000000
204325.000000
205244.000000
206143.000000
207093.000000
208136.000000
209203.000000
210330.000000
211463.000000
212535.000000
213542.000000
214530.000000
215514.000000
216487.000000
217479.000000
218503.000000
219525.000000
220535.000000
221445.000000
222298.000000
223179.000000
224085.000000
225054.000000
226050.000000
227141.000000
228240.000000
229294.000000
230361.000000
231410.000000
232463.000000
233461.000000
234452.000000
235466.000000
236413.000000
237311.000000
238251.000000
239311.000000
240430.000000
241535.000000
242557.000000
243589.000000
244630.000000
245648.000000
246705.000000
247773.000000
248827.000000
249807.000000
250764.000000
251777.000000
252831.000000
253873.000000
254986.000000
256107.000000
257230.000000
258305.000000
259377.000000
260415.000000
261363.000000
262390.000000
263499.000000
264600.000000
265791.000000
266956.000000
268075.000000
269213.000000
270275.000000
271270.000000
272321.000000
273424.000000
274527.000000
275615.000000
276754.000000
277877.000000
278964.000000
280036.000000
281095.000000
282163.000000
283275.000000
284306.000000
285241.000000
286346.000000
287525.000000
288547.000000
289619.000000
290683.000000
291652.000000
292642.000000
293722.000000
294854.000000
295982.000000
296940.000000
297800.000000
298663.000000
299537.000000
300434.000000
301400.000000
302386.000000
303314.000000
304275.000000
305265.000000
306235.000000
307234.000000
308270.000000
309321.000000
310312.000000
311307.000000
312345.000000
313389.000000
314464.000000
315535.000000
316588.000000
317594.000000
318549.000000
319522.000000
320536.000000
321630.000000
322775.000000
323889.000000
324965.000000
326007.000000
327062.000000
328180.000000
329294.000000
330353.000000
331427.000000
332447.000000
333353.000000
334256.000000
335236.000000
336424.000000
337525.000000
338706.000000
339880.000000
340913.000000
341919.000000
342993.000000
344059.000000
345055.000000
346147.000000
347281.000000
348384.000000
349591.000000
350682.000000
351595.000000
352480.000000
353384.000000
354266.000000
355204.000000
356187.000000
357116.000000
357969.000000
358828.000000
359697.000000
360596.000000
361558.000000
362676.000000
363834.000000
364944.000000
366018.000000
367100.000000
368167.000000
369198.000000
370211.000000
371214.000000
372252.000000
373354.000000
374497.000000
375658.000000
376770.000000
377831.000000
378842.000000
379816.000000
380748.000000
381807.000000
383107.000000
384329.000000
385397.000000
386482.000000
387599.000000
388690.000000
389671.000000
390680.000000
391824.000000
392979.000000
394132.000000
395289.000000
396392.000000
397475.000000
398586.000000
399699.000000
400799.000000
401911.000000
403043.000000
404143.000000
405230.000000
406259.000000
407307.000000
408423.000000
409523.000000
410585.000000
411688.000000
412783.000000
413799.000000
414811.000000
415694.000000
416544.000000
417441.000000
418356.000000
419388.000000
420592.000000
421791.000000
422892.000000
423992.000000
425088.000000
426169.000000
427292.000000
428414.000000
429528.000000
430665.000000
431809.000000
432960.000000
434035.000000
435135.000000
436287.000000
437437.000000
438546.000000
439659.000000
440791.000000
441909.000000
442924.000000
444025.000000
445206.000000
446352.000000
447538.000000
448680.000000
449707.000000
450744.000000
451852.000000
452957.000000
454062.000000
455210.000000
456303.000000
457285.000000
458259.000000
459356.000000
460586.000000
461827.000000
463054.000000
464214.000000
465401.000000
466531.000000
467613.000000
468716.000000
469823.000000
470911.000000
471966.000000
473123.000000
474245.000000
475322.000000
476374.000000
477424.000000
478440.000000
479519.000000
480689.000000
481781.000000
482896.000000
483975.000000
484994.000000
486007.000000
487030.000000
488010.000000
489037.000000
490136.000000
491222.000000
492369.000000
493470.000000
494455.000000
495421.000000
496387.000000
497396.000000
498646.000000
499842.000000
500977.000000
502112.000000
503245.000000
504360.000000
505501.000000
506640.000000
507779.000000
508899.000000
510152.000000
511362.000000
512531.000000
513619.000000
514753.000000
515844.000000
516947.000000
518141.000000
519325.000000
520484.000000
521594.000000
522653.000000
523702.000000
524871.000000
526082.000000
527242.000000
528425.000000
529574.000000
530606.000000
531654.000000
532693.000000
533731.000000
534885.000000
536119.000000
537283.000000
538414.000000
539516.000000
540557.000000
541609.000000
542742.000000
543898.000000
545003.000000
546102.000000
547204.000000
548266.000000
549343.000000
550492.000000
551684.000000
552742.000000
553735.000000
554763.000000
555790.000000
556803.000000
557976.000000
559071.000000
560015.000000
560903.000000
561827.000000
562745.000000
563769.000000
564813.000000
565812.000000
566844.000000
567877.000000
568867.000000
569883.000000
570937.000000
572000.000000
573014.000000
574060.000000
575151.000000
576190.000000
577276.000000
578414.000000
579538.000000
580580.000000
581678.000000
582805.000000
583930.000000
585071.000000
586236.000000
587400.000000
588526.000000
589697.000000
590853.000000
591952.000000
593054.000000
594147.000000
595229.000000
596291.000000
597384.000000
598551.000000
599639.000000
600703.000000
601746.000000
602722.000000
603690.000000
604722.000000
605877.000000
606977.000000
608118.000000
609239.000000
610285.000000
611342.000000
612429.000000
613525.000000
614629.000000
615768.000000
616873.000000
617952.000000
619019.000000
620119.000000
621201.000000
622478.000000
623743.000000
624927.000000
626109.000000
627249.000000
628312.000000
629392.000000
630471.000000
631548.000000
632478.000000
633459.000000
634541.000000
635452.000000
636319.000000
637188.000000
638109.000000
639098.000000
640099.000000
641082.000000
642142.000000
643173.000000
644113.000000
645033.000000
645952.000000
646840.000000
647715.000000
648653.000000
649661.000000
650652.000000
651716.000000
652812.000000
653829.000000
654828.000000
655822.000000
656779.000000
657813.000000
658997.000000
660165.000000
661324.000000
662480.000000
663648.000000
664803.000000
665972.000000
667093.000000
668208.000000
669331.000000
670508.000000
671685.000000
672799.000000
673893.000000
674962.000000
675998.000000
677027.000000
678194.000000
679379.000000
680462.000000
681584.000000
682713.000000
683722.000000
684691.000000
685822.000000
686985.000000
688036.000000
689227.000000
690382.000000
691476.000000
692650.000000
693808.000000
694922.000000
696057.000000
697178.000000
698266.000000
699440.000000
700644.000000
701812.000000
702898.000000
704008.000000
705154.000000
706297.000000
707422.000000
708643.000000
709861.000000
710974.000000
712108.000000
713255.000000
714286.000000
715328.000000
716517.000000
717589.000000
718679.000000
719911.000000
721009.000000
722109.000000
723231.000000
724309.000000
725423.000000
726534.000000
727647.000000
728767.000000
729890.000000
731009.000000
732113.000000
733223.000000
734360.000000
735510.000000
736627.000000
737786.000000
738947.000000
740103.000000
741283.000000
742486.000000
743629.000000
744850.000000
746064.000000
747205.000000
748332.000000
749454.000000
750533.000000
751683.000000
752835.000000
753910.000000
755036.000000
756192.000000
757250.000000
758302.000000
759354.000000
760416.000000
761496.000000
762593.000000
763873.000000
765162.000000
766304.000000
767431.000000
768354.000000
769230.000000
770099.000000
770994.000000
771920.000000
772847.000000
773761.000000
774742.000000
775717.000000
776695.000000
777752.000000
778857.000000
779955.000000
781082.000000
782223.000000
783372.000000
784485.000000
785621.000000
786769.000000
787950.000000
789126.000000
790285.000000
791428.000000
792526.000000
793644.000000
794847.000000
795985.000000
797052.000000
798202.000000
799372.000000
800465.000000
801620.000000
802782.000000
803859.000000
804948.000000
806099.000000
807224.000000
808359.000000
809528.000000
810684.000000
811842.000000
813150.000000
814412.000000
815626.000000
816866.000000
818109.000000
819362.000000
820550.000000
821763.000000
823008.000000
824245.000000
825521.000000
826746.000000
827924.000000
829074.000000
830168.000000
831290.000000
832463.000000
833584.000000
834734.000000
835899.000000
837010.000000
838078.000000
839150.000000
840175.000000
841342.000000
842547.000000
843643.000000
844833.000000
846017.000000
847092.000000
848184.000000
849277.000000
850381.000000
851438.000000
852567.000000
853707.000000
854818.000000
855906.000000
857012.000000
858124.000000
859189.000000
860483.000000
861757.000000
863022.000000
864279.000000
865481.000000
866687.000000
867856.000000
868917.000000
869973.000000
871040.000000
872054.000000
873113.000000
874211.000000
875292.000000
876363.000000
877441.000000
878426.000000
879384.000000
880329.000000
881257.000000
882295.000000
883456.000000
884615.000000
885763.000000
886882.000000
887921.000000
888868.000000
889857.000000
890959.000000
892096.000000
893201.000000
894336.000000
895459.000000
896605.000000
897785.000000
898963.000000
900033.000000
901073.000000
902133.000000
903211.000000
904227.000000
905384.000000
906598.000000
907803.000000
909044.000000
910191.000000
911305.000000
912398.000000
913466.000000
914472.000000
915560.000000
916953.000000
918222.000000
919523.000000
920767.000000
921937.000000
923102.000000
924299.000000
925551.000000
926739.000000
927770.000000
928891.000000
930272.000000
931552.000000
932920.000000
934160.000000
935395.000000
936681.000000
937888.000000
939013.000000
940130.000000
941183.000000
942170.000000
943239.000000
944475.000000
945634.000000
946688.000000
947774.000000
948863.000000
949878.000000
950834.000000
951704.000000
952569.000000
953414.000000
954297.000000
955260.000000
956294.000000
957372.000000
958492.000000
959575.000000
960591.000000
961605.000000
962640.000000
963700.000000
964733.000000
965795.000000
966925.000000
968048.000000
969193.000000
970300.000000
971437.000000
972562.000000
973669.000000
974843.000000
976027.000000
977220.000000
978421.000000
979606.000000
980752.000000
981766.000000
982879.000000
984235.000000
985512.000000
986823.000000
988011.000000
989207.000000
990321.000000
991349.000000
992361.000000
993397.000000
994471.000000
995707.000000
996957.000000
998136.000000
999166.000000
1000228.000000
1001349.000000
1002478.000000
1003688.000000
1004856.000000
1005968.000000
1007160.000000
1008403.000000
1009645.000000
1010875.000000
1012107.000000
1013327.000000
1014579.000000
1015830.000000
1017035.000000
1018205.000000
1019390.000000
1020570.000000
1021716.000000
1022900.000000
1024047.000000
1025063.000000
1026054.000000
1027336.000000
1028557.000000
1029746.000000
1030954.000000
1032097.000000
1033187.000000
1034252.000000
1035240.000000
1036179.000000
1037177.000000
1038362.000000
1039462.000000
1040640.000000
1041837.000000
1043003.000000
1044180.000000
1045356.000000
1046454.000000
1047546.000000
1048647.000000
1049725.000000
1050879.000000
1052064.000000
1053253.000000
1054399.000000
1055533.000000
1056659.000000
1057762.000000
1058842.000000
1059998.000000
1061183.000000
1062329.000000
1063503.000000
1064655.000000
1065726.000000
1066821.000000
1067923.000000
1069008.000000
1070247.000000
1071488.000000
1072648.000000
1073802.000000
1074968.000000
1076077.000000
1077317.000000
1078509.000000
1079652.000000
1080774.000000
1081947.000000
1083129.000000
1084231.000000
1085349.000000
1086461.000000
1087578.000000
1088740.000000
1090058.000000
1091313.000000
1092526.000000
1093750.000000
1094961.000000
1096150.000000
1097278.000000
1098387.000000
1099496.000000
1100558.000000
1101598.000000
1102716.000000
1103745.000000
1104679.000000
1105784.000000
1107103.000000
1108256.000000
1109477.000000
1110607.000000
1111751.000000
1112895.000000
1113988.000000
1115063.000000
1116123.000000
1117094.000000
1118049.000000
1119046.000000
1120125.000000
1121224.000000
1122400.000000
1123589.000000
1124715.000000
1125849.000000
1126975.000000
1128059.000000
1129178.000000
1130327.000000
1131444.000000
1132520.000000
1133737.000000
1135003.000000
1136186.000000
1137408.000000
1138635.000000
1139781.000000
1140888.000000
1142017.000000
1143172.000000
1144533.000000
1145750.000000
1146814.000000
1147854.000000
1148985.000000
1150105.000000
1151274.000000
1152469.000000
1153645.000000
1154753.000000
1155924.000000
1157103.000000
1158203.000000
1159286.000000
1160343.000000
1161365.000000
1162625.000000
1163888.000000
1165120.000000
1166319.000000
1167468.000000
1168531.000000
1169593.000000
1170627.000000
1171600.000000
1172555.000000
1173521.000000
1174420.000000
1175280.000000
1176144.000000
1177099.000000
1178215.000000
1179308.000000
1180471.000000
1181613.000000
1182683.000000
1183691.000000
1184683.000000
1185651.000000
1186588.000000
1187545.000000
1188560.000000
1189584.000000
1190643.000000
1191810.000000
1192985.000000
1194104.000000
1195250.000000
1196394.000000
1197437.000000
1198507.000000
1199563.000000
1200563.000000
1201561.000000
1202604.000000
1203665.000000
1204711.000000
1205778.000000
1206773.000000
1207724.000000
1208666.000000
1209591.000000
1210592.000000
1211739.000000
1212854.000000
1213970.000000
1215052.000000
1216085.000000
1217137.000000
1218143.000000
1219099.000000
1220068.000000
1221093.000000
1222093.000000
1223067.000000
1224053.000000
1225034.000000
1225987.000000
1226989.000000
1227969.000000
1228849.000000
1229686.000000
1230524.000000
1231382.000000
1232291.000000
1233244.000000
1234178.000000
1235097.000000
1236051.000000
1237010.000000
1237926.000000
1238837.000000
1239770.000000
1240719.000000
1241643.000000
1242538.000000
1243465.000000
1244405.000000
1245350.000000
1246390.000000
1247510.000000
1248638.000000
1249757.000000
1250869.000000
1251934.000000
1252960.000000
1253972.000000
1255001.000000
1256086.000000
1257161.000000
1258303.000000
1259438.000000
1260511.000000
1261506.000000
1262560.000000
1263699.000000
1264826.000000
1266001.000000
1267178.000000
1268321.000000
1269419.000000
1270501.000000
1271652.000000
1272793.000000
1273950.000000
1275152.000000
1276301.000000
1277382.000000
1278505.000000
1279682.000000
1280804.000000
1281941.000000
1283012.000000
1284021.000000
1285083.000000
1286293.000000
1287488.000000
1288663.000000
1289864.000000
1291029.000000
1292183.000000
1293362.000000
1294513.000000
1295579.000000
1296676.000000
1297766.000000
1298853.000000
1299822.000000
1300806.000000
1301891.000000
1302998.000000
1304142.000000
1305282.000000
1306360.000000
1307513.000000
1308646.000000
1309689.000000
1310728.000000
1311799.000000
1312868.000000
1313943.000000
1315132.000000
1316368.000000
1317565.000000
1318660.000000
1319768.000000
1320815.000000
1321876.000000
1323061.000000
1324197.000000
1325292.000000
1326385.000000
1327430.000000
1328473.000000
1329535.000000
1330618.000000
1331649.000000
1332755.000000
1333848.000000
1334895.000000
1335899.000000
1336994.000000
1338171.000000
1339352.000000
1340516.000000
1341652.000000
1342750.000000
1343779.000000
1344831.000000
1345958.000000
1347111.000000
1348269.000000
1349477.000000
1350662.000000
1351815.000000
1352987.000000
1354133.000000
1355259.000000
1356405.000000
1357550.000000
1358628.000000
1359721.000000
1360829.000000
1361885.000000
1363071.000000
1364324.000000
1365495.000000
1366587.000000
1367734.000000
1368859.000000
1369937.000000
1371011.000000
1372116.000000
1373165.000000
1374199.000000
1375332.000000
1376501.000000
1377678.000000
1378913.000000
1380093.000000
1381220.000000
1382329.000000
1383397.000000
1384427.000000
1385515.000000
1386667.000000
1387842.000000
1389003.000000
1390173.000000
1391295.000000
1392403.000000
1393563.000000
1394789.000000
1395975.000000
1397172.000000
1398362.000000
1399523.000000
1400773.000000
1401986.000000
1403174.000000
1404286.000000
1405472.000000
1406725.000000
1407979.000000
1409184.000000
1410417.000000
1411623.000000
1412724.000000
1413735.000000
1414757.000000
1415971.000000
1417123.000000
1418417.000000
1419693.000000
1420858.000000
1421947.000000
1423043.000000
1424134.000000
1425169.000000
1426253.000000
1427455.000000
1428655.000000
1429813.000000
1431036.000000
1432190.000000
1433271.000000
1434368.000000
1435446.000000
1436482.000000
1437595.000000
1438788.000000
1439927.000000
1441024.000000
1442165.000000
1443296.000000
1444379.000000
1445438.000000
1446495.000000
1447484.000000
1448499.000000
1449620.000000
1450926.000000
1452224.000000
1453536.000000
1454777.000000
1455885.000000
1456980.000000
1458047.000000
1459093.000000
1460156.000000
1461355.000000
1462591.000000
1463775.000000
1464971.000000
1466114.000000
1467231.000000
1468439.000000
1469645.000000
1470827.000000
1472053.000000
1473291.000000
1474481.000000
1475652.000000
1476802.000000
1477899.000000
1479099.000000
1480277.000000
1481381.000000
1482543.000000
1483694.000000
1484744.000000
1485698.000000
1486558.000000
1487392.000000
1488268.000000
1489145.000000
1490040.000000
1491010.000000
1492040.000000
1492987.000000
1493880.000000
1494806.000000
1495733.000000
1496642.000000
1497530.000000
1498498.000000
1499626.000000
1500680.000000
1501818.000000
1502905.000000
1503878.000000
1504914.000000
1505959.000000
1507026.000000
1508110.000000
1509251.000000
1510406.000000
1511493.000000
1512602.000000
1513728.000000
1514812.000000
1515795.000000
1516747.000000
1517751.000000
1518803.000000
1519883.000000
1521057.000000
1522205.000000
1523278.000000
1524320.000000
1525416.000000
1526484.000000
1527464.000000
1528444.000000
1529481.000000
1530493.000000
1531435.000000
1532408.000000
1533290.000000
1534142.000000
1535043.000000
1535952.000000
1536827.000000
1537695.000000
1538518.000000
1539316.000000
1540124.000000
1540948.000000
1541801.000000
1542749.000000
1543754.000000
1544760.000000
1545820.000000
1546930.000000
1547988.000000
1549007.000000
1550026.000000
1551025.000000
1551958.000000
1552917.000000
1553917.000000
1554916.000000
1555953.000000
1557034.000000
1558094.000000
1559191.000000
1560257.000000
1561231.000000
1562181.000000
1563362.000000
1564622.000000
1565851.000000
1567084.000000
1568180.000000
1569257.000000
1570217.000000
1571066.000000
1571877.000000
1572703.000000
1573593.000000
1574845.000000
1576014.000000
1577205.000000
1578336.000000
1579406.000000
1580500.000000
1581588.000000
1582597.000000
1583643.000000
1584731.000000
1585794.000000
1586923.000000
1588037.000000
1589099.000000
1590161.000000
1591278.000000
1592354.000000
1593466.000000
1594602.000000
1595671.000000
1596717.000000
1597779.000000
1598817.000000
1599840.000000
1600948.000000
1602088.000000
1603151.000000
1604222.000000
1605322.000000
1606483.000000
1607604.000000
1608776.000000
1609975.000000
1611191.000000
1612345.000000
1613497.000000
1614627.000000
1615702.000000
1616816.000000
1617873.000000
1618838.000000
1619833.000000
1620906.000000
1621971.000000
1623137.000000
1624312.000000
1625417.000000
1626559.000000
1627653.000000
1628746.000000
1629845.000000
1630875.000000
1631881.000000
1632893.000000
1633902.000000
1634853.000000
1635869.000000
1637002.000000
1638168.000000
1639389.000000
1640554.000000
1641689.000000
1642814.000000
1643887.000000
1644958.000000
1645977.000000
1646972.000000
1648036.000000
1649159.000000
1650272.000000
1651417.000000
1652581.000000
1653669.000000
1654789.000000
1655909.000000
1657022.000000
1658163.000000
1659326.000000
1660487.000000
1661598.000000
1662651.000000
1663691.000000
1664710.000000
1665740.000000
1666926.000000
1668092.000000
1669237.000000
1670393.000000
1671521.000000
1672564.000000
1673584.000000
1674626.000000
1675655.000000
1676703.000000
1677853.000000
1679021.000000
1680088.000000
1681162.000000
1682289.000000
1683440.000000
1684558.000000
1685694.000000
1686798.000000
1687862.000000
1688924.000000
1689988.000000
1691037.000000
1692077.000000
1693194.000000
1694383.000000
1695577.000000
1696668.000000
1697743.000000
1698779.000000
1699770.000000
1700747.000000
1701876.000000
1703023.000000
1704068.000000
1705191.000000
1706275.000000
1707269.000000
1708253.000000
1709240.000000
1710183.000000
1711160.000000
1712175.000000
1713248.000000
1714269.000000
1715303.000000
1716318.000000
1717277.000000
1718269.000000
1719265.000000
1720283.000000
1721323.000000
1722430.000000
1723542.000000
1724604.000000
1725672.000000
1726696.000000
1727629.000000
1728563.000000
1729498.000000
1730419.000000
1731358.000000
1732379.000000
1733461.000000
1734534.000000
1735574.000000
1736580.000000
1737554.000000
1738495.000000
1739445.000000
1740401.000000
1741347.000000
1742313.000000
1743379.000000
1744483.000000
1745551.000000
1746502.000000
1747375.000000
1748190.000000
1748994.000000
1749843.000000
1750736.000000
1751822.000000
1752976.000000
1754103.000000
1755295.000000
1756405.000000
1757505.000000
1758600.000000
1759630.000000
1760651.000000
1761702.000000
1762755.000000
1763772.000000
1764782.000000
1765825.000000
1766916.000000
1767955.000000
1769024.000000
1770081.000000
1771067.000000
1772113.000000
1773299.000000
1774430.000000
1775557.000000
1776685.000000
1777760.000000
1778771.000000
1779768.000000
1780824.000000
1781844.000000
1782924.000000
1784032.000000
1785143.000000
1786221.000000
1787307.000000
1788434.000000
1789526.000000
1790610.000000
1791698.000000
1792760.000000
1793737.000000
1794726.000000
1795767.000000
1796810.000000
1797824.000000
1798926.000000
1800102.000000
