Peaks (s)
957.000000
1855.000000
2739.000000
3607.000000
4409.000000
5209.000000
6062.000000
7062.000000
8053.000000
8990.000000
9857.000000
10757.000000
11673.000000
12596.000000
13481.000000
14306.000000
15144.000000
16089.000000
17100.000000
18071.000000
19021.000000
19905.000000
20783.000000
21724.000000
22710.000000
23683.000000
24564.000000
25479.000000
26434.000000
27414.000000
28314.000000
29262.000000
30269.000000
31261.000000
32142.000000
33004.000000
33940.000000
34908.000000
35895.000000
36815.000000
37744.000000
38765.000000
39784.000000
40690.000000
41597.000000
42499.000000
43386.000000
44277.000000
45132.000000
45977.000000
46886.000000
47822.000000
48775.000000
49696.000000
50555.000000
51419.000000
52378.000000
53363.000000
54293.000000
55180.000000
56120.000000
57126.000000
58067.000000
58954.000000
59874.000000
60829.000000
61740.000000
62657.000000
63660.000000
64642.000000
65560.000000
66555.000000
67515.000000
68450.000000
69318.000000
70227.000000
71193.000000
72127.000000
73022.000000
73960.000000
74909.000000
75807.000000
76651.000000
77554.000000
78568.000000
79531.000000
80476.000000
81448.000000
82428.000000
83331.000000
84202.000000
85113.000000
86045.000000
86983.000000
87898.000000
88838.000000
89851.000000
90853.000000
91752.000000
92585.000000
93421.000000
94299.000000
95198.000000
96079.000000
96959.000000
97853.000000
98782.000000
99692.000000
100549.000000
101418.000000
102318.000000
103236.000000
104131.000000
105077.000000
106068.000000
107036.000000
107938.000000
108864.000000
109811.000000
110768.000000
111645.000000
112531.000000
113446.000000
114372.000000
115269.000000
116136.000000
117053.000000
117970.000000
118904.000000
119762.000000
120600.000000
121464.000000
122404.000000
123361.000000
124271.000000
125146.000000
126020.000000
126941.000000
127873.000000
128767.000000
129614.000000
130467.000000
131405.000000
132350.000000
133340.000000
134288.000000
135186.000000
136097.000000
137082.000000
138069.000000
138982.000000
139853.000000
140718.000000
141641.000000
142581.000000
143509.000000
144367.000000
145195.000000
146050.000000
146972.000000
147929.000000
148864.000000
149732.000000
150588.000000
151451.000000
152344.000000
153194.000000
154029.000000
154900.000000
155860.000000
156811.000000
157720.000000
158617.000000
159537.000000
160477.000000
161377.000000
162233.000000
163134.000000
164044.000000
164950.000000
165822.000000
166681.000000
167548.000000
168484.000000
169487.000000
170439.000000
171318.000000
172187.000000
173123.000000
174093.000000
175045.000000
175927.000000
176761.000000
177680.000000
178631.000000
179597.000000
180512.000000
181447.000000
182437.000000
183413.000000
184316.000000
185180.000000
186072.000000
186984.000000
187935.000000
188836.000000
189683.000000
190587.000000
191552.000000
192532.000000
193466.000000
194351.000000
195200.000000
196064.000000
197023.000000
198006.000000
198978.000000
199883.000000
200737.000000
201593.000000
202512.000000
203468.000000
204404.000000
205273.000000
206115.000000
207017.000000
207988.000000
208982.000000
209944.000000
210825.000000
211642.000000
212477.000000
213367.000000
214297.000000
215277.000000
216201.000000
217094.000000
218046.000000
219021.000000
219983.000000
220883.000000
221767.000000
222655.000000
223562.000000
224409.000000
225254.000000
226159.000000
227105.000000
228001.000000
228878.000000
229802.000000
230763.000000
231694.000000
232568.000000
233470.000000
234420.000000
235372.000000
236272.000000
237118.000000
237932.000000
238751.000000
239738.000000
240703.000000
241652.000000
242584.000000
243442.000000
244276.000000
245145.000000
246073.000000
247039.000000
247998.000000
248881.000000
249772.000000
250665.000000
251586.000000
252499.000000
253371.000000
254233.000000
255119.000000
256048.000000
256944.000000
257816.000000
258703.000000
259564.000000
260395.000000
261259.000000
262178.000000
263121.000000
264014.000000
264851.000000
265714.000000
266631.000000
267541.000000
268381.000000
269247.000000
270154.000000
271070.000000
271962.000000
272835.000000
273739.000000
274666.000000
275551.000000
276395.000000
277316.000000
278283.000000
279230.000000
280148.000000
281106.000000
282130.000000
283096.000000
284000.000000
284946.000000
285919.000000
286871.000000
287776.000000
288715.000000
289693.000000
290600.000000
291415.000000
292259.000000
293175.000000
294186.000000
295114.000000
296044.000000
297026.000000
298007.000000
298914.000000
299760.000000
300647.000000
301539.000000
302395.000000
303229.000000
304109.000000
305017.000000
305941.000000
306802.000000
307662.000000
308578.000000
309531.000000
310436.000000
311389.000000
312386.000000
313368.000000
314256.000000
315080.000000
315869.000000
316679.000000
317697.000000
318696.000000
319653.000000
320587.000000
321448.000000
322267.000000
323099.000000
323994.000000
324912.000000
325855.000000
326746.000000
327594.000000
328445.000000
329259.000000
329996.000000
330712.000000
331442.000000
332210.000000
332972.000000
333789.000000
334642.000000
335512.000000
336381.000000
337256.000000
338103.000000
338897.000000
339714.000000
340584.000000
341507.000000
342385.000000
343231.000000
344110.000000
345098.000000
346099.000000
347047.000000
347978.000000
348975.000000
349986.000000
350906.000000
351754.000000
352678.000000
353649.000000
354608.000000
355471.000000
356338.000000
357270.000000
358261.000000
359207.000000
360074.000000
360967.000000
361954.000000
362984.000000
363926.000000
364819.000000
365719.000000
366695.000000
367655.000000
368574.000000
369550.000000
370537.000000
371459.000000
372315.000000
373243.000000
374198.000000
375110.000000
375970.000000
376854.000000
377805.000000
378757.000000
379660.000000
380544.000000
381497.000000
382452.000000
383355.000000
384236.000000
385173.000000
386104.000000
387000.000000
387813.000000
388600.000000
389484.000000
390403.000000
391309.000000
392124.000000
392898.000000
393643.000000
394443.000000
395290.000000
396112.000000
396972.000000
397891.000000
398830.000000
399714.000000
400550.000000
401403.000000
402306.000000
403200.000000
404045.000000
404882.000000
405766.000000
406697.000000
407595.000000
408492.000000
409402.000000
410303.000000
411139.000000
411962.000000
412863.000000
413910.000000
414845.000000
415799.000000
416784.000000
417722.000000
418585.000000
419470.000000
420393.000000
421237.000000
422063.000000
422918.000000
423866.000000
424772.000000
425608.000000
426479.000000
427426.000000
428368.000000
429243.000000
430122.000000
431031.000000
431955.000000
432860.000000
433736.000000
434699.000000
435710.000000
436692.000000
437599.000000
438466.000000
439372.000000
440330.000000
441311.000000
442242.000000
443117.000000
444040.000000
444993.000000
445995.000000
446956.000000
447965.000000
448970.000000
449949.000000
450888.000000
451852.000000
452818.000000
453763.000000
454664.000000
455600.000000
456582.000000
457499.000000
458351.000000
459253.000000
460239.000000
461168.000000
462048.000000
462949.000000
463874.000000
464726.000000
465573.000000
466482.000000
467439.000000
468330.000000
469140.000000
469914.000000
470720.000000
471823.000000
472808.000000
473786.000000
474743.000000
475685.000000
476552.000000
477448.000000
478376.000000
479337.000000
480237.000000
481102.000000
481999.000000
482935.000000
483896.000000
484826.000000
485690.000000
486572.000000
487486.000000
488426.000000
489371.000000
490228.000000
491062.000000
491960.000000
492942.000000
493868.000000
494693.000000
495531.000000
496455.000000
497417.000000
498400.000000
499329.000000
500212.000000
501039.000000
501837.000000
502675.000000
503641.000000
504877.000000
505977.000000
507016.000000
508023.000000
508977.000000
509826.000000
510598.000000
511333.000000
512041.000000
512721.000000
513376.000000
514023.000000
514745.000000
515701.000000
516615.000000
517528.000000
518438.000000
519328.000000
520212.000000
521081.000000
521921.000000
522753.000000
523610.000000
524479.000000
525363.000000
526208.000000
527115.000000
528049.000000
528988.000000
529904.000000
530812.000000
531680.000000
532506.000000
533320.000000
534190.000000
535128.000000
536017.000000
536871.000000
537799.000000
538797.000000
539721.000000
540552.000000
541411.000000
542300.000000
543151.000000
543968.000000
544823.000000
545744.000000
546656.000000
547515.000000
548411.000000
549312.000000
550168.000000
550997.000000
551854.000000
552752.000000
553610.000000
554447.000000
555307.000000
556158.000000
556957.000000
557759.000000
558582.000000
559442.000000
560272.000000
561106.000000
561962.000000
562823.000000
563656.000000
564485.000000
565336.000000
566192.000000
567013.000000
567818.000000
568652.000000
569512.000000
570320.000000
571133.000000
571978.000000
572844.000000
573663.000000
574486.000000
575327.000000
576176.000000
576977.000000
577790.000000
578635.000000
579502.000000
580350.000000
581183.000000
582041.000000
582949.000000
583824.000000
584643.000000
585470.000000
586353.000000
587253.000000
588103.000000
588956.000000
589838.000000
590752.000000
591600.000000
592443.000000
593324.000000
594220.000000
595090.000000
595945.000000
596877.000000
597847.000000
598729.000000
599548.000000
600393.000000
601262.000000
602143.000000
603031.000000
603881.000000
604733.000000
605672.000000
606631.000000
607556.000000
608427.000000
609297.000000
610199.000000
611140.000000
612133.000000
613045.000000
613885.000000
614704.000000
615605.000000
616583.000000
617576.000000
618504.000000
619414.000000
620347.000000
621315.000000
622239.000000
623164.000000
624112.000000
625094.000000
626033.000000
626994.000000
627973.000000
628968.000000
629889.000000
630793.000000
631698.000000
632675.000000
633662.000000
634611.000000
635606.000000
636636.000000
637626.000000
638561.000000
639534.000000
640528.000000
641483.000000
642378.000000
643336.000000
644365.000000
645344.000000
646260.000000
647229.000000
648264.000000
649259.000000
650232.000000
651251.000000
652247.000000
653155.000000
654046.000000
654994.000000
655996.000000
656993.000000
657915.000000
658816.000000
659766.000000
660753.000000
661691.000000
662617.000000
663592.000000
664577.000000
665496.000000
666440.000000
667387.000000
668319.000000
669202.000000
670099.000000
671056.000000
672014.000000
672906.000000
673805.000000
674747.000000
675697.000000
676628.000000
677489.000000
678368.000000
679295.000000
680243.000000
681153.000000
682043.000000
682940.000000
683857.000000
684755.000000
685664.000000
686611.000000
687581.000000
688573.000000
689514.000000
690437.000000
691377.000000
692347.000000
693275.000000
694154.000000
695062.000000
696011.000000
696988.000000
697897.000000
698713.000000
699495.000000
700344.000000
701389.000000
702395.000000
703385.000000
704344.000000
705282.000000
706207.000000
707123.000000
708032.000000
708965.000000
709907.000000
710871.000000
711782.000000
712657.000000
713529.000000
714387.000000
715212.000000
716067.000000
716968.000000
717904.000000
718781.000000
719574.000000
720333.000000
721080.000000
721837.000000
722669.000000
723561.000000
724459.000000
725355.000000
726228.000000
727119.000000
728021.000000
728951.000000
729851.000000
730676.000000
731483.000000
732358.000000
733303.000000
734234.000000
735178.000000
736106.000000
736985.000000
737811.000000
738641.000000
739519.000000
740438.000000
741374.000000
742267.000000
743159.000000
744072.000000
744998.000000
745870.000000
746745.000000
747651.000000
748583.000000
749520.000000
750396.000000
751332.000000
752291.000000
753242.000000
754158.000000
755078.000000
756027.000000
756997.000000
757862.000000
758690.000000
759583.000000
760572.000000
761535.000000
762426.000000
763339.000000
764314.000000
765360.000000
766364.000000
767348.000000
768365.000000
769406.000000
770405.000000
771327.000000
772315.000000
773355.000000
774372.000000
775331.000000
776307.000000
777311.000000
778283.000000
779119.000000
779951.000000
780844.000000
781874.000000
782867.000000
783751.000000
784708.000000
785727.000000
786768.000000
787735.000000
788593.000000
789434.000000
790365.000000
791360.000000
792323.000000
793202.000000
794086.000000
795031.000000
796027.000000
796991.000000
797967.000000
798969.000000
799968.000000
800888.000000
801740.000000
802534.000000
803296.000000
804060.000000
804928.000000
806122.000000
807181.000000
808223.000000
809279.000000
810280.000000
811253.000000
812209.000000
813137.000000
814053.000000
814957.000000
815861.000000
816790.000000
817732.000000
818669.000000
819534.000000
820387.000000
821264.000000
822192.000000
823099.000000
823987.000000
824892.000000
825903.000000
826900.000000
827775.000000
828641.000000
829586.000000
830543.000000
831414.000000
832288.000000
833228.000000
834142.000000
835002.000000
835912.000000
836856.000000
837754.000000
838606.000000
839486.000000
840376.000000
841251.000000
842113.000000
843007.000000
843939.000000
844806.000000
845667.000000
846559.000000
847464.000000
848350.000000
849172.000000
850003.000000
850840.000000
851720.000000
852588.000000
853442.000000
854330.000000
855240.000000
856129.000000
857003.000000
857907.000000
858806.000000
859620.000000
860421.000000
861286.000000
862226.000000
863162.000000
864040.000000
864930.000000
865855.000000
866779.000000
867671.000000
868605.000000
869578.000000
870555.000000
871444.000000
872297.000000
873233.000000
874258.000000
875263.000000
876190.000000
877126.000000
878092.000000
879080.000000
879974.000000
880833.000000
881735.000000
882695.000000
883652.000000
884556.000000
885446.000000
886427.000000
887464.000000
888447.000000
889379.000000
890320.000000
891231.000000
892083.000000
892913.000000
893823.000000
894853.000000
895881.000000
896790.000000
897635.000000
898451.000000
899219.000000
899996.000000
901144.000000
