Peaks (s)
1016.000000
1775.000000
2574.000000
3356.000000
4142.000000
4915.000000
5685.000000
6492.000000
7311.000000
8150.000000
8977.000000
9795.000000
10599.000000
11367.000000
12117.000000
12865.000000
13598.000000
14331.000000
15084.000000
15889.000000
16730.000000
17555.000000
18400.000000
19195.000000
19947.000000
20704.000000
21441.000000
22163.000000
22892.000000
23626.000000
24380.000000
25133.000000
25937.000000
26758.000000
27581.000000
28366.000000
29115.000000
29866.000000
30597.000000
31317.000000
32032.000000
32758.000000
33498.000000
34267.000000
35114.000000
35956.000000
36778.000000
37559.000000
38322.000000
39080.000000
39843.000000
40603.000000
41357.000000
42095.000000
42836.000000
43587.000000
44395.000000
45224.000000
46034.000000
46827.000000
47603.000000
48351.000000
49079.000000
49803.000000
50522.000000
51239.000000
51967.000000
52725.000000
53509.000000
54306.000000
55084.000000
55847.000000
56595.000000
57326.000000
58039.000000
58746.000000
59442.000000
60137.000000
60855.000000
61615.000000
62383.000000
63164.000000
63932.000000
64687.000000
65423.000000
66124.000000
66822.000000
67510.000000
68222.000000
68955.000000
69706.000000
70459.000000
71195.000000
71914.000000
72611.000000
73307.000000
73989.000000
74687.000000
75378.000000
76083.000000
76809.000000
77569.000000
78327.000000
79078.000000
79815.000000
80535.000000
81253.000000
81956.000000
82646.000000
83336.000000
84023.000000
84711.000000
85417.000000
86152.000000
86901.000000
87648.000000
88376.000000
89090.000000
89791.000000
90482.000000
91160.000000
91849.000000
92534.000000
93226.000000
93938.000000
94661.000000
95406.000000
96141.000000
96862.000000
97566.000000
98265.000000
98951.000000
99627.000000
100277.000000
100940.000000
101595.000000
102288.000000
102988.000000
103687.000000
104393.000000
105101.000000
105824.000000
106579.000000
107333.000000
108083.000000
108819.000000
109530.000000
110219.000000
110908.000000
111595.000000
112278.000000
112964.000000
113669.000000
114397.000000
115143.000000
115911.000000
116667.000000
117414.000000
118145.000000
118846.000000
119545.000000
120246.000000
120944.000000
121676.000000
122430.000000
123190.000000
123931.000000
124658.000000
125370.000000
126078.000000
126772.000000
127475.000000
128174.000000
128894.000000
129628.000000
130359.000000
131090.000000
131812.000000
132528.000000
133229.000000
133928.000000
134613.000000
135311.000000
136036.000000
136766.000000
137513.000000
138244.000000
138970.000000
139690.000000
140413.000000
141125.000000
141830.000000
142528.000000
143239.000000
143994.000000
144751.000000
145505.000000
146233.000000
146942.000000
147640.000000
148342.000000
149048.000000
149763.000000
150507.000000
151257.000000
152031.000000
152826.000000
153630.000000
154428.000000
155216.000000
155982.000000
156723.000000
157443.000000
158163.000000
158884.000000
159622.000000
160375.000000
161156.000000
161944.000000
162733.000000
163493.000000
164226.000000
164951.000000
165663.000000
166367.000000
167062.000000
167768.000000
168479.000000
169215.000000
169988.000000
170758.000000
171529.000000
172293.000000
173038.000000
173773.000000
174486.000000
175198.000000
175918.000000
176638.000000
177357.000000
178109.000000
178867.000000
179627.000000
180380.000000
181129.000000
181873.000000
182605.000000
183331.000000
184045.000000
184756.000000
185471.000000
186193.000000
186966.000000
187752.000000
188535.000000
189312.000000
190083.000000
190828.000000
191553.000000
192268.000000
192978.000000
193462.000000
194405.000000
195079.000000
195765.000000
196469.000000
197195.000000
197934.000000
198676.000000
199408.000000
200140.000000
200850.000000
201576.000000
202298.000000
203025.000000
203761.000000
204516.000000
205257.000000
205993.000000
206715.000000
207426.000000
208138.000000
208846.000000
209543.000000
210223.000000
210901.000000
211616.000000
212349.000000
213086.000000
213829.000000
214563.000000
215284.000000
215997.000000
216706.000000
217410.000000
218120.000000
218839.000000
219578.000000
220340.000000
221113.000000
221873.000000
222624.000000
223351.000000
224072.000000
224795.000000
225515.000000
226233.000000
226954.000000
227669.000000
228396.000000
229175.000000
229983.000000
230778.000000
231557.000000
232323.000000
233065.000000
233791.000000
234518.000000
235237.000000
235966.000000
236733.000000
237527.000000
238320.000000
239087.000000
239852.000000
240593.000000
241328.000000
242052.000000
242775.000000
243497.000000
244222.000000
244967.000000
245737.000000
246525.000000
247291.000000
248044.000000
248779.000000
249510.000000
250237.000000
250977.000000
251695.000000
252426.000000
253172.000000
253935.000000
254698.000000
255471.000000
256249.000000
257019.000000
257785.000000
258560.000000
259307.000000
260056.000000
260817.000000
261595.000000
262395.000000
263203.000000
263989.000000
264778.000000
265534.000000
266280.000000
267015.000000
267733.000000
268443.000000
269153.000000
269868.000000
270626.000000
271407.000000
272210.000000
272985.000000
273761.000000
274520.000000
275254.000000
275970.000000
276686.000000
277398.000000
278108.000000
278836.000000
279597.000000
280360.000000
281132.000000
281885.000000
282622.000000
283344.000000
284054.000000
284769.000000
285487.000000
286191.000000
286907.000000
287647.000000
288406.000000
289177.000000
289937.000000
290674.000000
291401.000000
292109.000000
292817.000000
293530.000000
294255.000000
295006.000000
295756.000000
296499.000000
297235.000000
297972.000000
298690.000000
299399.000000
300120.000000
300848.000000
301600.000000
302332.000000
303062.000000
303783.000000
304508.000000
305209.000000
305908.000000
306585.000000
307268.000000
307940.000000
308622.000000
309325.000000
310036.000000
310767.000000
311499.000000
312235.000000
312946.000000
313644.000000
314356.000000
315066.000000
315777.000000
316481.000000
317187.000000
317908.000000
318637.000000
319412.000000
320172.000000
320903.000000
321586.000000
322242.000000
322892.000000
323571.000000
324262.000000
324951.000000
325656.000000
326388.000000
327129.000000
327884.000000
328626.000000
329363.000000
330085.000000
330799.000000
331524.000000
332278.000000
333032.000000
333789.000000
334545.000000
335288.000000
336048.000000
336786.000000
337529.000000
338261.000000
339022.000000
339790.000000
340558.000000
341324.000000
342103.000000
342863.000000
343615.000000
344358.000000
345104.000000
345855.000000
346603.000000
347342.000000
348085.000000
348819.000000
349558.000000
350322.000000
351111.000000
351895.000000
352666.000000
353434.000000
354170.000000
354896.000000
355609.000000
356334.000000
357094.000000
357845.000000
358613.000000
359380.000000
360141.000000
360889.000000
361628.000000
362352.000000
363100.000000
363868.000000
364638.000000
365401.000000
366159.000000
366917.000000
367649.000000
368366.000000
369100.000000
369826.000000
370575.000000
371324.000000
372086.000000
372841.000000
373568.000000
374298.000000
375031.000000
375782.000000
376540.000000
377316.000000
378103.000000
378888.000000
379653.000000
380398.000000
381145.000000
381889.000000
382638.000000
383383.000000
384127.000000
384907.000000
385729.000000
386558.000000
387360.000000
388134.000000
388887.000000
389620.000000
390342.000000
391067.000000
391786.000000
392510.000000
393267.000000
394055.000000
394871.000000
395679.000000
396450.000000
397198.000000
397930.000000
398652.000000
399370.000000
400087.000000
400799.000000
401531.000000
402287.000000
403040.000000
403804.000000
404575.000000
405309.000000
406039.000000
406755.000000
407468.000000
408190.000000
408930.000000
409681.000000
410423.000000
411169.000000
411911.000000
412633.000000
413346.000000
414046.000000
414758.000000
415477.000000
416227.000000
417005.000000
417792.000000
418566.000000
419304.000000
420021.000000
420723.000000
421416.000000
422124.000000
422842.000000
423575.000000
424311.000000
425060.000000
425804.000000
426532.000000
427252.000000
427964.000000
428663.000000
429380.000000
430117.000000
430869.000000
431651.000000
432424.000000
433193.000000
433948.000000
434696.000000
435440.000000
436181.000000
436924.000000
437658.000000
438411.000000
439206.000000
440020.000000
440836.000000
441635.000000
442395.000000
443123.000000
443849.000000
444570.000000
445293.000000
446029.000000
446764.000000
447512.000000
448294.000000
449089.000000
449872.000000
450643.000000
451394.000000
452140.000000
452879.000000
453601.000000
454317.000000
455035.000000
455764.000000
456513.000000
457268.000000
458029.000000
458767.000000
459490.000000
460210.000000
460918.000000
461612.000000
462305.000000
462997.000000
463697.000000
464415.000000
465141.000000
465877.000000
466611.000000
467341.000000
468055.000000
468768.000000
469476.000000
470176.000000
470882.000000
471604.000000
472328.000000
473067.000000
473806.000000
474527.000000
475238.000000
475940.000000
476623.000000
477312.000000
478023.000000
478745.000000
479470.000000
480196.000000
480907.000000
481602.000000
482279.000000
482965.000000
483670.000000
484387.000000
485115.000000
485849.000000
486580.000000
487308.000000
488041.000000
488760.000000
489463.000000
490166.000000
490880.000000
491617.000000
492360.000000
493129.000000
493880.000000
494623.000000
495351.000000
496066.000000
496773.000000
497511.000000
498259.000000
499027.000000
499523.000000
500530.000000
501228.000000
501924.000000
502612.000000
503301.000000
504005.000000
504725.000000
505465.000000
506219.000000
506978.000000
507737.000000
508485.000000
509206.000000
509915.000000
510619.000000
511323.000000
512034.000000
512769.000000
513513.000000
514257.000000
514985.000000
515710.000000
516422.000000
517128.000000
517834.000000
518541.000000
519263.000000
520011.000000
520757.000000
521502.000000
522243.000000
522990.000000
523738.000000
524462.000000
525174.000000
525886.000000
526615.000000
527356.000000
528094.000000
528849.000000
529622.000000
530371.000000
531109.000000
531840.000000
532583.000000
533333.000000
534077.000000
534827.000000
535566.000000
536303.000000
537032.000000
537782.000000
538562.000000
539348.000000
540127.000000
540915.000000
541648.000000
542369.000000
543085.000000
543809.000000
544528.000000
545275.000000
546032.000000
546797.000000
547561.000000
548299.000000
549032.000000
549753.000000
550483.000000
551212.000000
551939.000000
552705.000000
553499.000000
554301.000000
555103.000000
555858.000000
556589.000000
557306.000000
558023.000000
558729.000000
559426.000000
560135.000000
560863.000000
561602.000000
562373.000000
563149.000000
563930.000000
564684.000000
565432.000000
566171.000000
566902.000000
567633.000000
568384.000000
569150.000000
569918.000000
570687.000000
571429.000000
572157.000000
572879.000000
573603.000000
574324.000000
575059.000000
575835.000000
576629.000000
577453.000000
578260.000000
579022.000000
579754.000000
580486.000000
581221.000000
581961.000000
582721.000000
583491.000000
584266.000000
585033.000000
585779.000000
586499.000000
587205.000000
587919.000000
588663.000000
589421.000000
590218.000000
591001.000000
591778.000000
592542.000000
593284.000000
594007.000000
594738.000000
595451.000000
596136.000000
596805.000000
597486.000000
598190.000000
598898.000000
599591.000000
600310.000000
601036.000000
601751.000000
602451.000000
603140.000000
603824.000000
604494.000000
605165.000000
605862.000000
606581.000000
607317.000000
608059.000000
608795.000000
609518.000000
610232.000000
610940.000000
611640.000000
612346.000000
613062.000000
613794.000000
614553.000000
615315.000000
616076.000000
616829.000000
617560.000000
618272.000000
618972.000000
619675.000000
620374.000000
621092.000000
621824.000000
622568.000000
623288.000000
623995.000000
624681.000000
625333.000000
625992.000000
626661.000000
627335.000000
628028.000000
628738.000000
629467.000000
630199.000000
630908.000000
631626.000000
632336.000000
633042.000000
633761.000000
634512.000000
635264.000000
636016.000000
636763.000000
637492.000000
638208.000000
638932.000000
639678.000000
640437.000000
641203.000000
641974.000000
642731.000000
643474.000000
644200.000000
644919.000000
645645.000000
646389.000000
647148.000000
647911.000000
648650.000000
649373.000000
650084.000000
650803.000000
651536.000000
652284.000000
653040.000000
653786.000000
654519.000000
655240.000000
655946.000000
656641.000000
657354.000000
658073.000000
658810.000000
659544.000000
660255.000000
660950.000000
661644.000000
662337.000000
663044.000000
663772.000000
664501.000000
665234.000000
665943.000000
666652.000000
667364.000000
668085.000000
668810.000000
669531.000000
670255.000000
670954.000000
671650.000000
672341.000000
673043.000000
673765.000000
674515.000000
675265.000000
676008.000000
676739.000000
677463.000000
678188.000000
678931.000000
679681.000000
680441.000000
681185.000000
681915.000000
682629.000000
683349.000000
684091.000000
684844.000000
685602.000000
686351.000000
687086.000000
687807.000000
688532.000000
689266.000000
689992.000000
690718.000000
691441.000000
692163.000000
692888.000000
693650.000000
694427.000000
695183.000000
695918.000000
696655.000000
697386.000000
698142.000000
698892.000000
699624.000000
700350.000000
701057.000000
701791.000000
702528.000000
703256.000000
703995.000000
704724.000000
705436.000000
706161.000000
706894.000000
707640.000000
708380.000000
709108.000000
709828.000000
710548.000000
711276.000000
711998.000000
712720.000000
713447.000000
714162.000000
714884.000000
715647.000000
716383.000000
717102.000000
717806.000000
718488.000000
719185.000000
719887.000000
720621.000000
721381.000000
722118.000000
722843.000000
723555.000000
724257.000000
724963.000000
725678.000000
726408.000000
727140.000000
727906.000000
728715.000000
729520.000000
730309.000000
731082.000000
731821.000000
732554.000000
733299.000000
734056.000000
734812.000000
735583.000000
736380.000000
737153.000000
737905.000000
738642.000000
739361.000000
740071.000000
740791.000000
741506.000000
742223.000000
742970.000000
743720.000000
744470.000000
745200.000000
745926.000000
746634.000000
747318.000000
747981.000000
748634.000000
749313.000000
749996.000000
750680.000000
751391.000000
752151.000000
752907.000000
753644.000000
754375.000000
755096.000000
755807.000000
756523.000000
757238.000000
757980.000000
758709.000000
759469.000000
760264.000000
761088.000000
761917.000000
762754.000000
763576.000000
764345.000000
765107.000000
765851.000000
766615.000000
767393.000000
768171.000000
768946.000000
769706.000000
770446.000000
771187.000000
771915.000000
772666.000000
773433.000000
774198.000000
774971.000000
775719.000000
776462.000000
777184.000000
777904.000000
778631.000000
779380.000000
780137.000000
780879.000000
781629.000000
782363.000000
783104.000000
783847.000000
784584.000000
785309.000000
786032.000000
786749.000000
787479.000000
788205.000000
788935.000000
789659.000000
790376.000000
791091.000000
791812.000000
792548.000000
793326.000000
794122.000000
794886.000000
795617.000000
796332.000000
797031.000000
797721.000000
798426.000000
799140.000000
799867.000000
800591.000000
801309.000000
802010.000000
802712.000000
803440.000000
804164.000000
804900.000000
805639.000000
806367.000000
807067.000000
807762.000000
808462.000000
809166.000000
809885.000000
810598.000000
811289.000000
811982.000000
812685.000000
813403.000000
814148.000000
814898.000000
815632.000000
816355.000000
817061.000000
817769.000000
818498.000000
819241.000000
819992.000000
820735.000000
821472.000000
822191.000000
822906.000000
823626.000000
824359.000000
825108.000000
825854.000000
826583.000000
827307.000000
828019.000000
828728.000000
829437.000000
830147.000000
830870.000000
831613.000000
832367.000000
833115.000000
833841.000000
834555.000000
835263.000000
835958.000000
836672.000000
837400.000000
838135.000000
838865.000000
839592.000000
840301.000000
841007.000000
841724.000000
842449.000000
843185.000000
843915.000000
844626.000000
845331.000000
846033.000000
846742.000000
847460.000000
848205.000000
848940.000000
849666.000000
850376.000000
851063.000000
851759.000000
852463.000000
853173.000000
853903.000000
854646.000000
855378.000000
856087.000000
856800.000000
857525.000000
858246.000000
858979.000000
859715.000000
860435.000000
861140.000000
861843.000000
862551.000000
863249.000000
863983.000000
864742.000000
865517.000000
866264.000000
866991.000000
867715.000000
868423.000000
869127.000000
869852.000000
870587.000000
871323.000000
872065.000000
872781.000000
873492.000000
874197.000000
874908.000000
875631.000000
876377.000000
877138.000000
877906.000000
878661.000000
879403.000000
880139.000000
880873.000000
881603.000000
882339.000000
883074.000000
883822.000000
884553.000000
885275.000000
885982.000000
886692.000000
887413.000000
888140.000000
888861.000000
889572.000000
890282.000000
890974.000000
891677.000000
892391.000000
893117.000000
893844.000000
894572.000000
895278.000000
895977.000000
896680.000000
897392.000000
898117.000000
898869.000000
