Peaks (s)
981.000000
1815.000000
2698.000000
3141.000000
4484.000000
5341.000000
6223.000000
7094.000000
7949.000000
8842.000000
9800.000000
10732.000000
11671.000000
12644.000000
13559.000000
14025.000000
15262.000000
16031.000000
16742.000000
17447.000000
18186.000000
19584.000000
20542.000000
21480.000000
22493.000000
23487.000000
24391.000000
25268.000000
26174.000000
27049.000000
27900.000000
28765.000000
29632.000000
30468.000000
31313.000000
32175.000000
33002.000000
33791.000000
34587.000000
35377.000000
36151.000000
36903.000000
37637.000000
38347.000000
39042.000000
39757.000000
40517.000000
41321.000000
42142.000000
42944.000000
43708.000000
44453.000000
45209.000000
45995.000000
46836.000000
47636.000000
48444.000000
49230.000000
49974.000000
50694.000000
51404.000000
52136.000000
52921.000000
53700.000000
54479.000000
55276.000000
56072.000000
56867.000000
57667.000000
58457.000000
59242.000000
60028.000000
60809.000000
61588.000000
62365.000000
63145.000000
63921.000000
64678.000000
65427.000000
66201.000000
67038.000000
67865.000000
68660.000000
69473.000000
70297.000000
71088.000000
71883.000000
72689.000000
73516.000000
74353.000000
75211.000000
76083.000000
76974.000000
77801.000000
78631.000000
79479.000000
80323.000000
81144.000000
81982.000000
82841.000000
83670.000000
84475.000000
85359.000000
86307.000000
87198.000000
88049.000000
88908.000000
89762.000000
90599.000000
91440.000000
92298.000000
93146.000000
93965.000000
94799.000000
95637.000000
96493.000000
97421.000000
98336.000000
99225.000000
100092.000000
100959.000000
101802.000000
102607.000000
103397.000000
104228.000000
105098.000000
105909.000000
106707.000000
107525.000000
108345.000000
109127.000000
109937.000000
110804.000000
111660.000000
112458.000000
113298.000000
114176.000000
115010.000000
115856.000000
116754.000000
117633.000000
118481.000000
119322.000000
120151.000000
120960.000000
121732.000000
122498.000000
123281.000000
124200.000000
125127.000000
126042.000000
126480.000000
127838.000000
128675.000000
129450.000000
129886.000000
130963.000000
131650.000000
132335.000000
133113.000000
134548.000000
135580.000000
136518.000000
137493.000000
138490.000000
139418.000000
140350.000000
141296.000000
142219.000000
143081.000000
143933.000000
144789.000000
145637.000000
146451.000000
147283.000000
148138.000000
148983.000000
149452.000000
150688.000000
151495.000000
152267.000000
152726.000000
153820.000000
154540.000000
155278.000000
156053.000000
156921.000000
158011.000000
159021.000000
160134.000000
161192.000000
162146.000000
163087.000000
164032.000000
164942.000000
165801.000000
166639.000000
167504.000000
168427.000000
169353.000000
170264.000000
171213.000000
172118.000000
173029.000000
173940.000000
174856.000000
175735.000000
176578.000000
177389.000000
178176.000000
178621.000000
179810.000000
180563.000000
181352.000000
182190.000000
183064.000000
184014.000000
185012.000000
186053.000000
187046.000000
187945.000000
188787.000000
189613.000000
190440.000000
190879.000000
192118.000000
192902.000000
193636.000000
194352.000000
195083.000000
195902.000000
196767.000000
197782.000000
198879.000000
199865.000000
200747.000000
201191.000000
202477.000000
203278.000000
204079.000000
204520.000000
205679.000000
206428.000000
207188.000000
208047.000000
208953.000000
209392.000000
210794.000000
211689.000000
212595.000000
213536.000000
214430.000000
215354.000000
216259.000000
217105.000000
217952.000000
218410.000000
219688.000000
220460.000000
221209.000000
221656.000000
222807.000000
223524.000000
224321.000000
224760.000000
226143.000000
227024.000000
227881.000000
228752.000000
229669.000000
230593.000000
231485.000000
232438.000000
233354.000000
234207.000000
235041.000000
235857.000000
236672.000000
237448.000000
238216.000000
238662.000000
239799.000000
240536.000000
241267.000000
241975.000000
242688.000000
243452.000000
244381.000000
244825.000000
246195.000000
247046.000000
247855.000000
248312.000000
249441.000000
250172.000000
250894.000000
251353.000000
252505.000000
253256.000000
254066.000000
254507.000000
255890.000000
256732.000000
257552.000000
258390.000000
259295.000000
260220.000000
261167.000000
262116.000000
263029.000000
263960.000000
264886.000000
265748.000000
266612.000000
267481.000000
268343.000000
269200.000000
270064.000000
270929.000000
271768.000000
272210.000000
273460.000000
274219.000000
274958.000000
275678.000000
276471.000000
276917.000000
278226.000000
279017.000000
279812.000000
280248.000000
281527.000000
282262.000000
283014.000000
283450.000000
284651.000000
285378.000000
286139.000000
286575.000000
287879.000000
288662.000000
289448.000000
289846.000000
291119.000000
291904.000000
292726.000000
293564.000000
294476.000000
295563.000000
296012.000000
297407.000000
298301.000000
299143.000000
299592.000000
300859.000000
301612.000000
302365.000000
303167.000000
304562.000000
305627.000000
306607.000000
307642.000000
308802.000000
309827.000000
310770.000000
311732.000000
312672.000000
313588.000000
314531.000000
315458.000000
316359.000000
317284.000000
318180.000000
319054.000000
319889.000000
320356.000000
321627.000000
322443.000000
323225.000000
323991.000000
324774.000000
325649.000000
326658.000000
327611.000000
328548.000000
329569.000000
330579.000000
331512.000000
332438.000000
333366.000000
334237.000000
335088.000000
335937.000000
336813.000000
337680.000000
338563.000000
339501.000000
340410.000000
341273.000000
342164.000000
343057.000000
343923.000000
344798.000000
345682.000000
346553.000000
347390.000000
347836.000000
349122.000000
349926.000000
350710.000000
351499.000000
352285.000000
352725.000000
354045.000000
354806.000000
355569.000000
356021.000000
357198.000000
357922.000000
358665.000000
359616.000000
360716.000000
361718.000000
362712.000000
363759.000000
364771.000000
365788.000000
366244.000000
367623.000000
368484.000000
369270.000000
369722.000000
370858.000000
371605.000000
372361.000000
373201.000000
374121.000000
375104.000000
376052.000000
377038.000000
378060.000000
378959.000000
379794.000000
380620.000000
381460.000000
382281.000000
383090.000000
383529.000000
384759.000000
385526.000000
386254.000000
386713.000000
387705.000000
388387.000000
389086.000000
389845.000000
390665.000000
391099.000000
392452.000000
393233.000000
393992.000000
394426.000000
395533.000000
396227.000000
396905.000000
397592.000000
398311.000000
398748.000000
399879.000000
400610.000000
401358.000000
401790.000000
402916.000000
403643.000000
404366.000000
404803.000000
405847.000000
406540.000000
407268.000000
407704.000000
408939.000000
409730.000000
410539.000000
410973.000000
412172.000000
412938.000000
413702.000000
414134.000000
415226.000000
415948.000000
416664.000000
417395.000000
418191.000000
418619.000000
420023.000000
420902.000000
421784.000000
422680.000000
423556.000000
424442.000000
425329.000000
426174.000000
427004.000000
427454.000000
428677.000000
429426.000000
430146.000000
430856.000000
431592.000000
432036.000000
433196.000000
433944.000000
434704.000000
435138.000000
436281.000000
437026.000000
437773.000000
438218.000000
439291.000000
439978.000000
440661.000000
441382.000000
442275.000000
443270.000000
443712.000000
445078.000000
445916.000000
446747.000000
447192.000000
448399.000000
449132.000000
449855.000000
450306.000000
451439.000000
452145.000000
452873.000000
453709.000000
454708.000000
455703.000000
456737.000000
457692.000000
458568.000000
459455.000000
460382.000000
461280.000000
462127.000000
462979.000000
463841.000000
464711.000000
465560.000000
466414.000000
467273.000000
468110.000000
468961.000000
469835.000000
470665.000000
471464.000000
472260.000000
472709.000000
473928.000000
474673.000000
475389.000000
476087.000000
476877.000000
477799.000000
478708.000000
479174.000000
480474.000000
481322.000000
482157.000000
482600.000000
483854.000000
484642.000000
485410.000000
486245.000000
487167.000000
487608.000000
488986.000000
489847.000000
490711.000000
491570.000000
492425.000000
492872.000000
494243.000000
495070.000000
495853.000000
496294.000000
497502.000000
498249.000000
499064.000000
499501.000000
500826.000000
501592.000000
502379.000000
503276.000000
504338.000000
505476.000000
506579.000000
507655.000000
508617.000000
509582.000000
510539.000000
511460.000000
512422.000000
513296.000000
514126.000000
514971.000000
515921.000000
516914.000000
517824.000000
518692.000000
519594.000000
520519.000000
521440.000000
522278.000000
523095.000000
523576.000000
524775.000000
525546.000000
526288.000000
527013.000000
527730.000000
528556.000000
529409.000000
530237.000000
531079.000000
531922.000000
532823.000000
533761.000000
534629.000000
535463.000000
536296.000000
537147.000000
537965.000000
538759.000000
539554.000000
540387.000000
541213.000000
542002.000000
542825.000000
543676.000000
544534.000000
545333.000000
546106.000000
546886.000000
547683.000000
548496.000000
549275.000000
550030.000000
550789.000000
551557.000000
552336.000000
553099.000000
553870.000000
554665.000000
555450.000000
556212.000000
556970.000000
557746.000000
558521.000000
559293.000000
560098.000000
560928.000000
561743.000000
562566.000000
563417.000000
564238.000000
565025.000000
565811.000000
566624.000000
567446.000000
568242.000000
569042.000000
569864.000000
570712.000000
571540.000000
572360.000000
573212.000000
574042.000000
574857.000000
575697.000000
576570.000000
577411.000000
578217.000000
579037.000000
579886.000000
580719.000000
581561.000000
582410.000000
583239.000000
584037.000000
584819.000000
585607.000000
586428.000000
587279.000000
588100.000000
588931.000000
589807.000000
590632.000000
591519.000000
592387.000000
593234.000000
594026.000000
594817.000000
595665.000000
596633.000000
597523.000000
598434.000000
599346.000000
600204.000000
601054.000000
601889.000000
602685.000000
603478.000000
604281.000000
605081.000000
605874.000000
606706.000000
607584.000000
608419.000000
609302.000000
610233.000000
610673.000000
611918.000000
612366.000000
613461.000000
614181.000000
614900.000000
615640.000000
616495.000000
617619.000000
618675.000000
619621.000000
620548.000000
621000.000000
622364.000000
623168.000000
623917.000000
624353.000000
625455.000000
626176.000000
626923.000000
627364.000000
628655.000000
629454.000000
630333.000000
631324.000000
631797.000000
633146.000000
633971.000000
634762.000000
635572.000000
636483.000000
637458.000000
638551.000000
639608.000000
640621.000000
641518.000000
642402.000000
643307.000000
644200.000000
645043.000000
645519.000000
646728.000000
647508.000000
648254.000000
648969.000000
649692.000000
650135.000000
651532.000000
652395.000000
653271.000000
654213.000000
655204.000000
656121.000000
657047.000000
657974.000000
658853.000000
659692.000000
660514.000000
661308.000000
662146.000000
662986.000000
663819.000000
664695.000000
665576.000000
666421.000000
667240.000000
668087.000000
668971.000000
669848.000000
670679.000000
671121.000000
672357.000000
673175.000000
673968.000000
674431.000000
675535.000000
676269.000000
677019.000000
677844.000000
678834.000000
679934.000000
680975.000000
681975.000000
683023.000000
684003.000000
684447.000000
685754.000000
686539.000000
687284.000000
688015.000000
688762.000000
689759.000000
690205.000000
691632.000000
692590.000000
693530.000000
694382.000000
695245.000000
695688.000000
696983.000000
697762.000000
698512.000000
698951.000000
700083.000000
700789.000000
701508.000000
702344.000000
703572.000000
704531.000000
705506.000000
706575.000000
707529.000000
708465.000000
709415.000000
710328.000000
710779.000000
712071.000000
712863.000000
713615.000000
714060.000000
715144.000000
715850.000000
716608.000000
717049.000000
718323.000000
719112.000000
719933.000000
720761.000000
721690.000000
722672.000000
723596.000000
724058.000000
725317.000000
726093.000000
726844.000000
727285.000000
728372.000000
729091.000000
729851.000000
730290.000000
731621.000000
732397.000000
733241.000000
734137.000000
735021.000000
735850.000000
736729.000000
737731.000000
738687.000000
739604.000000
740479.000000
741306.000000
742104.000000
742903.000000
743707.000000
744493.000000
745285.000000
746111.000000
746947.000000
747390.000000
748563.000000
749311.000000
750036.000000
750490.000000
751515.000000
752212.000000
752922.000000
753683.000000
754515.000000
754947.000000
756376.000000
757286.000000
758236.000000
759223.000000
760158.000000
761098.000000
761562.000000
762925.000000
763776.000000
764605.000000
765442.000000
766288.000000
767292.000000
768363.000000
769353.000000
770269.000000
771156.000000
772104.000000
773125.000000
774039.000000
774895.000000
775750.000000
776620.000000
777463.000000
778284.000000
779122.000000
779976.000000
780819.000000
781640.000000
782470.000000
783302.000000
784111.000000
784554.000000
785706.000000
786417.000000
787106.000000
787781.000000
788479.000000
789221.000000
789987.000000
790860.000000
791868.000000
792816.000000
793683.000000
794534.000000
795406.000000
796243.000000
797051.000000
797868.000000
798708.000000
799559.000000
800417.000000
801315.000000
802230.000000
803107.000000
803979.000000
804847.000000
805710.000000
806549.000000
807381.000000
808248.000000
809160.000000
810015.000000
810838.000000
811609.000000
812351.000000
813086.000000
813901.000000
814856.000000
815789.000000
816655.000000
817604.000000
818549.000000
819424.000000
820291.000000
821135.000000
821987.000000
822866.000000
823717.000000
824541.000000
825383.000000
826260.000000
827098.000000
827896.000000
828684.000000
829493.000000
830357.000000
831196.000000
832020.000000
832853.000000
833738.000000
834651.000000
835503.000000
836365.000000
837225.000000
838054.000000
838848.000000
839625.000000
840428.000000
841295.000000
842148.000000
842965.000000
843810.000000
844679.000000
845498.000000
846289.000000
847076.000000
847891.000000
848710.000000
849495.000000
850266.000000
851049.000000
851836.000000
852599.000000
853364.000000
854150.000000
854966.000000
855740.000000
856514.000000
857298.000000
858106.000000
858885.000000
859659.000000
860462.000000
861258.000000
862038.000000
862826.000000
863640.000000
864431.000000
865213.000000
866003.000000
866827.000000
867627.000000
868418.000000
869207.000000
870021.000000
870837.000000
871619.000000
872397.000000
873194.000000
873991.000000
874790.000000
875614.000000
876459.000000
877291.000000
878151.000000
879026.000000
879855.000000
880663.000000
881462.000000
882255.000000
883035.000000
883837.000000
884669.000000
885532.000000
886430.000000
887301.000000
888134.000000
888965.000000
889797.000000
890607.000000
891390.000000
892171.000000
892987.000000
893833.000000
894665.000000
895483.000000
896345.000000
896789.000000
898084.000000
898532.000000
899614.000000
900321.000000
901009.000000
901730.000000
902512.000000
902948.000000
904374.000000
905266.000000
906127.000000
907009.000000
907920.000000
908817.000000
909728.000000
910688.000000
911632.000000
912510.000000
913397.000000
914283.000000
915174.000000
916017.000000
916849.000000
917698.000000
918604.000000
919495.000000
919965.000000
921244.000000
922073.000000
922873.000000
923322.000000
924442.000000
925175.000000
925973.000000
926370.000000
927745.000000
928554.000000
929426.000000
930322.000000
931187.000000
932100.000000
933068.000000
934023.000000
934960.000000
935925.000000
936827.000000
937700.000000
938584.000000
939480.000000
940340.000000
941191.000000
942044.000000
942896.000000
943735.000000
944554.000000
945392.000000
945843.000000
947112.000000
947877.000000
948642.000000
949395.000000
950212.000000
950650.000000
951977.000000
952781.000000
953605.000000
954041.000000
955295.000000
956053.000000
956828.000000
957272.000000
958539.000000
959299.000000
960094.000000
960532.000000
961920.000000
962793.000000
963701.000000
964685.000000
965612.000000
966508.000000
967401.000000
968314.000000
969176.000000
969619.000000
970862.000000
971647.000000
972416.000000
973181.000000
973988.000000
974425.000000
975825.000000
976682.000000
977512.000000
977946.000000
979228.000000
979985.000000
980746.000000
981554.000000
982494.000000
982933.000000
984316.000000
985187.000000
986079.000000
986951.000000
987889.000000
988883.000000
989781.000000
990685.000000
991662.000000
992554.000000
993399.000000
993840.000000
995079.000000
995840.000000
996575.000000
997302.000000
998068.000000
998515.000000
999894.000000
1000708.000000
1001541.000000
1001982.000000
1003282.000000
1004061.000000
1004854.000000
1005292.000000
1006498.000000
1007241.000000
1008019.000000
1008460.000000
1009783.000000
1010586.000000
1011437.000000
1012371.000000
1013308.000000
1014270.000000
1015218.000000
1016142.000000
1017092.000000
1018004.000000
1018884.000000
1019736.000000
1020568.000000
1021360.000000
1022160.000000
1022606.000000
1023791.000000
1024544.000000
1025284.000000
1025733.000000
1026831.000000
1027551.000000
1028298.000000
1028737.000000
1030117.000000
1030958.000000
1031812.000000
1032712.000000
1033715.000000
1034723.000000
1035661.000000
1036125.000000
1037512.000000
1038346.000000
1039143.000000
1039944.000000
1040781.000000
1041634.000000
1042557.000000
1043558.000000
1044708.000000
1045725.000000
1046711.000000
1047691.000000
1048583.000000
1049456.000000
1050345.000000
1051232.000000
1052125.000000
1053048.000000
1053986.000000
1054866.000000
1055724.000000
1056594.000000
1057476.000000
1058310.000000
1059139.000000
1059976.000000
1060821.000000
1061656.000000
1062485.000000
1062929.000000
1064210.000000
1064995.000000
1065747.000000
1066461.000000
1067209.000000
1067672.000000
1069025.000000
1069815.000000
1070632.000000
1071070.000000
1072374.000000
1073129.000000
1073903.000000
1074341.000000
1075588.000000
1076343.000000
1077118.000000
1077557.000000
1078811.000000
1079575.000000
1080341.000000
1080794.000000
1082035.000000
1082786.000000
1083562.000000
1084000.000000
1085330.000000
1086102.000000
1086926.000000
1087360.000000
1088691.000000
1089475.000000
1090312.000000
1090746.000000
1092047.000000
1092819.000000
1093602.000000
1093992.000000
1095346.000000
1096168.000000
1097121.000000
1098343.000000
1099484.000000
1100545.000000
1100997.000000
1102366.000000
1103180.000000
1103971.000000
1104410.000000
1105539.000000
1106249.000000
1106962.000000
1107823.000000
1108956.000000
1109955.000000
1111033.000000
1112126.000000
1113152.000000
1114191.000000
1115150.000000
1116095.000000
1117015.000000
1117890.000000
1118722.000000
1119575.000000
1120463.000000
1121348.000000
1122187.000000
1122655.000000
1123900.000000
1124693.000000
1125447.000000
1126176.000000
1126908.000000
1127756.000000
1128651.000000
1129535.000000
1130456.000000
1131475.000000
1132419.000000
1133349.000000
1134289.000000
1135168.000000
1135627.000000
1136890.000000
1137682.000000
1138447.000000
1139182.000000
1139964.000000
1140927.000000
1141867.000000
1142317.000000
1143693.000000
1144568.000000
1145381.000000
1145825.000000
1146978.000000
1147727.000000
1148488.000000
1149273.000000
1150157.000000
1150598.000000
1151972.000000
1152820.000000
1153687.000000
1154582.000000
1155440.000000
1156373.000000
1157375.000000
1158345.000000
1159307.000000
1160259.000000
1161138.000000
1161983.000000
1162828.000000
1163681.000000
1164518.000000
1164957.000000
1166205.000000
1166994.000000
1167746.000000
1168481.000000
1169272.000000
1169667.000000
1171061.000000
1171921.000000
1172777.000000
1173609.000000
1174526.000000
1175577.000000
1176637.000000
1177089.000000
1178441.000000
1179270.000000
1180073.000000
1180848.000000
1181637.000000
1182073.000000
1183488.000000
1184318.000000
1185119.000000
1185562.000000
1186776.000000
1187551.000000
1188323.000000
1188781.000000
1189889.000000
1190632.000000
1191410.000000
1191884.000000
1193061.000000
1193838.000000
1194630.000000
1195080.000000
1196214.000000
1196961.000000
1197729.000000
1198543.000000
1199360.000000
1199800.000000
1201125.000000
1201925.000000
1202709.000000
1203508.000000
1204334.000000
1204771.000000
1206050.000000
1206837.000000
1207647.000000
1208084.000000
1209294.000000
1210088.000000
1210921.000000
1211358.000000
1212640.000000
1213434.000000
1214257.000000
1214693.000000
1215964.000000
1216762.000000
1217667.000000
1218687.000000
1219766.000000
1220853.000000
1221313.000000
1222736.000000
1223693.000000
1224560.000000
1225399.000000
1226255.000000
1227137.000000
1228013.000000
1228911.000000
1229846.000000
1230807.000000
1231787.000000
1232801.000000
1233764.000000
1234655.000000
1235531.000000
1236406.000000
1237280.000000
1238102.000000
1238934.000000
1239777.000000
1240632.000000
1241469.000000
1242264.000000
1242706.000000
1243864.000000
1244599.000000
1245305.000000
1246010.000000
1246730.000000
1247612.000000
1248742.000000
1249225.000000
1250586.000000
1251466.000000
1252282.000000
1253055.000000
1253840.000000
1254277.000000
1255510.000000
1256257.000000
1257029.000000
1257465.000000
1258750.000000
1259526.000000
1260294.000000
1260733.000000
1261909.000000
1262652.000000
1263436.000000
1263874.000000
1265150.000000
1265936.000000
1266744.000000
1267183.000000
1268403.000000
1269171.000000
1269968.000000
1270406.000000
1271575.000000
1272323.000000
1273130.000000
1273567.000000
1274795.000000
1275559.000000
1276354.000000
1276789.000000
1278022.000000
1278781.000000
1279553.000000
1279988.000000
1281194.000000
1281943.000000
1282717.000000
1283152.000000
1284474.000000
1285251.000000
1286074.000000
1286508.000000
1287770.000000
1288535.000000
1289299.000000
1289732.000000
1290897.000000
1291643.000000
1292424.000000
1292861.000000
1294174.000000
1294964.000000
1295802.000000
1296234.000000
1297542.000000
1298337.000000
1299132.000000
1299564.000000
1300843.000000
1301606.000000
1302413.000000
1302845.000000
