Peaks (s)
720.000000
1521.000000
2328.000000
3136.000000
3938.000000
4728.000000
5519.000000
6314.000000
7100.000000
7891.000000
8687.000000
9477.000000
10270.000000
11067.000000
11862.000000
12641.000000
13425.000000
14217.000000
15003.000000
15784.000000
16566.000000
17351.000000
18127.000000
18915.000000
19708.000000
20483.000000
21259.000000
22040.000000
22822.000000
23617.000000
24413.000000
25218.000000
26029.000000
26846.000000
27645.000000
28442.000000
29244.000000
30034.000000
30817.000000
31604.000000
32387.000000
33157.000000
33938.000000
34726.000000
35505.000000
36285.000000
37064.000000
37847.000000
38630.000000
39409.000000
40195.000000
40982.000000
41759.000000
42539.000000
43324.000000
44105.000000
44881.000000
45663.000000
46457.000000
47240.000000
48015.000000
48794.000000
49577.000000
50338.000000
51104.000000
51888.000000
52658.000000
53419.000000
54191.000000
54970.000000
55733.000000
56500.000000
57255.000000
58017.000000
58781.000000
59549.000000
60320.000000
61099.000000
61884.000000
62669.000000
63455.000000
64226.000000
65000.000000
65764.000000
66522.000000
67273.000000
68021.000000
68779.000000
69548.000000
70318.000000
71098.000000
71880.000000
72676.000000
73466.000000
74264.000000
75054.000000
75857.000000
76656.000000
77447.000000
78235.000000
79038.000000
79848.000000
80652.000000
81460.000000
82254.000000
83051.000000
83854.000000
84650.000000
85448.000000
86241.000000
87034.000000
87839.000000
88628.000000
89428.000000
90259.000000
91068.000000
91868.000000
92658.000000
93457.000000
94257.000000
95045.000000
95839.000000
96645.000000
97464.000000
98276.000000
99071.000000
99871.000000
100671.000000
101464.000000
102261.000000
103064.000000
103868.000000
104666.000000
105477.000000
106299.000000
107105.000000
107918.000000
108721.000000
109521.000000
110323.000000
111133.000000
111938.000000
112734.000000
113533.000000
114331.000000
115135.000000
115939.000000
116729.000000
117520.000000
118313.000000
119094.000000
119876.000000
120650.000000
121430.000000
122211.000000
122988.000000
123771.000000
124550.000000
125328.000000
126120.000000
126901.000000
127679.000000
128452.000000
129242.000000
130050.000000
130848.000000
131638.000000
132425.000000
133218.000000
134012.000000
134804.000000
135586.000000
136366.000000
137153.000000
137944.000000
138734.000000
139523.000000
140310.000000
141107.000000
141900.000000
142686.000000
143476.000000
144276.000000
145072.000000
145857.000000
146641.000000
147432.000000
148226.000000
149011.000000
149806.000000
150602.000000
151385.000000
152169.000000
152958.000000
153747.000000
154524.000000
155307.000000
156093.000000
156878.000000
157652.000000
158428.000000
159207.000000
159984.000000
160760.000000
161532.000000
162310.000000
163084.000000
163852.000000
164630.000000
165411.000000
166181.000000
166961.000000
167743.000000
168518.000000
169284.000000
170054.000000
170826.000000
171589.000000
172350.000000
173115.000000
173883.000000
174646.000000
175416.000000
176187.000000
176960.000000
177730.000000
178503.000000
179282.000000
180061.000000
180835.000000
181610.000000
182395.000000
183168.000000
183942.000000
184722.000000
185507.000000
186275.000000
187046.000000
187820.000000
188589.000000
189348.000000
190112.000000
190877.000000
191629.000000
192383.000000
193139.000000
193893.000000
194647.000000
195401.000000
196159.000000
196919.000000
197676.000000
198431.000000
199196.000000
199959.000000
200720.000000
201486.000000
202255.000000
203025.000000
203787.000000
204556.000000
205320.000000
206081.000000
206841.000000
207605.000000
208369.000000
209133.000000
209892.000000
210653.000000
211413.000000
212174.000000
212934.000000
213694.000000
214462.000000
215222.000000
215980.000000
216747.000000
217511.000000
218274.000000
219036.000000
219799.000000
220554.000000
221313.000000
222076.000000
222838.000000
223598.000000
224359.000000
225123.000000
225887.000000
226650.000000
227406.000000
228159.000000
228916.000000
229673.000000
230426.000000
231182.000000
231943.000000
232707.000000
233463.000000
234222.000000
234989.000000
235757.000000
236519.000000
237282.000000
238060.000000
238848.000000
239621.000000
240400.000000
241185.000000
241980.000000
242763.000000
243533.000000
244308.000000
245088.000000
245854.000000
246614.000000
247379.000000
248149.000000
248911.000000
249675.000000
250430.000000
251193.000000
251963.000000
252736.000000
253507.000000
254282.000000
255045.000000
255817.000000
256595.000000
257374.000000
258145.000000
258936.000000
259725.000000
260505.000000
261282.000000
262067.000000
262866.000000
263645.000000
264416.000000
265186.000000
265956.000000
266726.000000
267495.000000
268263.000000
269030.000000
269808.000000
270593.000000
271365.000000
272146.000000
272941.000000
273741.000000
274543.000000
275356.000000
276162.000000
276967.000000
277775.000000
278570.000000
279368.000000
280168.000000
280981.000000
281781.000000
282573.000000
283363.000000
284154.000000
284945.000000
285721.000000
286502.000000
287289.000000
288079.000000
288855.000000
289639.000000
290425.000000
291199.000000
291974.000000
292753.000000
293530.000000
294299.000000
295066.000000
295838.000000
296602.000000
297366.000000
298129.000000
298892.000000
299665.000000
300435.000000
301201.000000
301975.000000
302757.000000
303552.000000
304334.000000
305121.000000
305916.000000
306714.000000
307505.000000
308299.000000
309097.000000
309905.000000
310709.000000
311500.000000
312287.000000
313090.000000
313898.000000
314677.000000
315462.000000
316253.000000
317044.000000
317823.000000
318604.000000
319391.000000
320174.000000
320951.000000
321731.000000
322511.000000
323284.000000
324065.000000
324852.000000
325632.000000
326409.000000
327197.000000
327985.000000
328764.000000
329546.000000
330333.000000
331121.000000
331900.000000
332684.000000
333470.000000
334267.000000
335043.000000
335828.000000
336624.000000
337421.000000
338208.000000
339010.000000
339814.000000
340603.000000
341392.000000
342189.000000
342991.000000
343780.000000
344572.000000
345374.000000
346160.000000
346952.000000
347752.000000
348554.000000
349345.000000
350126.000000
350920.000000
351717.000000
352511.000000
353300.000000
354094.000000
354892.000000
355686.000000
356491.000000
357298.000000
358100.000000
358890.000000
359677.000000
360475.000000
361275.000000
362067.000000
362852.000000
363635.000000
364416.000000
365184.000000
365956.000000
366730.000000
367507.000000
368286.000000
369069.000000
369859.000000
370644.000000
371426.000000
372208.000000
372995.000000
373768.000000
374543.000000
375322.000000
376102.000000
376868.000000
377629.000000
378389.000000
379151.000000
379907.000000
380669.000000
381442.000000
382216.000000
382988.000000
383764.000000
384546.000000
385322.000000
386094.000000
386888.000000
387682.000000
388462.000000
389251.000000
390046.000000
390826.000000
391613.000000
392409.000000
393209.000000
393987.000000
394766.000000
395560.000000
396347.000000
397122.000000
397906.000000
398699.000000
399485.000000
400271.000000
401057.000000
401848.000000
402628.000000
403412.000000
404189.000000
404973.000000
405755.000000
406543.000000
407324.000000
408106.000000
408880.000000
409670.000000
410463.000000
411260.000000
412047.000000
412832.000000
413614.000000
414401.000000
415195.000000
415993.000000
416798.000000
417607.000000
418415.000000
419211.000000
420017.000000
420823.000000
421605.000000
422394.000000
423187.000000
423973.000000
424752.000000
425525.000000
426307.000000
427082.000000
427855.000000
428630.000000
429418.000000
430199.000000
430971.000000
431748.000000
432526.000000
433310.000000
434085.000000
434867.000000
435652.000000
436442.000000
437227.000000
438013.000000
438791.000000
439572.000000
440356.000000
441141.000000
441921.000000
442689.000000
443454.000000
444223.000000
444994.000000
445767.000000
446549.000000
447333.000000
448116.000000
448902.000000
449688.000000
450470.000000
451244.000000
452018.000000
452795.000000
453574.000000
454342.000000
455113.000000
455884.000000
456658.000000
457420.000000
458182.000000
458946.000000
459707.000000
460466.000000
461234.000000
462005.000000
462788.000000
463568.000000
464344.000000
465114.000000
465888.000000
466666.000000
467439.000000
468206.000000
468971.000000
469744.000000
470524.000000
471299.000000
472089.000000
472886.000000
473672.000000
474449.000000
475223.000000
475996.000000
476772.000000
477541.000000
478316.000000
479090.000000
479868.000000
480634.000000
481400.000000
482162.000000
482931.000000
483700.000000
484467.000000
485238.000000
486010.000000
486777.000000
487541.000000
488314.000000
489086.000000
489851.000000
490608.000000
491367.000000
492132.000000
492898.000000
493659.000000
494434.000000
495216.000000
495994.000000
496774.000000
497564.000000
498353.000000
499122.000000
499900.000000
500673.000000
501446.000000
502216.000000
502994.000000
503771.000000
504548.000000
505316.000000
506084.000000
506855.000000
507622.000000
508388.000000
509151.000000
509913.000000
510664.000000
511417.000000
512172.000000
512931.000000
513682.000000
514437.000000
515192.000000
515945.000000
516693.000000
517438.000000
518195.000000
518946.000000
519700.000000
520441.000000
521197.000000
521946.000000
522695.000000
523439.000000
524190.000000
524936.000000
525686.000000
526438.000000
527205.000000
527973.000000
528745.000000
529511.000000
530278.000000
531050.000000
531825.000000
532599.000000
533371.000000
534148.000000
534930.000000
535710.000000
536476.000000
537256.000000
538042.000000
538830.000000
539615.000000
540401.000000
541184.000000
541956.000000
542732.000000
543513.000000
544288.000000
545056.000000
545831.000000
546615.000000
547407.000000
548192.000000
548974.000000
549762.000000
550553.000000
551332.000000
552117.000000
552901.000000
553674.000000
554451.000000
555222.000000
555989.000000
556742.000000
557505.000000
558267.000000
559029.000000
559794.000000
560564.000000
561342.000000
562115.000000
562893.000000
563676.000000
564456.000000
565224.000000
566002.000000
566780.000000
567546.000000
568320.000000
569090.000000
569861.000000
570617.000000
571379.000000
572152.000000
572922.000000
573688.000000
574455.000000
575225.000000
576001.000000
576771.000000
577542.000000
578314.000000
579088.000000
579862.000000
580627.000000
581392.000000
582161.000000
582930.000000
583697.000000
584467.000000
585243.000000
586021.000000
586799.000000
587570.000000
588346.000000
589117.000000
589880.000000
590643.000000
591418.000000
592197.000000
592966.000000
593741.000000
594529.000000
595333.000000
596114.000000
596898.000000
597683.000000
598473.000000
599253.000000
600030.000000
600804.000000
601581.000000
602351.000000
603121.000000
603893.000000
604670.000000
605448.000000
606227.000000
607011.000000
607791.000000
608553.000000
609323.000000
610102.000000
610852.000000
611587.000000
612318.000000
613059.000000
613798.000000
614541.000000
615294.000000
616038.000000
616783.000000
617531.000000
618285.000000
619049.000000
619809.000000
620569.000000
621332.000000
622096.000000
622851.000000
623617.000000
624364.000000
625130.000000
625891.000000
626662.000000
627445.000000
628233.000000
629024.000000
629821.000000
630625.000000
631432.000000
632241.000000
633036.000000
633827.000000
634626.000000
635424.000000
636211.000000
636995.000000
637784.000000
638583.000000
639381.000000
640167.000000
640954.000000
641746.000000
642539.000000
643328.000000
644107.000000
644899.000000
645692.000000
646485.000000
647273.000000
648065.000000
648869.000000
649659.000000
650448.000000
651238.000000
652025.000000
652800.000000
653580.000000
654368.000000
655147.000000
655924.000000
656707.000000
657493.000000
658269.000000
659046.000000
659829.000000
660621.000000
661407.000000
662198.000000
662995.000000
663788.000000
664590.000000
665400.000000
666209.000000
667017.000000
667837.000000
668655.000000
669455.000000
670250.000000
671054.000000
671857.000000
672649.000000
673446.000000
674246.000000
675032.000000
675822.000000
676622.000000
677421.000000
678206.000000
678995.000000
679783.000000
680561.000000
681336.000000
682116.000000
682899.000000
683681.000000
684460.000000
685246.000000
686037.000000
686817.000000
687599.000000
688389.000000
689177.000000
689954.000000
690733.000000
691512.000000
692294.000000
693065.000000
693839.000000
694617.000000
695396.000000
696174.000000
696953.000000
697740.000000
698528.000000
699301.000000
700078.000000
700867.000000
701654.000000
702428.000000
703191.000000
703962.000000
704735.000000
705504.000000
706260.000000
707022.000000
707785.000000
708553.000000
709310.000000
710073.000000
710840.000000
711609.000000
712371.000000
713134.000000
713904.000000
714678.000000
715442.000000
716219.000000
716997.000000
717770.000000
718539.000000
719314.000000
720089.000000
720853.000000
721623.000000
722395.000000
723167.000000
723924.000000
724684.000000
725448.000000
726210.000000
726965.000000
727716.000000
728472.000000
729234.000000
729993.000000
730760.000000
731536.000000
732317.000000
733091.000000
733869.000000
734662.000000
735451.000000
736238.000000
737035.000000
737839.000000
738630.000000
739425.000000
740222.000000
741000.000000
741786.000000
742576.000000
743356.000000
744136.000000
744923.000000
745709.000000
746488.000000
747267.000000
748054.000000
748829.000000
749609.000000
750387.000000
751169.000000
751931.000000
752694.000000
753456.000000
754222.000000
754972.000000
755744.000000
756511.000000
757284.000000
758060.000000
758837.000000
759612.000000
760399.000000
761178.000000
761952.000000
762733.000000
763519.000000
764299.000000
765074.000000
765864.000000
766665.000000
767460.000000
768252.000000
769051.000000
769844.000000
770619.000000
771402.000000
772188.000000
772960.000000
773730.000000
774502.000000
775280.000000
776050.000000
776822.000000
777607.000000
778386.000000
779172.000000
779966.000000
780763.000000
781551.000000
782340.000000
783124.000000
783896.000000
784661.000000
785425.000000
786192.000000
786946.000000
787692.000000
788436.000000
789184.000000
789936.000000
790684.000000
791437.000000
792190.000000
792953.000000
793719.000000
794487.000000
795255.000000
796027.000000
796804.000000
797572.000000
798340.000000
799112.000000
799880.000000
800648.000000
801409.000000
802173.000000
802939.000000
803711.000000
804475.000000
805239.000000
806012.000000
806791.000000
807561.000000
808333.000000
809107.000000
809888.000000
810659.000000
811431.000000
812213.000000
812993.000000
813779.000000
814589.000000
815402.000000
816204.000000
816998.000000
817802.000000
818589.000000
819374.000000
820168.000000
820956.000000
821734.000000
822511.000000
823288.000000
824055.000000
824822.000000
825586.000000
826361.000000
827126.000000
827898.000000
828671.000000
829451.000000
830223.000000
830999.000000
831780.000000
832559.000000
833334.000000
834110.000000
834888.000000
835648.000000
836427.000000
837200.000000
837976.000000
838745.000000
839509.000000
840272.000000
841035.000000
841783.000000
842542.000000
843302.000000
844070.000000
844828.000000
845594.000000
846377.000000
847166.000000
847953.000000
848737.000000
849526.000000
850302.000000
851079.000000
851857.000000
852636.000000
853401.000000
854170.000000
854942.000000
855725.000000
856499.000000
857292.000000
858087.000000
858883.000000
859673.000000
860465.000000
861269.000000
862055.000000
862837.000000
863613.000000
864393.000000
865167.000000
865946.000000
866731.000000
867523.000000
868303.000000
869086.000000
869882.000000
870684.000000
871484.000000
872290.000000
873105.000000
873911.000000
874717.000000
875521.000000
876314.000000
877105.000000
877905.000000
878697.000000
879481.000000
880275.000000
881061.000000
881836.000000
882613.000000
883385.000000
884159.000000
884928.000000
885695.000000
886458.000000
887234.000000
888012.000000
888780.000000
889546.000000
890319.000000
891100.000000
891859.000000
892621.000000
893376.000000
894114.000000
894855.000000
895602.000000
896358.000000
897094.000000
897846.000000
898609.000000
899352.000000
900118.000000
900879.000000
901630.000000
902381.000000
903134.000000
903893.000000
904641.000000
905394.000000
906151.000000
906919.000000
907702.000000
908496.000000
909280.000000
910063.000000
910849.000000
911636.000000
912435.000000
913243.000000
914047.000000
914845.000000
915639.000000
916442.000000
917239.000000
918028.000000
918824.000000
919627.000000
920438.000000
921240.000000
922055.000000
922881.000000
923695.000000
924487.000000
925277.000000
926066.000000
926853.000000
927632.000000
928397.000000
929156.000000
929914.000000
930674.000000
931425.000000
932180.000000
932938.000000
933706.000000
934464.000000
935226.000000
935999.000000
936785.000000
937572.000000
938360.000000
939145.000000
939943.000000
940743.000000
941532.000000
942324.000000
943123.000000
943928.000000
944715.000000
945502.000000
946295.000000
947090.000000
947878.000000
948670.000000
949484.000000
950278.000000
951073.000000
951877.000000
952669.000000
953460.000000
954257.000000
955069.000000
955866.000000
956657.000000
957452.000000
958237.000000
959023.000000
959807.000000
960590.000000
961349.000000
962126.000000
962902.000000
963683.000000
964452.000000
965222.000000
965995.000000
966775.000000
967535.000000
968302.000000
969066.000000
969837.000000
970597.000000
971363.000000
972138.000000
972918.000000
973705.000000
974477.000000
975249.000000
976014.000000
976756.000000
977491.000000
978210.000000
978920.000000
979636.000000
980358.000000
981104.000000
981865.000000
982650.000000
983445.000000
984232.000000
985021.000000
985814.000000
986616.000000
987419.000000
988209.000000
989003.000000
989798.000000
990588.000000
991379.000000
992182.000000
992994.000000
993794.000000
994601.000000
995413.000000
996208.000000
996998.000000
997795.000000
998599.000000
999392.000000
1000195.000000
1001003.000000
1001799.000000
1002602.000000
1003415.000000
1004228.000000
1005029.000000
1005835.000000
1006641.000000
1007440.000000
1008247.000000
1009075.000000
1009902.000000
1010721.000000
1011539.000000
1012350.000000
1013146.000000
1013944.000000
1014739.000000
1015524.000000
1016300.000000
1017079.000000
1017866.000000
1018647.000000
1019423.000000
1020199.000000
1020987.000000
1021769.000000
1022549.000000
1023338.000000
1024125.000000
1024907.000000
1025690.000000
1026476.000000
1027272.000000
1028061.000000
1028855.000000
1029653.000000
1030458.000000
1031251.000000
1032050.000000
1032859.000000
1033672.000000
1034472.000000
1035283.000000
1036110.000000
1036936.000000
1037764.000000
1038594.000000
1039417.000000
1040237.000000
1041062.000000
1041878.000000
1042678.000000
1043477.000000
1044281.000000
1045074.000000
1045871.000000
1046674.000000
1047474.000000
1048276.000000
1049077.000000
1049875.000000
1050667.000000
1051461.000000
1052254.000000
1053037.000000
1053828.000000
1054636.000000
1055426.000000
1056219.000000
1057023.000000
1057814.000000
1058587.000000
1059365.000000
1060134.000000
1060900.000000
1061653.000000
1062409.000000
1063171.000000
1063937.000000
1064712.000000
1065479.000000
1066250.000000
1067029.000000
1067815.000000
1068592.000000
1069375.000000
1070162.000000
1070951.000000
1071733.000000
1072516.000000
1073314.000000
1074105.000000
1074885.000000
1075671.000000
1076479.000000
1077293.000000
1078107.000000
1078927.000000
1079754.000000
1080566.000000
1081384.000000
1082200.000000
1083015.000000
1083818.000000
1084630.000000
1085436.000000
1086238.000000
1087035.000000
1087847.000000
1088656.000000
1089469.000000
1090297.000000
1091121.000000
1091935.000000
1092756.000000
1093570.000000
1094374.000000
1095174.000000
1095974.000000
1096744.000000
1097522.000000
1098296.000000
1099082.000000
1099845.000000
1100624.000000
1101420.000000
1102218.000000
1103024.000000
1103841.000000
1104671.000000
1105488.000000
1106322.000000
1107144.000000
1107964.000000
1108792.000000
1109620.000000
1110421.000000
1111218.000000
1112031.000000
1112813.000000
1113591.000000
1114368.000000
1115156.000000
1115947.000000
1116740.000000
1117547.000000
1118369.000000
1119169.000000
1119972.000000
1120782.000000
1121583.000000
1122387.000000
1123192.000000
1124002.000000
1124814.000000
1125615.000000
1126417.000000
1127199.000000
1127979.000000
1128754.000000
1129545.000000
1130343.000000
1131154.000000
1131966.000000
1132776.000000
1133574.000000
1134363.000000
1135160.000000
1135946.000000
1136731.000000
1137528.000000
1138328.000000
1139125.000000
1139914.000000
1140731.000000
1141543.000000
1142331.000000
1143135.000000
1143941.000000
1144748.000000
1145549.000000
1146347.000000
1147151.000000
1147964.000000
1148763.000000
1149568.000000
1150381.000000
1151206.000000
1152011.000000
1152818.000000
1153630.000000
1154434.000000
1155243.000000
1156060.000000
1156864.000000
1157647.000000
1158430.000000
1159204.000000
1159976.000000
1160737.000000
1161477.000000
1162216.000000
1162942.000000
1163661.000000
1164390.000000
1165125.000000
1165889.000000
1166658.000000
1167441.000000
1168221.000000
1169007.000000
1169792.000000
1170585.000000
1171387.000000
1172177.000000
1172969.000000
1173757.000000
1174542.000000
1175333.000000
1176137.000000
1176944.000000
1177744.000000
1178542.000000
1179355.000000
1180180.000000
1181008.000000
1181824.000000
1182650.000000
1183486.000000
1184326.000000
1185146.000000
1185961.000000
1186782.000000
1187588.000000
1188395.000000
1189201.000000
1190020.000000
1190829.000000
1191636.000000
1192448.000000
1193261.000000
1194067.000000
1194872.000000
1195679.000000
1196490.000000
1197304.000000
1198109.000000
1198917.000000
1199731.000000
1200552.000000
1201365.000000
1202186.000000
1203027.000000
1203862.000000
1204690.000000
1205519.000000
1206342.000000
1207150.000000
1207957.000000
1208767.000000
1209568.000000
1210375.000000
1211186.000000
1212003.000000
1212817.000000
1213642.000000
1214467.000000
1215273.000000
1216079.000000
1216891.000000
1217688.000000
1218491.000000
1219295.000000
1220094.000000
1220892.000000
1221695.000000
1222501.000000
1223294.000000
1224085.000000
1224872.000000
