Peaks (s)
514.000000
1210.000000
1932.000000
2706.000000
3560.000000
4369.000000
5153.000000
5994.000000
6832.000000
7622.000000
8386.000000
9188.000000
9971.000000
10748.000000
11564.000000
12398.000000
13190.000000
13968.000000
14749.000000
15506.000000
16259.000000
17054.000000
17882.000000
18732.000000
19525.000000
20283.000000
21076.000000
21934.000000
22731.000000
23486.000000
24282.000000
25139.000000
25963.000000
26739.000000
27489.000000
28242.000000
29086.000000
30017.000000
30897.000000
31777.000000
32594.000000
33355.000000
34133.000000
34921.000000
35775.000000
36631.000000
37464.000000
38292.000000
39156.000000
40023.000000
40851.000000
41660.000000
42507.000000
43393.000000
44278.000000
45108.000000
45890.000000
46680.000000
47466.000000
48305.000000
49169.000000
49958.000000
50694.000000
51509.000000
52402.000000
53253.000000
54021.000000
54732.000000
55448.000000
56208.000000
57040.000000
57875.000000
58667.000000
59422.000000
60241.000000
61083.000000
61889.000000
62656.000000
63399.000000
64204.000000
65044.000000
65858.000000
66664.000000
67499.000000
68357.000000
69205.000000
69993.000000
70734.000000
71497.000000
72335.000000
73228.000000
74088.000000
74883.000000
75750.000000
76648.000000
77470.000000
78235.000000
78977.000000
79784.000000
80675.000000
81557.000000
82380.000000
83156.000000
83989.000000
84896.000000
85779.000000
86590.000000
87405.000000
88278.000000
89085.000000
89849.000000
90607.000000
91465.000000
92373.000000
93201.000000
93957.000000
94689.000000
95448.000000
96178.000000
96979.000000
97832.000000
98687.000000
99463.000000
100184.000000
100911.000000
101681.000000
102490.000000
103307.000000
104081.000000
104823.000000
105652.000000
106557.000000
107450.000000
108271.000000
109058.000000
109858.000000
110677.000000
111520.000000
112341.000000
113137.000000
113950.000000
114778.000000
115605.000000
116419.000000
117217.000000
118037.000000
118872.000000
119668.000000
120421.000000
121134.000000
121826.000000
122521.000000
123221.000000
123888.000000
124591.000000
125324.000000
126124.000000
126914.000000
127683.000000
128417.000000
129132.000000
129849.000000
130578.000000
131296.000000
131967.000000
132675.000000
133399.000000
134114.000000
134828.000000
135547.000000
136265.000000
136967.000000
137633.000000
138271.000000
138888.000000
139484.000000
140075.000000
140660.000000
141240.000000
141820.000000
142406.000000
142994.000000
143631.000000
144330.000000
145042.000000
145738.000000
146398.000000
147067.000000
147714.000000
148362.000000
149068.000000
149844.000000
150669.000000
151455.000000
152176.000000
152864.000000
153531.000000
154204.000000
154924.000000
155646.000000
156383.000000
157065.000000
157835.000000
158522.000000
159190.000000
159848.000000
160497.000000
161119.000000
161723.000000
162321.000000
162922.000000
163520.000000
164113.000000
164698.000000
165316.000000
166004.000000
166725.000000
167482.000000
168242.000000
168935.000000
169774.000000
170508.000000
171292.000000
172127.000000
172826.000000
173765.000000
174545.000000
175332.000000
176127.000000
176820.000000
177680.000000
178416.000000
179195.000000
179951.000000
180799.000000
181725.000000
182658.000000
183538.000000
184335.000000
185042.000000
185802.000000
186566.000000
187433.000000
188299.000000
189122.000000
189899.000000
190765.000000
191691.000000
192614.000000
193445.000000
194228.000000
195006.000000
195879.000000
196825.000000
197740.000000
198457.000000
199212.000000
199893.000000
200592.000000
201389.000000
202086.000000
202954.000000
203773.000000
204619.000000
205436.000000
206294.000000
207019.000000
207943.000000
208737.000000
209474.000000
210280.000000
211218.000000
212084.000000
212903.000000
213634.000000
214628.000000
215490.000000
216325.000000
217178.000000
218042.000000
218842.000000
219607.000000
220334.000000
221114.000000
221881.000000
222779.000000
223736.000000
224595.000000
225372.000000
226148.000000
226988.000000
227861.000000
228682.000000
229502.000000
230444.000000
231325.000000
232110.000000
232811.000000
233513.000000
234236.000000
235166.000000
236093.000000
236935.000000
237727.000000
238504.000000
239263.000000
240183.000000
241102.000000
241956.000000
242785.000000
243644.000000
244508.000000
245236.000000
246179.000000
247057.000000
247943.000000
248786.000000
249587.000000
250410.000000
251269.000000
252149.000000
252994.000000
253819.000000
254675.000000
255515.000000
256343.000000
257046.000000
257765.000000
258516.000000
259293.000000
260240.000000
261152.000000
261902.000000
262827.000000
263640.000000
264485.000000
265293.000000
266027.000000
266824.000000
267673.000000
268662.000000
269520.000000
270346.000000
271206.000000
272083.000000
272923.000000
273720.000000
274487.000000
275254.000000
276140.000000
276989.000000
277795.000000
278618.000000
279446.000000
280231.000000
280926.000000
281643.000000
282374.000000
283119.000000
283998.000000
284899.000000
285735.000000
286509.000000
287305.000000
288122.000000
288942.000000
289659.000000
290546.000000
291468.000000
292358.000000
293214.000000
294028.000000
294861.000000
295713.000000
296546.000000
297348.000000
298073.000000
298766.000000
299470.000000
300237.000000
301206.000000
302062.000000
302871.000000
303598.000000
304540.000000
305371.000000
306165.000000
306921.000000
307696.000000
308635.000000
309468.000000
310274.000000
311124.000000
311855.000000
312813.000000
313631.000000
314447.000000
315286.000000
316120.000000
316927.000000
317641.000000
318331.000000
319034.000000
319857.000000
320792.000000
321645.000000
322497.000000
323386.000000
324282.000000
325129.000000
325879.000000
326844.000000
327724.000000
328575.000000
329392.000000
330235.000000
331115.000000
331983.000000
332738.000000
333686.000000
334574.000000
335479.000000
336332.000000
337143.000000
337986.000000
338838.000000
339688.000000
340521.000000
341372.000000
342254.000000
343097.000000
343906.000000
344714.000000
345544.000000
346373.000000
347191.000000
348011.000000
348871.000000
349723.000000
350532.000000
351329.000000
352139.000000
352918.000000
353674.000000
354409.000000
355169.000000
355976.000000
356810.000000
357601.000000
358369.000000
359179.000000
360039.000000
360860.000000
361621.000000
362378.000000
363227.000000
364157.000000
365004.000000
365783.000000
366587.000000
367457.000000
368371.000000
369214.000000
369997.000000
370834.000000
371732.000000
372575.000000
373360.000000
374170.000000
375021.000000
375886.000000
376690.000000
377459.000000
378280.000000
379128.000000
379942.000000
380721.000000
381544.000000
382405.000000
383224.000000
384009.000000
384761.000000
385600.000000
386560.000000
387457.000000
388308.000000
389112.000000
389920.000000
390751.000000
391647.000000
392510.000000
393318.000000
394154.000000
394906.000000
395616.000000
396319.000000
397086.000000
397889.000000
398854.000000
399796.000000
400536.000000
401414.000000
402146.000000
402889.000000
403678.000000
404527.000000
405363.000000
406233.000000
407191.000000
408095.000000
408927.000000
409710.000000
410533.000000
411400.000000
412223.000000
413021.000000
413954.000000
414894.000000
415748.000000
416549.000000
417357.000000
418161.000000
418960.000000
419745.000000
420579.000000
421489.000000
422340.000000
423122.000000
423918.000000
424764.000000
425615.000000
426398.000000
427153.000000
427990.000000
428880.000000
429786.000000
430611.000000
431395.000000
432217.000000
433079.000000
433811.000000
434741.000000
435606.000000
436504.000000
437345.000000
438127.000000
438891.000000
439696.000000
440620.000000
441501.000000
442331.000000
443210.000000
444096.000000
444929.000000
445766.000000
446613.000000
447453.000000
448267.000000
449084.000000
449940.000000
450812.000000
451651.000000
452389.000000
453380.000000
454276.000000
455117.000000
455932.000000
456764.000000
457617.000000
458464.000000
459288.000000
460108.000000
460996.000000
461909.000000
462793.000000
463630.000000
464475.000000
465338.000000
466208.000000
467038.000000
467830.000000
468678.000000
469553.000000
470390.000000
471197.000000
472037.000000
472915.000000
473774.000000
474598.000000
475430.000000
476290.000000
477146.000000
477962.000000
478762.000000
479582.000000
480379.000000
481106.000000
481855.000000
482622.000000
483381.000000
484336.000000
485256.000000
486100.000000
486902.000000
487660.000000
488474.000000
489362.000000
490202.000000
490979.000000
491825.000000
492795.000000
493724.000000
494575.000000
495377.000000
496193.000000
497041.000000
497908.000000
498753.000000
499609.000000
500505.000000
501408.000000
502262.000000
503082.000000
503919.000000
504759.000000
505597.000000
506410.000000
507218.000000
508048.000000
508890.000000
509708.000000
510519.000000
511371.000000
512252.000000
513127.000000
513972.000000
514816.000000
515707.000000
516611.000000
517476.000000
518290.000000
519133.000000
519999.000000
520837.000000
521650.000000
522509.000000
523406.000000
524280.000000
525117.000000
525945.000000
526804.000000
527683.000000
528534.000000
529353.000000
530207.000000
531094.000000
531970.000000
532808.000000
533634.000000
534482.000000
535365.000000
536222.000000
537053.000000
537933.000000
538848.000000
539726.000000
540563.000000
541390.000000
542252.000000
543137.000000
543984.000000
544791.000000
545614.000000
546446.000000
547395.000000
548275.000000
549119.000000
549996.000000
550893.000000
551752.000000
552579.000000
553419.000000
554272.000000
555118.000000
555969.000000
556785.000000
557652.000000
558551.000000
559393.000000
560178.000000
560986.000000
561866.000000
562741.000000
563561.000000
564360.000000
565241.000000
566168.000000
567016.000000
567833.000000
568643.000000
569538.000000
570443.000000
571283.000000
572082.000000
572964.000000
573903.000000
574786.000000
575610.000000
576456.000000
577373.000000
578275.000000
579107.000000
579930.000000
580783.000000
581689.000000
582537.000000
583321.000000
584129.000000
585039.000000
585954.000000
586802.000000
587629.000000
588559.000000
589451.000000
590314.000000
591143.000000
592007.000000
592914.000000
593802.000000
594655.000000
595512.000000
596390.000000
597269.000000
598101.000000
598915.000000
599754.000000
600614.000000
601451.000000
602256.000000
603088.000000
603952.000000
604830.000000
605671.000000
606478.000000
607259.000000
608056.000000
608875.000000
609668.000000
610468.000000
611331.000000
612120.000000
612844.000000
613517.000000
