Peaks (s)
877.000000
1590.000000
2289.000000
3045.000000
3825.000000
4547.000000
5246.000000
5998.000000
6740.000000
7496.000000
8234.000000
8950.000000
9643.000000
10404.000000
11209.000000
11994.000000
12769.000000
13513.000000
14245.000000
15030.000000
15781.000000
16580.000000
17377.000000
18126.000000
18851.000000
19629.000000
20464.000000
21302.000000
22157.000000
23004.000000
23796.000000
24584.000000
25405.000000
26260.000000
27059.000000
27815.000000
28592.000000
29540.000000
30498.000000
31366.000000
32147.000000
32922.000000
33732.000000
34561.000000
35407.000000
36181.000000
36984.000000
37839.000000
38753.000000
39648.000000
40451.000000
41223.000000
42083.000000
42940.000000
43768.000000
44589.000000
45373.000000
46159.000000
47036.000000
47940.000000
48803.000000
49635.000000
50414.000000
51199.000000
52029.000000
52897.000000
53762.000000
54609.000000
55418.000000
56206.000000
57057.000000
57951.000000
58796.000000
59638.000000
60429.000000
61197.000000
62019.000000
62930.000000
63837.000000
64724.000000
65580.000000
66397.000000
67253.000000
68116.000000
68977.000000
69826.000000
70650.000000
71439.000000
72222.000000
73067.000000
73983.000000
74903.000000
75776.000000
76631.000000
77450.000000
78243.000000
79045.000000
79933.000000
80859.000000
81732.000000
82582.000000
83373.000000
84129.000000
84881.000000
85705.000000
86573.000000
87416.000000
88226.000000
89032.000000
89865.000000
90703.000000
91503.000000
92246.000000
93010.000000
93836.000000
94691.000000
95543.000000
96353.000000
97159.000000
98035.000000
98911.000000
99741.000000
100549.000000
101360.000000
102229.000000
103061.000000
103870.000000
104668.000000
105536.000000
106435.000000
107268.000000
108086.000000
108950.000000
109911.000000
110778.000000
111575.000000
112335.000000
113134.000000
114021.000000
114941.000000
115831.000000
116666.000000
117484.000000
118365.000000
119251.000000
120129.000000
120979.000000
121792.000000
122586.000000
123442.000000
124319.000000
125136.000000
125926.000000
126765.000000
127646.000000
128520.000000
129391.000000
130197.000000
130996.000000
131887.000000
132745.000000
133626.000000
134462.000000
135252.000000
136106.000000
137034.000000
137920.000000
138726.000000
139563.000000
140405.000000
141271.000000
142062.000000
142838.000000
143725.000000
144705.000000
145636.000000
146481.000000
147411.000000
148349.000000
149233.000000
150032.000000
150871.000000
151796.000000
152671.000000
153552.000000
154422.000000
155240.000000
156027.000000
156883.000000
157818.000000
158717.000000
159564.000000
160394.000000
161200.000000
161986.000000
162767.000000
163648.000000
164523.000000
165380.000000
166239.000000
167060.000000
167881.000000
168752.000000
169655.000000
170481.000000
171302.000000
172216.000000
173153.000000
174020.000000
174894.000000
175788.000000
176688.000000
177509.000000
178320.000000
179166.000000
180020.000000
180842.000000
181685.000000
182587.000000
183512.000000
184394.000000
185235.000000
186137.000000
187028.000000
187874.000000
188678.000000
189457.000000
190292.000000
191198.000000
192062.000000
192895.000000
193785.000000
194709.000000
195610.000000
196461.000000
197309.000000
198153.000000
198944.000000
199744.000000
200611.000000
201475.000000
202326.000000
203154.000000
204044.000000
204900.000000
205732.000000
206494.000000
207277.000000
208121.000000
208966.000000
209804.000000
210606.000000
211429.000000
212380.000000
213259.000000
214080.000000
214916.000000
215720.000000
216494.000000
217290.000000
218093.000000
218904.000000
219667.000000
220427.000000
221262.000000
222110.000000
222911.000000
223683.000000
224448.000000
225234.000000
226058.000000
226934.000000
227738.000000
228521.000000
229329.000000
230227.000000
231116.000000
231926.000000
232711.000000
233525.000000
234356.000000
235146.000000
235907.000000
236725.000000
237622.000000
238571.000000
239432.000000
240284.000000
241114.000000
241927.000000
242688.000000
243482.000000
244415.000000
245337.000000
246212.000000
247046.000000
247836.000000
248629.000000
249479.000000
250411.000000
251269.000000
252080.000000
252927.000000
253797.000000
254644.000000
255459.000000
256340.000000
257231.000000
258045.000000
258839.000000
259677.000000
260542.000000
261410.000000
262196.000000
262989.000000
263784.000000
264628.000000
265520.000000
266376.000000
267334.000000
268311.000000
269182.000000
270129.000000
271117.000000
271967.000000
272774.000000
273663.000000
274612.000000
275464.000000
276386.000000
277333.000000
278187.000000
279047.000000
279936.000000
280788.000000
281623.000000
282510.000000
283387.000000
284206.000000
285127.000000
286095.000000
287006.000000
287821.000000
288693.000000
289545.000000
290408.000000
291237.000000
292071.000000
292984.000000
293929.000000
294838.000000
295701.000000
296637.000000
297590.000000
298444.000000
299266.000000
300125.000000
301009.000000
301858.000000
302709.000000
303544.000000
304331.000000
305172.000000
306051.000000
306946.000000
307819.000000
308628.000000
309428.000000
310295.000000
311196.000000
312049.000000
312836.000000
313623.000000
314513.000000
315382.000000
316209.000000
317012.000000
317811.000000
318682.000000
319548.000000
320387.000000
321221.000000
322049.000000
322850.000000
323642.000000
324479.000000
325325.000000
326213.000000
327063.000000
327866.000000
328666.000000
329512.000000
330402.000000
331284.000000
332160.000000
333001.000000
333828.000000
334703.000000
335582.000000
336456.000000
337299.000000
338102.000000
338955.000000
339878.000000
340747.000000
341582.000000
342442.000000
343395.000000
344305.000000
345190.000000
346017.000000
346830.000000
347730.000000
348605.000000
349400.000000
350177.000000
351011.000000
351939.000000
352802.000000
353612.000000
354481.000000
355342.000000
356182.000000
356965.000000
357735.000000
358565.000000
359428.000000
360296.000000
361151.000000
361952.000000
362770.000000
363643.000000
364505.000000
365293.000000
366107.000000
366942.000000
367769.000000
368546.000000
369337.000000
370197.000000
371040.000000
371881.000000
372667.000000
373460.000000
374284.000000
375175.000000
376054.000000
376867.000000
377665.000000
378516.000000
379370.000000
380242.000000
381045.000000
381857.000000
382755.000000
383684.000000
384533.000000
385348.000000
386192.000000
387050.000000
387900.000000
388726.000000
389564.000000
390387.000000
391181.000000
392066.000000
393017.000000
393937.000000
394835.000000
395686.000000
396512.000000
397384.000000
398259.000000
399147.000000
399981.000000
400792.000000
401643.000000
402539.000000
403447.000000
404365.000000
405228.000000
406049.000000
406912.000000
407804.000000
408725.000000
409658.000000
410549.000000
411438.000000
412323.000000
413155.000000
414029.000000
414945.000000
415873.000000
416759.000000
417602.000000
418479.000000
419403.000000
420276.000000
421144.000000
421986.000000
422783.000000
423602.000000
424583.000000
425567.000000
426518.000000
427439.000000
428352.000000
429190.000000
429983.000000
430804.000000
431753.000000
432690.000000
433609.000000
434479.000000
435328.000000
436249.000000
437158.000000
438016.000000
438822.000000
439595.000000
440393.000000
441390.000000
442384.000000
443313.000000
444179.000000
445085.000000
446065.000000
446973.000000
447811.000000
448637.000000
449536.000000
450485.000000
451344.000000
452210.000000
453165.000000
454123.000000
455051.000000
455926.000000
456835.000000
457771.000000
458674.000000
459568.000000
460514.000000
461465.000000
462362.000000
463224.000000
464147.000000
465083.000000
465967.000000
466882.000000
467869.000000
468803.000000
469658.000000
470471.000000
471316.000000
472351.000000
473318.000000
474157.000000
475050.000000
475940.000000
476859.000000
477732.000000
478545.000000
479373.000000
480267.000000
481202.000000
482113.000000
482956.000000
483806.000000
484660.000000
485519.000000
486368.000000
487200.000000
488000.000000
488859.000000
489774.000000
490656.000000
491529.000000
492369.000000
493214.000000
494121.000000
495050.000000
495880.000000
496748.000000
497637.000000
498490.000000
499326.000000
500179.000000
501072.000000
501931.000000
502759.000000
503579.000000
504445.000000
505331.000000
506200.000000
507063.000000
508032.000000
508992.000000
509899.000000
510775.000000
511645.000000
512460.000000
513317.000000
514228.000000
515145.000000
516032.000000
516927.000000
517855.000000
518778.000000
519665.000000
520488.000000
521359.000000
522295.000000
523189.000000
524042.000000
524919.000000
525852.000000
526794.000000
527697.000000
528561.000000
529475.000000
530431.000000
531331.000000
532179.000000
533069.000000
534018.000000
534955.000000
535838.000000
536792.000000
537767.000000
538663.000000
539563.000000
540485.000000
541395.000000
542235.000000
543140.000000
544108.000000
545013.000000
545867.000000
546791.000000
547714.000000
548638.000000
549539.000000
550445.000000
551330.000000
552201.000000
553100.000000
553963.000000
554788.000000
555748.000000
556735.000000
557661.000000
558571.000000
559449.000000
560334.000000
561210.000000
562026.000000
562867.000000
563710.000000
564536.000000
565399.000000
566232.000000
567053.000000
567928.000000
568833.000000
569753.000000
570638.000000
571504.000000
572328.000000
573184.000000
574126.000000
574971.000000
575830.000000
576870.000000
577877.000000
578857.000000
579798.000000
580724.000000
581585.000000
582434.000000
583358.000000
584334.000000
585267.000000
586139.000000
587099.000000
588064.000000
588972.000000
589851.000000
590812.000000
591765.000000
592627.000000
593487.000000
594419.000000
595353.000000
596286.000000
597250.000000
598191.000000
599051.000000
599907.000000
600844.000000
601826.000000
602765.000000
603635.000000
604537.000000
605528.000000
606495.000000
607452.000000
608312.000000
609164.000000
610086.000000
610990.000000
611829.000000
612729.000000
613692.000000
614629.000000
615521.000000
616409.000000
617337.000000
618280.000000
619134.000000
619957.000000
620863.000000
621830.000000
622758.000000
623641.000000
624611.000000
625575.000000
626518.000000
627414.000000
628265.000000
629203.000000
630190.000000
631118.000000
631961.000000
632881.000000
633852.000000
634858.000000
635843.000000
636794.000000
637677.000000
638573.000000
639547.000000
640484.000000
641341.000000
642268.000000
643230.000000
644163.000000
645016.000000
645938.000000
646883.000000
647741.000000
648577.000000
649542.000000
650522.000000
651442.000000
652322.000000
653231.000000
654167.000000
655036.000000
655857.000000
656751.000000
657658.000000
658551.000000
659441.000000
660275.000000
661120.000000
662079.000000
663035.000000
663933.000000
664776.000000
665654.000000
666587.000000
667511.000000
668329.000000
669172.000000
670061.000000
670976.000000
671885.000000
672746.000000
673570.000000
674457.000000
675428.000000
676379.000000
677208.000000
678057.000000
679000.000000
679944.000000
680788.000000
681694.000000
682640.000000
683563.000000
684445.000000
685405.000000
686362.000000
687202.000000
688057.000000
688962.000000
689928.000000
690778.000000
691690.000000
692647.000000
693588.000000
694478.000000
695406.000000
696431.000000
697351.000000
698261.000000
699157.000000
700008.000000
700905.000000
702022.000000
702942.000000
703812.000000
704845.000000
705833.000000
706726.000000
707612.000000
708568.000000
709549.000000
710455.000000
711305.000000
712228.000000
713169.000000
714077.000000
714934.000000
715843.000000
716869.000000
717868.000000
718807.000000
719672.000000
720546.000000
721489.000000
722444.000000
723375.000000
724253.000000
725215.000000
726201.000000
727143.000000
728013.000000
728888.000000
729856.000000
730849.000000
731834.000000
732737.000000
733596.000000
734488.000000
735441.000000
736405.000000
737333.000000
738180.000000
739018.000000
739913.000000
740865.000000
741837.000000
742773.000000
743646.000000
744493.000000
745386.000000
746324.000000
747228.000000
748081.000000
748920.000000
749829.000000
750749.000000
751653.000000
752548.000000
753396.000000
754227.000000
755101.000000
755997.000000
756890.000000
757719.000000
758554.000000
759454.000000
760391.000000
761316.000000
762157.000000
763006.000000
763903.000000
764858.000000
765740.000000
766592.000000
767530.000000
768490.000000
769436.000000
770352.000000
771206.000000
772036.000000
772924.000000
773872.000000
774775.000000
775615.000000
776461.000000
777377.000000
778285.000000
779139.000000
779991.000000
781003.000000
781931.000000
782753.000000
783595.000000
784473.000000
785345.000000
786237.000000
787090.000000
787945.000000
788871.000000
789826.000000
790731.000000
791598.000000
792555.000000
793498.000000
794392.000000
795221.000000
796055.000000
796940.000000
797943.000000
798895.000000
799794.000000
800729.000000
801704.000000
802707.000000
803661.000000
804531.000000
805418.000000
806413.000000
807374.000000
808257.000000
809125.000000
810051.000000
811008.000000
811880.000000
812771.000000
813678.000000
814561.000000
815462.000000
816364.000000
817231.000000
818067.000000
818986.000000
819939.000000
820845.000000
821693.000000
822509.000000
823444.000000
824436.000000
825356.000000
826254.000000
827104.000000
827918.000000
828804.000000
829777.000000
830718.000000
831592.000000
832420.000000
833270.000000
834186.000000
835172.000000
836115.000000
837019.000000
837900.000000
838776.000000
839763.000000
840755.000000
841676.000000
842527.000000
843413.000000
844316.000000
845234.000000
846156.000000
847064.000000
847950.000000
848814.000000
849752.000000
850717.000000
851659.000000
852526.000000
853445.000000
854458.000000
855405.000000
856262.000000
857176.000000
858128.000000
859080.000000
860015.000000
860893.000000
861730.000000
862663.000000
863622.000000
864515.000000
865414.000000
866388.000000
867340.000000
868252.000000
869106.000000
869958.000000
870875.000000
871817.000000
872753.000000
873628.000000
874553.000000
875525.000000
876500.000000
877415.000000
878296.000000
879288.000000
880219.000000
881055.000000
881905.000000
882845.000000
883839.000000
884785.000000
885671.000000
886643.000000
887639.000000
888538.000000
889489.000000
890515.000000
891450.000000
892315.000000
893253.000000
894230.000000
895116.000000
896014.000000
896958.000000
897885.000000
898817.000000
899708.000000
900553.000000
