Peaks (s)
534.000000
1402.000000
2272.000000
3120.000000
3974.000000
4849.000000
5734.000000
6601.000000
7479.000000
8366.000000
9262.000000
10141.000000
11017.000000
11906.000000
12790.000000
13656.000000
14536.000000
15427.000000
16312.000000
17191.000000
18079.000000
18974.000000
19843.000000
20714.000000
21589.000000
22465.000000
23336.000000
24221.000000
25109.000000
25960.000000
26822.000000
27678.000000
28512.000000
29353.000000
30191.000000
31021.000000
31834.000000
32668.000000
33508.000000
34351.000000
35210.000000
36057.000000
36876.000000
37701.000000
38524.000000
39342.000000
40165.000000
40988.000000
41798.000000
42631.000000
43476.000000
44308.000000
45149.000000
46007.000000
46858.000000
47690.000000
48527.000000
49365.000000
50190.000000
51019.000000
51863.000000
52709.000000
53560.000000
54421.000000
55293.000000
56152.000000
57001.000000
57861.000000
58726.000000
59584.000000
60433.000000
61304.000000
62196.000000
63088.000000
63959.000000
64826.000000
65700.000000
66580.000000
67458.000000
68327.000000
69181.000000
70032.000000
70901.000000
71772.000000
72638.000000
73499.000000
74372.000000
75254.000000
76136.000000
76992.000000
77854.000000
78723.000000
79587.000000
80432.000000
81273.000000
82134.000000
83005.000000
83866.000000
84724.000000
85612.000000
86518.000000
87421.000000
88322.000000
89209.000000
90102.000000
90996.000000
91875.000000
92735.000000
93592.000000
94465.000000
95354.000000
96234.000000
97118.000000
98025.000000
98936.000000
99822.000000
100707.000000
101602.000000
102499.000000
103382.000000
104251.000000
105139.000000
106056.000000
106971.000000
107867.000000
108777.000000
109694.000000
110602.000000
111493.000000
112400.000000
113307.000000
114188.000000
115082.000000
115988.000000
116899.000000
117793.000000
118689.000000
119584.000000
120474.000000
121353.000000
122243.000000
123138.000000
124038.000000
124915.000000
125785.000000
126659.000000
127536.000000
128412.000000
129276.000000
130165.000000
131065.000000
131949.000000
132835.000000
133736.000000
134642.000000
135534.000000
136441.000000
137352.000000
138237.000000
139127.000000
140024.000000
140919.000000
141801.000000
142706.000000
143629.000000
144540.000000
145445.000000
146362.000000
147287.000000
148194.000000
149103.000000
150017.000000
150938.000000
151839.000000
152737.000000
153654.000000
154569.000000
155475.000000
156392.000000
157318.000000
158222.000000
159122.000000
160028.000000
160932.000000
161838.000000
162728.000000
163627.000000
164536.000000
165438.000000
166330.000000
167236.000000
168156.000000
169062.000000
169948.000000
170836.000000
171726.000000
172606.000000
173474.000000
174343.000000
175222.000000
176102.000000
176985.000000
177853.000000
178728.000000
179616.000000
180510.000000
181398.000000
182272.000000
183155.000000
184042.000000
184931.000000
185805.000000
186685.000000
187578.000000
188480.000000
189360.000000
190226.000000
191074.000000
191937.000000
192795.000000
193650.000000
194497.000000
195355.000000
196186.000000
196987.000000
197778.000000
198564.000000
199371.000000
200212.000000
201062.000000
201913.000000
202783.000000
203664.000000
204543.000000
205409.000000
206258.000000
207121.000000
207989.000000
208855.000000
209720.000000
210612.000000
211539.000000
212447.000000
213350.000000
214260.000000
215176.000000
216088.000000
216983.000000
217869.000000
218770.000000
219676.000000
220574.000000
221469.000000
222380.000000
223299.000000
224219.000000
225127.000000
226002.000000
226869.000000
227750.000000
228647.000000
229554.000000
230465.000000
231372.000000
232297.000000
233229.000000
234162.000000
235082.000000
235969.000000
236848.000000
237739.000000
238630.000000
239512.000000
240391.000000
241276.000000
242164.000000
243047.000000
243942.000000
244859.000000
245782.000000
246690.000000
247599.000000
248509.000000
249427.000000
250322.000000
251227.000000
252148.000000
253064.000000
253978.000000
254896.000000
255827.000000
256746.000000
257643.000000
258542.000000
259442.000000
260337.000000
261221.000000
262124.000000
263060.000000
263980.000000
264913.000000
265859.000000
266784.000000
267691.000000
268612.000000
269535.000000
270444.000000
271352.000000
272277.000000
273190.000000
274097.000000
275024.000000
275971.000000
276904.000000
277824.000000
278764.000000
279705.000000
280631.000000
281519.000000
282410.000000
283323.000000
284234.000000
285144.000000
286041.000000
286950.000000
287877.000000
288796.000000
289697.000000
290601.000000
291512.000000
292420.000000
293319.000000
294241.000000
295184.000000
296128.000000
297064.000000
297999.000000
298947.000000
299883.000000
300809.000000
301763.000000
302721.000000
303674.000000
304614.000000
305573.000000
306519.000000
307436.000000
308340.000000
309262.000000
310181.000000
311090.000000
311988.000000
312910.000000
313850.000000
314747.000000
315636.000000
316546.000000
317448.000000
318335.000000
319217.000000
320131.000000
321064.000000
321995.000000
322946.000000
323901.000000
324846.000000
325765.000000
326702.000000
327640.000000
328568.000000
329500.000000
330435.000000
331366.000000
332294.000000
333231.000000
334166.000000
335098.000000
336020.000000
336957.000000
337888.000000
338823.000000
339744.000000
340669.000000
341622.000000
342571.000000
343502.000000
344431.000000
345375.000000
346320.000000
347231.000000
348137.000000
349066.000000
349991.000000
350915.000000
351868.000000
352826.000000
353763.000000
354679.000000
355600.000000
356511.000000
357405.000000
358309.000000
359231.000000
360142.000000
361072.000000
362034.000000
362984.000000
363917.000000
364863.000000
365807.000000
366715.000000
367617.000000
368523.000000
369442.000000
370352.000000
371267.000000
372205.000000
373139.000000
374075.000000
374983.000000
375886.000000
376795.000000
377702.000000
378606.000000
379502.000000
380415.000000
381355.000000
382296.000000
383238.000000
384187.000000
385130.000000
386051.000000
386970.000000
387906.000000
388846.000000
389783.000000
390736.000000
391696.000000
392642.000000
393558.000000
394512.000000
395467.000000
396399.000000
397324.000000
398275.000000
399241.000000
400183.000000
401120.000000
402078.000000
403035.000000
403974.000000
404916.000000
405891.000000
406856.000000
407786.000000
408707.000000
409662.000000
410635.000000
411599.000000
412556.000000
413532.000000
414497.000000
415448.000000
416415.000000
417381.000000
418326.000000
419247.000000
420179.000000
421129.000000
422075.000000
423026.000000
423991.000000
424958.000000
425927.000000
426887.000000
427832.000000
428770.000000
429715.000000
430651.000000
431606.000000
432589.000000
433553.000000
434514.000000
435491.000000
436450.000000
437383.000000
438308.000000
439246.000000
440163.000000
441044.000000
441929.000000
442845.000000
443763.000000
444682.000000
445638.000000
446590.000000
447523.000000
448460.000000
449406.000000
450344.000000
451280.000000
452223.000000
453168.000000
454108.000000
455037.000000
455987.000000
456952.000000
457904.000000
458866.000000
459834.000000
460778.000000
461704.000000
462625.000000
463557.000000
464477.000000
465400.000000
466304.000000
467224.000000
468164.000000
469090.000000
470027.000000
471004.000000
471979.000000
472936.000000
473898.000000
474857.000000
475784.000000
476713.000000
477658.000000
478592.000000
479497.000000
480379.000000
481282.000000
482212.000000
483156.000000
484137.000000
485147.000000
486155.000000
487134.000000
488095.000000
489064.000000
490017.000000
490946.000000
491897.000000
492849.000000
493771.000000
494687.000000
495618.000000
496570.000000
497530.000000
498457.000000
499393.000000
500329.000000
501245.000000
502143.000000
503053.000000
503988.000000
504903.000000
505805.000000
506735.000000
507686.000000
508629.000000
509547.000000
510486.000000
511446.000000
512413.000000
513355.000000
514304.000000
515281.000000
516279.000000
517250.000000
518235.000000
519218.000000
520183.000000
521132.000000
522080.000000
523021.000000
523951.000000
524861.000000
525783.000000
526725.000000
527657.000000
528617.000000
529600.000000
530588.000000
531541.000000
532480.000000
533427.000000
534367.000000
535299.000000
536253.000000
537207.000000
538149.000000
539095.000000
540046.000000
540998.000000
541935.000000
542868.000000
543823.000000
544792.000000
545750.000000
546706.000000
547683.000000
548637.000000
549566.000000
550468.000000
551392.000000
552342.000000
553260.000000
554165.000000
555030.000000
555869.000000
556710.000000
557550.000000
558415.000000
559296.000000
560182.000000
561041.000000
561891.000000
562765.000000
563651.000000
564394.000000
565401.000000
566295.000000
567203.000000
568103.000000
568994.000000
569911.000000
570852.000000
571779.000000
572693.000000
573631.000000
574583.000000
575523.000000
576462.000000
577423.000000
578377.000000
579333.000000
580280.000000
581232.000000
582194.000000
583138.000000
584062.000000
584999.000000
585930.000000
586842.000000
587768.000000
588712.000000
589666.000000
590601.000000
591503.000000
592373.000000
593239.000000
594098.000000
594946.000000
595811.000000
596702.000000
597597.000000
598506.000000
599460.000000
600418.000000
601351.000000
602315.000000
603299.000000
604265.000000
605201.000000
606143.000000
607090.000000
608027.000000
608970.000000
609943.000000
610928.000000
611898.000000
612847.000000
613792.000000
614725.000000
615652.000000
616562.000000
617490.000000
618437.000000
619379.000000
620310.000000
621266.000000
622219.000000
623164.000000
624115.000000
625082.000000
626058.000000
627008.000000
627930.000000
628862.000000
629788.000000
630721.000000
631668.000000
632623.000000
633573.000000
634503.000000
635407.000000
636264.000000
637114.000000
637969.000000
638813.000000
639690.000000
640576.000000
641458.000000
642329.000000
643196.000000
644071.000000
644956.000000
645826.000000
646696.000000
647593.000000
648502.000000
649395.000000
650306.000000
651260.000000
652219.000000
653163.000000
654119.000000
655089.000000
656056.000000
657014.000000
657979.000000
658935.000000
659885.000000
660815.000000
661753.000000
662713.000000
663669.000000
664611.000000
665563.000000
666518.000000
667456.000000
668384.000000
669326.000000
670288.000000
671247.000000
672230.000000
673250.000000
674257.000000
675230.000000
676183.000000
677141.000000
678090.000000
679017.000000
679940.000000
680871.000000
681789.000000
682712.000000
683669.000000
684649.000000
685637.000000
686600.000000
687524.000000
688451.000000
689380.000000
690290.000000
691215.000000
692155.000000
693105.000000
694029.000000
694978.000000
695948.000000
696907.000000
697854.000000
698797.000000
699732.000000
700656.000000
701570.000000
702523.000000
703489.000000
704464.000000
705419.000000
706373.000000
707335.000000
708280.000000
709212.000000
710148.000000
711103.000000
712051.000000
712991.000000
713934.000000
714892.000000
715833.000000
716753.000000
717684.000000
718648.000000
719620.000000
720539.000000
721419.000000
722266.000000
723132.000000
724008.000000
724865.000000
725753.000000
726657.000000
727549.000000
728417.000000
729288.000000
730168.000000
731048.000000
731920.000000
732820.000000
733740.000000
734658.000000
735565.000000
736510.000000
737488.000000
738462.000000
739441.000000
740423.000000
741401.000000
742362.000000
743334.000000
744319.000000
745300.000000
746264.000000
747242.000000
748211.000000
749172.000000
750112.000000
751072.000000
752028.000000
752964.000000
753893.000000
754836.000000
755775.000000
756701.000000
757632.000000
758575.000000
759517.000000
760435.000000
761348.000000
762211.000000
763045.000000
763880.000000
764712.000000
765572.000000
766478.000000
767366.000000
768235.000000
769127.000000
770046.000000
770959.000000
771870.000000
772812.000000
773778.000000
774739.000000
775696.000000
776678.000000
777676.000000
778657.000000
779627.000000
780616.000000
781622.000000
782611.000000
783568.000000
784552.000000
785560.000000
786578.000000
787568.000000
788565.000000
789540.000000
790512.000000
791521.000000
792541.000000
793537.000000
794498.000000
795459.000000
796418.000000
797362.000000
798309.000000
799283.000000
800272.000000
801247.000000
802219.000000
803204.000000
804172.000000
805113.000000
806060.000000
807033.000000
807993.000000
808931.000000
809865.000000
810810.000000
811758.000000
812694.000000
813634.000000
814608.000000
815590.000000
816543.000000
817492.000000
818456.000000
819428.000000
820378.000000
821305.000000
822239.000000
823180.000000
824131.000000
825055.000000
826016.000000
827006.000000
827974.000000
828957.000000
829943.000000
830905.000000
831833.000000
832766.000000
833685.000000
834583.000000
835487.000000
836408.000000
837334.000000
838264.000000
839195.000000
840157.000000
841124.000000
842057.000000
842996.000000
843956.000000
844917.000000
845862.000000
846831.000000
847804.000000
848756.000000
849696.000000
850655.000000
851642.000000
852618.000000
853610.000000
854614.000000
855620.000000
856598.000000
857590.000000
858584.000000
859560.000000
860508.000000
861488.000000
862459.000000
863403.000000
864318.000000
865252.000000
866194.000000
867140.000000
868110.000000
869104.000000
870087.000000
871052.000000
872032.000000
873010.000000
873969.000000
874907.000000
875845.000000
876777.000000
877714.000000
878665.000000
879596.000000
880549.000000
881521.000000
882491.000000
883445.000000
884422.000000
885418.000000
886392.000000
887393.000000
888396.000000
889376.000000
890341.000000
891318.000000
892291.000000
893253.000000
894206.000000
895151.000000
896084.000000
896997.000000
897904.000000
898831.000000
899755.000000
900678.000000
901610.000000
902586.000000
903577.000000
904542.000000
905473.000000
906426.000000
907377.000000
908318.000000
909287.000000
910289.000000
911296.000000
912286.000000
913289.000000
914300.000000
915302.000000
916282.000000
917234.000000
918195.000000
919145.000000
920065.000000
920994.000000
921956.000000
922924.000000
923873.000000
924849.000000
925841.000000
926815.000000
927767.000000
928744.000000
929717.000000
930670.000000
931616.000000
932557.000000
933504.000000
934437.000000
935362.000000
936303.000000
937258.000000
938217.000000
939170.000000
940141.000000
941122.000000
942092.000000
943042.000000
944005.000000
944989.000000
945963.000000
946894.000000
947835.000000
948787.000000
949723.000000
950673.000000
951663.000000
952648.000000
953628.000000
954638.000000
955644.000000
956624.000000
957594.000000
958567.000000
959514.000000
960445.000000
961403.000000
962364.000000
963320.000000
964264.000000
965209.000000
966176.000000
967149.000000
968123.000000
969102.000000
970076.000000
971032.000000
971977.000000
972930.000000
973906.000000
974884.000000
975847.000000
976805.000000
977810.000000
978811.000000
979779.000000
980690.000000
981618.000000
982579.000000
983532.000000
984473.000000
985458.000000
986428.000000
987385.000000
988343.000000
989319.000000
990282.000000
991222.000000
992181.000000
993133.000000
994058.000000
994970.000000
995895.000000
996821.000000
997733.000000
998648.000000
999586.000000
1000541.000000
1001491.000000
1002445.000000
1003417.000000
1004381.000000
1005344.000000
1006282.000000
1007260.000000
1008264.000000
1009262.000000
1010272.000000
1011291.000000
1012273.000000
1013233.000000
1014208.000000
1015182.000000
1016149.000000
1017099.000000
1018084.000000
1019092.000000
1020060.000000
1021009.000000
1021983.000000
1022962.000000
1023946.000000
1024911.000000
1025873.000000
1026855.000000
1027831.000000
1028790.000000
1029733.000000
1030689.000000
1031642.000000
1032582.000000
1033521.000000
1034474.000000
1035420.000000
1036352.000000
1037308.000000
1038280.000000
1039237.000000
1040180.000000
1041150.000000
1042132.000000
1043112.000000
1044079.000000
1045044.000000
1046004.000000
1046939.000000
1047860.000000
1048817.000000
1049812.000000
1050778.000000
1051737.000000
1052734.000000
1053733.000000
1054679.000000
1055598.000000
1056533.000000
1057469.000000
1058383.000000
1059310.000000
1060261.000000
1061215.000000
1062158.000000
1063119.000000
1064086.000000
1065028.000000
1065976.000000
1066951.000000
1067919.000000
1068887.000000
1069877.000000
1070855.000000
1071824.000000
1072753.000000
1073696.000000
1074656.000000
1075597.000000
1076489.000000
1077362.000000
1078234.000000
1079121.000000
1080052.000000
1080977.000000
1081888.000000
1082820.000000
1083757.000000
1084682.000000
1085596.000000
1086528.000000
1087462.000000
1088386.000000
1089304.000000
1090240.000000
1091189.000000
1092141.000000
1093116.000000
1094111.000000
1095095.000000
1096061.000000
1097036.000000
1098008.000000
1098971.000000
1099926.000000
1100897.000000
1101875.000000
1102831.000000
1103750.000000
1104684.000000
1105625.000000
1106574.000000
1107584.000000
1108631.000000
1109640.000000
1110616.000000
1111599.000000
1112575.000000
1113513.000000
1114455.000000
1115381.000000
1116285.000000
1117183.000000
1118122.000000
1119117.000000
1120095.000000
1121049.000000
1122035.000000
1123004.000000
1123936.000000
1124878.000000
1125818.000000
1126740.000000
1127676.000000
1128635.000000
1129600.000000
1130569.000000
1131523.000000
1132488.000000
1133466.000000
1134436.000000
1135393.000000
1136360.000000
1137341.000000
1138311.000000
1139259.000000
1140210.000000
1141164.000000
1142092.000000
1143005.000000
1143905.000000
1144843.000000
1145798.000000
1146748.000000
1147717.000000
1148726.000000
1149724.000000
1150695.000000
1151662.000000
1152642.000000
1153593.000000
1154505.000000
1155416.000000
1156355.000000
1157301.000000
1158245.000000
1159261.000000
1160299.000000
1161315.000000
1162335.000000
1163357.000000
1164346.000000
1165307.000000
1166276.000000
1167232.000000
1168168.000000
1169107.000000
1170082.000000
1171104.000000
1172104.000000
1173090.000000
1174107.000000
1175111.000000
1176096.000000
1177093.000000
1178093.000000
1179068.000000
1180031.000000
1181001.000000
1181956.000000
1182903.000000
1183818.000000
1184763.000000
1185728.000000
1186719.000000
1187721.000000
1188750.000000
1189787.000000
1190800.000000
1191817.000000
1192837.000000
1193850.000000
1194835.000000
1195811.000000
1196794.000000
1197770.000000
1198723.000000
1199663.000000
1200606.000000
1201551.000000
1202499.000000
1203430.000000
1204347.000000
1205295.000000
1206258.000000
1207209.000000
1208167.000000
1209155.000000
1210133.000000
1211079.000000
1212016.000000
1212977.000000
1213944.000000
1214885.000000
1215795.000000
1216739.000000
1217712.000000
1218660.000000
1219621.000000
1220623.000000
1221601.000000
1222536.000000
1223471.000000
1224406.000000
1225344.000000
1226268.000000
1227179.000000
1228118.000000
1229067.000000
1230018.000000
1230996.000000
1231988.000000
1232965.000000
1233946.000000
1234940.000000
1235935.000000
1236922.000000
1237916.000000
1238916.000000
1239906.000000
1240898.000000
1241905.000000
1242944.000000
1243964.000000
1244982.000000
1246010.000000
1247003.000000
1247971.000000
1248965.000000
1249998.000000
1251008.000000
1252011.000000
1253033.000000
1254016.000000
1254984.000000
1255965.000000
1256966.000000
1257944.000000
1258879.000000
1259828.000000
1260787.000000
1261736.000000
1262682.000000
1263694.000000
1264718.000000
1265683.000000
1266608.000000
1267548.000000
1268499.000000
1269422.000000
1270345.000000
1271305.000000
1272260.000000
1273197.000000
1274146.000000
1275106.000000
1276048.000000
1276985.000000
1277952.000000
1278921.000000
1279873.000000
1280827.000000
1281790.000000
1282745.000000
1283678.000000
1284631.000000
1285614.000000
1286593.000000
1287606.000000
1288639.000000
1289655.000000
1290642.000000
1291629.000000
1292610.000000
1293573.000000
1294558.000000
1295565.000000
1296557.000000
1297531.000000
1298522.000000
1299497.000000
1300444.000000
1301389.000000
1302335.000000
1303285.000000
1304230.000000
1305174.000000
1306140.000000
1307111.000000
1308061.000000
1309021.000000
1309976.000000
1310914.000000
1311834.000000
1312774.000000
1313735.000000
1314692.000000
1315634.000000
1316595.000000
1317539.000000
1318468.000000
1319420.000000
1320383.000000
1321332.000000
1322272.000000
1323259.000000
1324252.000000
1325230.000000
1326181.000000
1327136.000000
1328103.000000
1329027.000000
1329976.000000
1330961.000000
1331910.000000
1332855.000000
1333846.000000
1334822.000000
1335772.000000
1336730.000000
1337700.000000
1338645.000000
1339561.000000
1340513.000000
1341487.000000
1342470.000000
1343449.000000
1344464.000000
1345482.000000
1346485.000000
1347484.000000
1348474.000000
1349454.000000
1350432.000000
1351434.000000
1352451.000000
1353456.000000
1354456.000000
1355475.000000
1356473.000000
1357464.000000
1358427.000000
1359411.000000
1360379.000000
1361310.000000
1362194.000000
1363061.000000
1363927.000000
1364825.000000
1365740.000000
1366634.000000
1367520.000000
1368437.000000
1369350.000000
1370241.000000
1371160.000000
1372082.000000
1372986.000000
1373904.000000
1374839.000000
1375774.000000
1376710.000000
1377678.000000
1378640.000000
1379599.000000
1380538.000000
1381491.000000
1382453.000000
1383403.000000
1384380.000000
1385384.000000
1386388.000000
1387362.000000
1388331.000000
1389304.000000
1390276.000000
1391267.000000
1392252.000000
1393237.000000
1394209.000000
1395171.000000
1396161.000000
1397167.000000
1398154.000000
1399127.000000
1400107.000000
1401061.000000
1401982.000000
1402910.000000
1403850.000000
1404779.000000
1405681.000000
1406609.000000
1407559.000000
1408515.000000
1409505.000000
1410521.000000
1411522.000000
1412487.000000
1413468.000000
1414437.000000
1415381.000000
1416309.000000
1417252.000000
1418186.000000
1419083.000000
1419959.000000
1420804.000000
1421636.000000
1422490.000000
1423377.000000
1424318.000000
1425267.000000
1426201.000000
1427098.000000
1428025.000000
1428946.000000
1429850.000000
1430725.000000
1431615.000000
1432502.000000
1433370.000000
1434207.000000
1435023.000000
1435837.000000
1436660.000000
1437515.000000
1438399.000000
1439280.000000
1440161.000000
1441029.000000
1441875.000000
1442696.000000
1443498.000000
1444294.000000
1445104.000000
1445946.000000
1446812.000000
1447691.000000
1448571.000000
1449476.000000
1450380.000000
1451270.000000
1452177.000000
1453076.000000
1453957.000000
1454837.000000
1455726.000000
1456621.000000
1457494.000000
1458365.000000
1459243.000000
1460118.000000
1460994.000000
1461875.000000
1462721.000000
1463543.000000
1464372.000000
1465238.000000
1466114.000000
1466969.000000
1467843.000000
1468686.000000
1469524.000000
1470371.000000
1471200.000000
1472015.000000
1472835.000000
1473665.000000
1474490.000000
1475325.000000
1476188.000000
1477055.000000
1477928.000000
1478836.000000
1479751.000000
1480640.000000
1481529.000000
1482423.000000
1483304.000000
1484202.000000
1485118.000000
1486017.000000
1486927.000000
1487851.000000
1488758.000000
1489667.000000
1490586.000000
1491491.000000
1492382.000000
1493281.000000
1494180.000000
1495076.000000
1495994.000000
1496928.000000
1497856.000000
1498805.000000
1499757.000000
1500683.000000
1501615.000000
1502559.000000
1503485.000000
1504421.000000
1505358.000000
1506298.000000
1507235.000000
1508148.000000
1509076.000000
1510011.000000
1510937.000000
1511839.000000
1512739.000000
1513633.000000
1514520.000000
1515406.000000
1516306.000000
1517212.000000
1518112.000000
1519028.000000
1519959.000000
1520893.000000
1521815.000000
1522750.000000
1523697.000000
1524643.000000
1525580.000000
1526515.000000
1527455.000000
1528389.000000
1529335.000000
1530291.000000
1531236.000000
1532172.000000
1533111.000000
1534052.000000
1534992.000000
1535954.000000
1536907.000000
1537848.000000
1538783.000000
1539718.000000
1540643.000000
1541572.000000
1542526.000000
1543502.000000
1544475.000000
1545443.000000
1546407.000000
1547351.000000
1548283.000000
1549191.000000
1550102.000000
1551027.000000
1551953.000000
1552885.000000
1553825.000000
1554800.000000
1555756.000000
1556700.000000
1557658.000000
1558612.000000
1559547.000000
1560462.000000
1561383.000000
1562303.000000
1563215.000000
1564127.000000
1565051.000000
1565991.000000
1566934.000000
1567892.000000
1568876.000000
1569856.000000
1570821.000000
1571761.000000
1572690.000000
1573608.000000
1574518.000000
1575440.000000
1576396.000000
1577353.000000
1578298.000000
1579225.000000
1580162.000000
1581105.000000
1582040.000000
1582987.000000
1583947.000000
1584892.000000
1585818.000000
1586734.000000
1587649.000000
1588576.000000
1589492.000000
1590398.000000
1591323.000000
1592268.000000
1593236.000000
1594240.000000
1595255.000000
1596250.000000
1597228.000000
1598203.000000
1599140.000000
1600056.000000
1600963.000000
1601881.000000
1602808.000000
1603751.000000
1604696.000000
1605662.000000
1606622.000000
1607579.000000
1608522.000000
1609458.000000
1610383.000000
1611283.000000
1612191.000000
1613114.000000
1614052.000000
1614983.000000
1615929.000000
1616899.000000
1617859.000000
1618798.000000
1619744.000000
1620680.000000
1621610.000000
1622545.000000
1623484.000000
1624415.000000
1625326.000000
1626255.000000
1627203.000000
1628152.000000
1629118.000000
1630111.000000
1631103.000000
1632085.000000
1633082.000000
1634077.000000
1635060.000000
1636027.000000
1637011.000000
1637988.000000
1638962.000000
1639917.000000
1640880.000000
1641864.000000
1642802.000000
1643754.000000
1644735.000000
1645708.000000
1646663.000000
1647645.000000
1648635.000000
1649587.000000
1650556.000000
1651537.000000
1652488.000000
1653418.000000
1654345.000000
1655281.000000
1656222.000000
1657157.000000
1658093.000000
1659048.000000
1659990.000000
1660923.000000
1661867.000000
1662812.000000
1663756.000000
1664693.000000
1665660.000000
1666663.000000
1667665.000000
1668670.000000
1669683.000000
1670690.000000
1671675.000000
1672642.000000
1673616.000000
1674584.000000
1675545.000000
1676496.000000
1677454.000000
1678425.000000
1679386.000000
1680365.000000
1681370.000000
1682374.000000
1683366.000000
1684335.000000
1685306.000000
1686250.000000
1687177.000000
1688128.000000
1689115.000000
1690123.000000
1691103.000000
1692091.000000
1693095.000000
1694073.000000
1695028.000000
1695999.000000
1696975.000000
1697945.000000
1698881.000000
1699816.000000
1700756.000000
1701693.000000
1702633.000000
1703608.000000
1704618.000000
1705603.000000
1706574.000000
1707578.000000
1708567.000000
1709541.000000
1710529.000000
1711527.000000
1712506.000000
1713456.000000
1714424.000000
1715391.000000
1716328.000000
1717250.000000
1718187.000000
1719124.000000
1720071.000000
1721035.000000
1722043.000000
1723062.000000
1724067.000000
1725083.000000
1726099.000000
1727083.000000
1728036.000000
1729012.000000
1729983.000000
1730959.000000
1731903.000000
1732857.000000
1733821.000000
1734774.000000
1735718.000000
1736682.000000
1737657.000000
1738611.000000
1739591.000000
1740572.000000
1741526.000000
1742455.000000
1743396.000000
1744352.000000
1745285.000000
1746225.000000
1747206.000000
1748207.000000
1749199.000000
1750200.000000
1751220.000000
1752221.000000
1753208.000000
1754201.000000
1755190.000000
1756176.000000
1757151.000000
1758159.000000
1759146.000000
1760097.000000
1761019.000000
1761988.000000
1762989.000000
1764000.000000
1765025.000000
1766055.000000
1767056.000000
1768024.000000
1768993.000000
1769948.000000
1770877.000000
1771784.000000
1772698.000000
1773615.000000
1774532.000000
1775472.000000
1776447.000000
1777419.000000
1778387.000000
1779361.000000
1780353.000000
1781315.000000
1782252.000000
1783185.000000
1784131.000000
1785092.000000
1786051.000000
1787039.000000
1788033.000000
1789016.000000
1789982.000000
1790962.000000
1791955.000000
1792914.000000
1793853.000000
1794825.000000
1795796.000000
1796779.000000
1797747.000000
1798701.000000
