Peaks (s)
530.000000
1571.000000
2486.000000
3375.000000
4384.000000
5346.000000
6272.000000
7362.000000
8433.000000
9343.000000
10293.000000
11177.000000
12010.000000
12928.000000
14103.000000
15151.000000
16188.000000
17297.000000
18214.000000
19111.000000
20022.000000
20993.000000
21907.000000
22895.000000
24183.000000
25270.000000
26357.000000
27337.000000
28297.000000
29386.000000
30381.000000
31394.000000
32468.000000
33439.000000
34483.000000
35602.000000
36583.000000
37650.000000
38708.000000
39654.000000
40726.000000
41803.000000
42879.000000
43999.000000
44991.000000
46067.000000
47124.000000
48160.000000
49242.000000
50204.000000
51281.000000
52296.000000
53345.000000
54474.000000
55494.000000
56555.000000
57553.000000
58587.000000
59680.000000
60682.000000
61770.000000
62778.000000
63776.000000
64866.000000
65833.000000
66832.000000
67847.000000
68765.000000
69757.000000
70674.000000
71481.000000
72250.000000
73043.000000
73854.000000
74614.000000
75841.000000
77000.000000
78049.000000
79131.000000
80339.000000
81474.000000
82497.000000
83553.000000
84740.000000
85797.000000
86854.000000
88035.000000
89217.000000
90261.000000
91304.000000
92395.000000
93341.000000
94306.000000
95478.000000
96655.000000
97711.000000
98860.000000
99984.000000
101030.000000
102152.000000
103250.000000
104255.000000
105364.000000
106484.000000
107564.000000
108692.000000
109804.000000
110863.000000
111914.000000
112979.000000
114030.000000
115125.000000
116223.000000
117220.000000
118163.000000
119274.000000
120462.000000
121505.000000
122608.000000
123732.000000
124729.000000
125825.000000
126949.000000
127959.000000
129021.000000
130121.000000
131195.000000
132341.000000
133458.000000
134480.000000
135545.000000
136593.000000
137602.000000
138721.000000
139746.000000
140790.000000
141975.000000
143078.000000
144166.000000
145294.000000
146379.000000
147442.000000
148512.000000
149517.000000
150600.000000
151750.000000
152804.000000
153946.000000
155023.000000
156099.000000
157219.000000
158305.000000
159256.000000
160137.000000
160964.000000
161766.000000
162549.000000
163428.000000
164717.000000
165905.000000
167061.000000
168141.000000
169285.000000
170397.000000
171371.000000
172410.000000
173478.000000
174413.000000
175556.000000
176816.000000
177872.000000
179009.000000
180159.000000
181176.000000
182275.000000
183326.000000
184348.000000
185473.000000
186523.000000
187651.000000
188773.000000
189811.000000
190883.000000
191981.000000
192977.000000
193999.000000
195014.000000
195960.000000
196934.000000
198067.000000
199076.000000
200079.000000
201138.000000
202192.000000
203159.000000
204218.000000
205258.000000
206246.000000
207276.000000
208355.000000
209352.000000
210347.000000
211395.000000
212361.000000
213364.000000
214407.000000
215386.000000
216311.000000
217297.000000
218359.000000
219331.000000
220295.000000
221384.000000
222500.000000
223510.000000
224563.000000
225621.000000
226621.000000
227651.000000
228685.000000
229642.000000
230657.000000
231733.000000
232758.000000
233808.000000
234827.000000
235819.000000
236838.000000
237805.000000
238815.000000
239825.000000
240787.000000
241844.000000
242862.000000
243831.000000
244895.000000
245931.000000
246964.000000
248027.000000
249033.000000
250063.000000
251116.000000
252107.000000
253135.000000
254184.000000
255152.000000
256150.000000
257180.000000
258169.000000
259233.000000
260303.000000
261324.000000
262420.000000
263498.000000
264508.000000
265528.000000
266503.000000
267469.000000
268686.000000
269792.000000
270875.000000
272029.000000
273016.000000
273878.000000
274664.000000
275431.000000
276169.000000
276986.000000
278056.000000
279026.000000
279963.000000
280996.000000
282056.000000
283051.000000
284059.000000
284980.000000
285858.000000
286785.000000
287671.000000
288538.000000
289368.000000
290340.000000
291457.000000
292413.000000
293355.000000
294409.000000
295407.000000
296345.000000
297356.000000
298374.000000
299335.000000
300344.000000
301658.000000
302822.000000
303939.000000
305125.000000
306189.000000
307261.000000
308381.000000
309434.000000
310546.000000
311669.000000
312763.000000
313943.000000
315047.000000
316134.000000
317310.000000
318405.000000
319519.000000
320684.000000
321748.000000
322901.000000
324051.000000
325132.000000
326315.000000
327517.000000
328633.000000
329793.000000
330884.000000
331953.000000
333108.000000
334241.000000
335410.000000
336557.000000
337780.000000
338935.000000
340081.000000
341191.000000
342285.000000
343412.000000
344467.000000
345580.000000
346723.000000
347772.000000
348846.000000
349887.000000
350858.000000
351994.000000
353166.000000
354270.000000
355418.000000
356517.000000
357534.000000
358568.000000
359545.000000
360488.000000
361560.000000
362618.000000
363625.000000
364707.000000
365700.000000
366736.000000
367763.000000
368772.000000
369852.000000
370953.000000
371957.000000
373017.000000
374121.000000
375154.000000
376217.000000
377315.000000
378343.000000
379379.000000
380462.000000
381496.000000
382518.000000
383595.000000
384601.000000
385570.000000
386579.000000
387541.000000
388413.000000
389228.000000
390018.000000
390793.000000
391546.000000
392291.000000
393129.000000
394366.000000
395444.000000
396378.000000
397151.000000
397914.000000
398787.000000
400033.000000
401080.000000
402082.000000
403195.000000
404273.000000
405282.000000
406331.000000
407435.000000
408596.000000
409626.000000
410687.000000
411811.000000
412862.000000
413896.000000
415039.000000
416124.000000
417114.000000
418242.000000
419435.000000
420518.000000
421558.000000
422713.000000
423848.000000
424889.000000
425961.000000
427056.000000
428091.000000
429209.000000
430372.000000
431455.000000
432485.000000
433508.000000
434709.000000
435886.000000
437031.000000
438201.000000
439331.000000
440527.000000
441703.000000
442786.000000
443874.000000
444964.000000
446036.000000
447035.000000
448196.000000
449297.000000
450409.000000
451534.000000
452590.000000
453613.000000
454730.000000
455854.000000
456967.000000
458157.000000
459302.000000
460402.000000
461530.000000
462668.000000
463758.000000
464902.000000
466050.000000
467118.000000
468215.000000
469295.000000
470306.000000
471404.000000
472608.000000
473662.000000
474754.000000
475872.000000
476892.000000
477948.000000
479140.000000
480278.000000
481383.000000
482498.000000
483595.000000
484662.000000
485768.000000
486854.000000
487925.000000
489052.000000
490124.000000
491210.000000
492306.000000
493420.000000
494516.000000
495655.000000
496772.000000
497868.000000
498955.000000
500047.000000
501142.000000
502201.000000
503313.000000
504483.000000
505599.000000
506674.000000
507771.000000
508844.000000
509886.000000
511048.000000
512239.000000
513401.000000
514565.000000
515691.000000
516804.000000
517887.000000
518904.000000
519967.000000
521153.000000
522266.000000
523448.000000
524657.000000
525773.000000
526866.000000
527917.000000
528937.000000
529993.000000
531031.000000
532051.000000
533144.000000
534242.000000
535249.000000
536292.000000
537348.000000
538367.000000
539423.000000
540455.000000
541456.000000
542508.000000
543469.000000
544438.000000
545442.000000
546403.000000
547435.000000
548554.000000
549591.000000
550630.000000
551741.000000
552805.000000
553885.000000
554943.000000
555980.000000
557091.000000
558184.000000
559208.000000
560275.000000
561321.000000
562384.000000
563490.000000
564519.000000
565604.000000
566710.000000
567772.000000
568879.000000
569908.000000
570975.000000
572108.000000
573223.000000
574351.000000
575413.000000
576381.000000
577238.000000
578107.000000
579072.000000
580060.000000
581038.000000
581916.000000
582708.000000
583489.000000
584343.000000
585239.000000
586050.000000
587297.000000
588338.000000
589378.000000
590495.000000
591496.000000
592430.000000
593415.000000
594396.000000
595354.000000
596388.000000
597430.000000
598411.000000
599387.000000
600452.000000
601506.000000
602466.000000
603460.000000
604512.000000
605461.000000
606435.000000
607546.000000
608558.000000
609579.000000
610618.000000
611588.000000
612565.000000
613504.000000
614485.000000
