Peaks (s)
326.000000
1187.000000
2054.000000
2921.000000
3794.000000
4675.000000
5566.000000
6439.000000
7318.000000
8208.000000
9077.000000
9946.000000
10818.000000
11702.000000
12592.000000
13484.000000
14383.000000
15297.000000
16197.000000
17074.000000
17966.000000
18863.000000
19760.000000
20683.000000
21617.000000
22524.000000
23416.000000
24336.000000
25276.000000
26214.000000
27125.000000
28026.000000
28938.000000
29876.000000
30823.000000
31778.000000
32704.000000
33610.000000
34516.000000
35431.000000
36345.000000
37227.000000
38111.000000
39014.000000
39941.000000
40861.000000
41783.000000
42718.000000
43649.000000
44567.000000
45478.000000
46365.000000
47262.000000
48158.000000
49053.000000
49936.000000
50816.000000
51697.000000
52566.000000
53445.000000
54316.000000
55185.000000
56075.000000
56969.000000
57860.000000
58756.000000
59636.000000
60515.000000
61400.000000
62289.000000
63159.000000
64038.000000
64906.000000
65764.000000
66628.000000
67503.000000
68393.000000
69286.000000
70152.000000
71038.000000
71922.000000
72812.000000
73693.000000
74568.000000
75453.000000
76345.000000
77225.000000
78086.000000
78945.000000
79804.000000
80667.000000
81541.000000
82395.000000
83267.000000
84157.000000
85028.000000
85886.000000
86739.000000
87609.000000
88503.000000
89400.000000
90285.000000
91163.000000
92054.000000
92960.000000
93876.000000
94787.000000
95701.000000
96596.000000
97493.000000
98384.000000
99263.000000
100138.000000
101002.000000
101886.000000
102792.000000
103714.000000
104664.000000
105592.000000
106508.000000
107430.000000
108353.000000
109282.000000
110203.000000
111116.000000
112016.000000
112917.000000
113818.000000
114734.000000
115654.000000
116563.000000
117458.000000
118380.000000
119329.000000
120272.000000
121199.000000
122118.000000
123038.000000
123993.000000
124942.000000
125867.000000
126782.000000
127682.000000
128589.000000
129497.000000
130424.000000
131361.000000
132305.000000
133262.000000
134213.000000
135127.000000
136029.000000
136951.000000
137888.000000
138838.000000
139754.000000
140664.000000
141571.000000
142487.000000
143408.000000
144306.000000
145182.000000
146064.000000
146997.000000
147957.000000
148916.000000
149855.000000
150753.000000
151678.000000
152622.000000
153558.000000
154459.000000
155349.000000
156256.000000
157133.000000
158011.000000
158877.000000
159753.000000
160638.000000
161548.000000
162443.000000
163324.000000
164196.000000
165087.000000
165994.000000
166898.000000
167795.000000
168684.000000
169568.000000
170464.000000
171370.000000
172269.000000
173153.000000
174041.000000
174949.000000
175864.000000
176800.000000
177715.000000
178619.000000
179527.000000
180446.000000
181372.000000
182261.000000
183156.000000
184072.000000
184997.000000
185951.000000
186886.000000
187794.000000
188703.000000
189639.000000
190576.000000
191485.000000
192390.000000
193311.000000
194234.000000
195159.000000
196111.000000
197054.000000
197971.000000
198899.000000
199849.000000
200797.000000
201730.000000
202643.000000
203539.000000
204464.000000
205382.000000
206309.000000
207218.000000
208125.000000
209047.000000
209989.000000
210939.000000
211853.000000
212737.000000
213626.000000
214520.000000
215406.000000
216270.000000
217131.000000
218004.000000
218893.000000
219787.000000
220674.000000
221565.000000
222458.000000
223339.000000
224232.000000
225159.000000
226062.000000
226961.000000
227868.000000
228777.000000
229690.000000
230595.000000
231494.000000
232403.000000
233318.000000
234237.000000
235138.000000
236010.000000
236881.000000
237771.000000
238681.000000
239597.000000
240488.000000
241411.000000
242359.000000
243296.000000
244199.000000
245102.000000
246007.000000
246927.000000
247859.000000
248760.000000
249645.000000
250542.000000
251445.000000
252380.000000
253305.000000
254215.000000
255133.000000
256076.000000
257014.000000
257968.000000
258888.000000
259815.000000
260770.000000
261743.000000
262717.000000
263666.000000
264614.000000
265568.000000
266539.000000
267521.000000
268488.000000
269462.000000
270483.000000
271526.000000
272557.000000
273546.000000
274525.000000
275527.000000
276508.000000
277443.000000
278350.000000
279298.000000
280266.000000
281221.000000
282186.000000
283102.000000
284002.000000
284919.000000
285870.000000
286824.000000
287767.000000
288679.000000
289613.000000
290527.000000
291450.000000
292363.000000
293260.000000
294169.000000
295080.000000
296006.000000
296933.000000
297838.000000
298754.000000
299669.000000
300582.000000
301481.000000
302359.000000
303241.000000
304130.000000
305035.000000
305935.000000
306825.000000
307731.000000
308630.000000
309527.000000
310422.000000
311315.000000
312207.000000
313109.000000
314015.000000
314922.000000
315816.000000
316712.000000
317634.000000
318552.000000
319473.000000
320364.000000
321247.000000
322138.000000
323038.000000
323957.000000
324857.000000
325757.000000
326677.000000
327606.000000
328530.000000
329457.000000
330397.000000
331293.000000
332201.000000
333119.000000
334059.000000
334985.000000
335888.000000
336772.000000
337661.000000
338541.000000
339418.000000
340279.000000
341139.000000
342031.000000
342911.000000
343791.000000
344655.000000
345530.000000
346422.000000
347305.000000
348162.000000
349008.000000
349880.000000
350756.000000
351628.000000
352501.000000
353399.000000
354301.000000
355207.000000
356099.000000
356992.000000
357872.000000
358764.000000
359657.000000
360545.000000
361421.000000
362299.000000
363191.000000
364087.000000
364986.000000
365868.000000
366753.000000
367655.000000
368602.000000
369573.000000
370526.000000
371457.000000
372408.000000
373340.000000
374284.000000
375211.000000
376135.000000
377065.000000
377998.000000
378932.000000
379839.000000
380730.000000
381636.000000
382567.000000
383483.000000
384407.000000
385325.000000
386239.000000
387167.000000
388103.000000
389019.000000
389916.000000
390813.000000
391734.000000
392665.000000
393614.000000
394546.000000
395462.000000
396409.000000
397353.000000
398277.000000
399207.000000
400164.000000
401130.000000
402074.000000
403003.000000
403943.000000
404888.000000
405828.000000
406749.000000
407689.000000
408621.000000
409558.000000
410482.000000
411438.000000
412385.000000
413328.000000
414250.000000
415205.000000
416190.000000
417179.000000
418131.000000
419111.000000
420117.000000
421095.000000
422035.000000
422973.000000
423912.000000
424872.000000
425811.000000
426733.000000
427650.000000
428592.000000
429521.000000
430414.000000
431308.000000
432219.000000
433157.000000
434095.000000
435015.000000
435938.000000
436870.000000
437809.000000
438751.000000
439665.000000
440553.000000
441435.000000
442328.000000
443258.000000
444175.000000
445062.000000
445935.000000
446765.000000
447580.000000
448441.000000
449390.000000
450342.000000
451258.000000
452194.000000
453152.000000
454092.000000
455029.000000
455927.000000
456826.000000
457724.000000
458637.000000
459552.000000
460458.000000
461374.000000
462291.000000
463235.000000
464163.000000
465106.000000
466048.000000
467000.000000
467958.000000
468923.000000
469893.000000
470840.000000
471758.000000
472666.000000
473619.000000
474577.000000
475526.000000
476460.000000
477377.000000
478289.000000
479221.000000
480148.000000
481060.000000
481994.000000
482959.000000
483939.000000
484904.000000
485827.000000
486764.000000
487713.000000
488649.000000
489599.000000
490514.000000
491444.000000
492406.000000
493370.000000
494311.000000
495235.000000
496179.000000
497139.000000
498091.000000
499021.000000
499944.000000
500896.000000
501867.000000
502843.000000
503805.000000
504760.000000
505760.000000
506755.000000
507730.000000
508714.000000
509674.000000
510655.000000
511635.000000
512594.000000
513543.000000
514521.000000
515517.000000
516544.000000
517541.000000
518494.000000
519441.000000
520388.000000
521335.000000
522291.000000
523262.000000
524229.000000
525204.000000
526129.000000
527036.000000
527958.000000
528905.000000
529852.000000
530782.000000
531707.000000
532639.000000
533594.000000
534539.000000
535466.000000
536388.000000
537323.000000
538280.000000
539242.000000
540171.000000
541079.000000
542001.000000
542927.000000
543840.000000
544752.000000
545640.000000
546522.000000
547442.000000
548389.000000
549343.000000
550287.000000
551229.000000
552189.000000
553155.000000
554173.000000
555134.000000
556037.000000
556927.000000
557837.000000
558755.000000
559677.000000
560594.000000
561499.000000
562418.000000
563358.000000
564324.000000
565280.000000
566207.000000
567133.000000
568069.000000
569031.000000
569995.000000
570954.000000
571875.000000
572807.000000
573772.000000
574746.000000
575727.000000
576686.000000
577652.000000
578620.000000
579610.000000
580579.000000
581520.000000
582457.000000
583402.000000
584362.000000
585329.000000
586277.000000
587252.000000
588265.000000
589293.000000
590347.000000
591377.000000
592363.000000
593348.000000
594335.000000
595342.000000
596312.000000
597261.000000
598220.000000
599187.000000
600202.000000
601223.000000
602189.000000
603135.000000
604105.000000
605078.000000
606070.000000
607044.000000
608022.000000
609029.000000
610064.000000
611055.000000
612013.000000
613004.000000
614023.000000
615065.000000
616111.000000
617099.000000
618083.000000
619111.000000
620170.000000
621174.000000
622143.000000
623138.000000
624091.000000
625023.000000
625913.000000
626816.000000
627748.000000
628712.000000
629677.000000
630614.000000
631539.000000
632491.000000
633494.000000
634444.000000
635365.000000
636294.000000
637237.000000
638151.000000
639059.000000
639938.000000
640822.000000
641716.000000
642614.000000
643523.000000
644403.000000
645305.000000
646206.000000
647112.000000
648023.000000
648913.000000
649816.000000
650727.000000
651640.000000
652548.000000
653448.000000
654354.000000
655269.000000
656197.000000
657122.000000
658063.000000
658964.000000
659868.000000
660767.000000
661681.000000
662606.000000
663538.000000
664426.000000
665327.000000
666238.000000
667169.000000
668103.000000
669027.000000
669938.000000
670854.000000
671791.000000
672736.000000
673653.000000
674594.000000
675525.000000
676478.000000
677418.000000
678360.000000
679274.000000
680207.000000
681154.000000
682090.000000
683040.000000
683968.000000
684911.000000
685874.000000
686833.000000
687780.000000
688723.000000
689652.000000
690579.000000
691500.000000
692400.000000
693310.000000
694253.000000
695179.000000
696089.000000
696979.000000
697880.000000
698785.000000
699684.000000
700566.000000
701442.000000
702333.000000
703251.000000
704162.000000
705068.000000
705967.000000
706868.000000
707767.000000
708671.000000
709564.000000
710453.000000
711370.000000
712298.000000
713244.000000
714142.000000
715025.000000
715930.000000
716840.000000
717768.000000
718711.000000
719639.000000
720580.000000
721582.000000
722615.000000
723627.000000
724603.000000
725571.000000
726547.000000
727524.000000
728473.000000
729397.000000
730363.000000
731345.000000
732341.000000
733348.000000
734328.000000
735320.000000
736322.000000
737328.000000
738303.000000
739280.000000
740278.000000
741261.000000
742240.000000
743194.000000
744175.000000
745199.000000
746258.000000
747314.000000
748297.000000
749210.000000
750150.000000
751100.000000
752031.000000
752948.000000
753916.000000
754895.000000
755843.000000
756766.000000
757710.000000
758676.000000
759630.000000
760584.000000
761502.000000
762415.000000
763365.000000
764319.000000
765269.000000
766196.000000
767126.000000
768079.000000
769040.000000
769999.000000
770930.000000
771846.000000
772780.000000
773717.000000
774668.000000
775613.000000
776537.000000
777450.000000
778378.000000
779324.000000
780291.000000
781244.000000
782169.000000
783116.000000
784074.000000
785026.000000
785956.000000
786871.000000
787794.000000
788722.000000
789672.000000
790613.000000
791530.000000
792477.000000
793446.000000
794413.000000
795326.000000
796211.000000
797106.000000
798022.000000
798919.000000
799806.000000
800692.000000
801598.000000
802550.000000
803488.000000
804399.000000
805314.000000
806236.000000
807146.000000
808040.000000
808928.000000
809826.000000
810734.000000
811640.000000
812525.000000
813431.000000
814359.000000
815308.000000
816220.000000
817114.000000
818021.000000
818924.000000
819840.000000
820734.000000
821641.000000
822583.000000
823543.000000
824484.000000
825427.000000
826380.000000
827326.000000
828259.000000
829171.000000
830071.000000
830965.000000
831890.000000
832830.000000
833759.000000
834647.000000
835549.000000
836467.000000
837415.000000
838344.000000
839276.000000
840186.000000
841121.000000
842052.000000
842964.000000
843894.000000
844832.000000
845766.000000
846678.000000
847600.000000
848515.000000
849443.000000
850368.000000
851280.000000
852193.000000
853121.000000
854067.000000
855000.000000
855923.000000
856864.000000
857813.000000
858739.000000
859646.000000
860585.000000
861537.000000
862484.000000
863423.000000
864329.000000
865261.000000
866203.000000
867130.000000
868044.000000
868937.000000
869867.000000
870823.000000
871806.000000
872730.000000
873648.000000
874594.000000
875567.000000
876512.000000
877434.000000
878393.000000
879349.000000
880319.000000
881285.000000
882208.000000
883143.000000
884100.000000
885059.000000
886005.000000
886947.000000
887897.000000
888864.000000
889815.000000
890736.000000
891690.000000
892691.000000
893695.000000
894653.000000
895602.000000
896603.000000
897592.000000
898620.000000
899630.000000
900624.000000
