Peaks (s)
539.000000
1210.000000
1895.000000
2575.000000
3270.000000
3948.000000
4618.000000
5289.000000
5967.000000
6645.000000
7318.000000
7984.000000
8646.000000
9305.000000
9960.000000
10627.000000
11285.000000
11945.000000
12597.000000
13254.000000
13905.000000
14563.000000
15231.000000
15906.000000
16607.000000
17309.000000
18010.000000
18718.000000
19422.000000
20111.000000
20790.000000
21452.000000
22107.000000
22751.000000
23399.000000
24041.000000
24657.000000
25255.000000
25857.000000
26492.000000
27153.000000
27829.000000
28531.000000
29246.000000
29941.000000
30634.000000
31324.000000
32009.000000
32687.000000
33349.000000
34010.000000
34674.000000
35356.000000
36034.000000
36711.000000
37394.000000
38079.000000
38768.000000
39460.000000
40139.000000
40821.000000
41497.000000
42162.000000
42823.000000
43484.000000
44146.000000
44814.000000
45506.000000
46208.000000
46899.000000
47595.000000
48299.000000
49011.000000
49724.000000
50407.000000
51064.000000
51719.000000
52377.000000
53042.000000
53713.000000
54385.000000
55052.000000
55723.000000
56406.000000
57101.000000
57791.000000
58484.000000
59161.000000
59823.000000
60481.000000
61132.000000
61780.000000
62435.000000
63091.000000
63740.000000
64396.000000
65061.000000
65766.000000
66465.000000
67165.000000
67870.000000
68590.000000
69322.000000
70076.000000
70826.000000
71534.000000
72211.000000
72883.000000
73550.000000
74233.000000
74896.000000
75555.000000
76214.000000
76880.000000
77561.000000
78249.000000
78937.000000
79624.000000
80326.000000
81029.000000
81733.000000
82407.000000
83074.000000
83736.000000
84394.000000
85038.000000
85676.000000
86320.000000
86972.000000
87634.000000
88297.000000
88952.000000
89611.000000
90271.000000
90920.000000
91542.000000
92145.000000
92742.000000
93349.000000
93968.000000
94598.000000
95245.000000
95890.000000
96527.000000
97166.000000
97811.000000
98457.000000
99093.000000
99731.000000
100365.000000
101006.000000
101660.000000
102328.000000
102997.000000
103683.000000
104372.000000
105064.000000
105733.000000
106397.000000
107053.000000
107706.000000
108367.000000
109023.000000
109676.000000
110326.000000
110983.000000
111647.000000
112314.000000
112968.000000
113614.000000
114257.000000
114893.000000
115535.000000
116180.000000
116835.000000
117486.000000
118157.000000
118838.000000
119513.000000
120193.000000
120872.000000
121564.000000
122239.000000
122909.000000
123568.000000
124223.000000
124882.000000
125542.000000
126198.000000
126848.000000
127502.000000
128157.000000
128827.000000
129495.000000
130151.000000
130803.000000
131460.000000
132152.000000
132847.000000
133515.000000
134180.000000
134846.000000
135521.000000
136176.000000
136825.000000
137472.000000
138116.000000
138766.000000
139410.000000
140058.000000
140716.000000
141392.000000
142078.000000
142761.000000
143429.000000
144083.000000
144728.000000
145376.000000
146028.000000
146684.000000
147333.000000
147987.000000
148639.000000
149296.000000
149959.000000
150646.000000
151324.000000
152000.000000
152676.000000
153372.000000
154064.000000
154737.000000
155404.000000
156085.000000
156755.000000
157430.000000
158090.000000
158750.000000
159407.000000
160075.000000
160741.000000
161402.000000
162061.000000
162727.000000
163400.000000
164094.000000
164767.000000
165441.000000
166111.000000
166784.000000
167460.000000
168131.000000
168801.000000
169475.000000
170144.000000
170811.000000
171466.000000
172121.000000
172777.000000
173433.000000
174088.000000
174738.000000
175395.000000
176044.000000
176694.000000
177334.000000
177971.000000
178599.000000
179219.000000
179842.000000
180466.000000
181094.000000
181733.000000
182378.000000
183033.000000
183718.000000
184414.000000
185124.000000
185812.000000
186492.000000
187166.000000
187821.000000
188473.000000
189123.000000
189773.000000
190422.000000
191066.000000
191705.000000
192343.000000
192987.000000
193634.000000
194287.000000
194939.000000
195580.000000
196223.000000
196866.000000
197513.000000
198157.000000
198803.000000
199460.000000
200121.000000
200804.000000
201495.000000
202172.000000
202830.000000
203480.000000
204122.000000
204751.000000
205375.000000
205995.000000
206625.000000
207275.000000
207937.000000
208608.000000
209277.000000
209948.000000
210628.000000
211288.000000
211949.000000
212605.000000
213263.000000
213908.000000
214552.000000
215197.000000
215854.000000
216504.000000
217154.000000
217818.000000
218480.000000
219140.000000
219791.000000
220436.000000
221085.000000
221724.000000
222365.000000
223011.000000
223675.000000
224345.000000
225013.000000
225673.000000
226334.000000
226993.000000
227655.000000
228324.000000
228992.000000
229651.000000
230305.000000
230978.000000
231662.000000
232342.000000
233024.000000
233703.000000
234360.000000
235011.000000
235658.000000
236306.000000
236965.000000
237619.000000
238286.000000
238945.000000
239609.000000
240278.000000
240951.000000
241610.000000
242263.000000
242919.000000
243588.000000
244247.000000
244905.000000
245560.000000
246213.000000
246873.000000
247531.000000
248194.000000
248844.000000
249499.000000
250150.000000
250814.000000
251479.000000
252152.000000
252822.000000
253505.000000
254176.000000
254843.000000
255504.000000
256161.000000
256810.000000
257447.000000
258083.000000
258719.000000
259351.000000
259970.000000
260566.000000
261160.000000
261759.000000
262368.000000
262985.000000
263621.000000
264268.000000
264910.000000
265566.000000
266229.000000
266897.000000
267574.000000
268237.000000
268889.000000
269546.000000
270216.000000
270888.000000
271552.000000
272216.000000
272867.000000
273508.000000
274145.000000
274785.000000
275429.000000
276083.000000
276737.000000
277387.000000
278035.000000
278694.000000
279370.000000
280047.000000
280725.000000
281398.000000
282077.000000
282749.000000
283416.000000
284079.000000
284741.000000
285396.000000
286054.000000
286707.000000
287359.000000
288004.000000
288647.000000
289286.000000
289935.000000
290597.000000
291280.000000
291982.000000
292659.000000
293329.000000
293998.000000
294664.000000
295329.000000
295977.000000
296621.000000
297267.000000
297917.000000
298580.000000
299247.000000
299896.000000
300549.000000
301195.000000
301839.000000
302490.000000
303141.000000
303788.000000
304430.000000
305074.000000
305717.000000
306368.000000
307016.000000
307673.000000
308333.000000
308980.000000
309628.000000
310282.000000
310947.000000
311620.000000
312302.000000
312976.000000
313638.000000
314290.000000
314945.000000
315604.000000
316257.000000
316912.000000
317557.000000
318199.000000
318837.000000
319480.000000
320126.000000
320787.000000
321455.000000
322126.000000
322788.000000
323450.000000
324099.000000
324743.000000
325389.000000
326027.000000
326665.000000
327301.000000
327938.000000
328575.000000
329216.000000
329860.000000
330522.000000
331194.000000
331863.000000
332525.000000
333176.000000
333827.000000
334473.000000
335107.000000
335735.000000
336367.000000
337002.000000
337635.000000
338267.000000
338902.000000
339535.000000
340183.000000
340853.000000
341521.000000
342197.000000
342857.000000
343513.000000
344153.000000
344796.000000
345434.000000
346077.000000
346717.000000
347353.000000
347990.000000
348631.000000
349277.000000
349948.000000
350617.000000
351279.000000
351927.000000
352574.000000
353226.000000
353891.000000
354553.000000
355209.000000
355853.000000
356496.000000
357138.000000
357790.000000
358438.000000
359090.000000
359755.000000
360424.000000
361108.000000
361787.000000
362461.000000
363125.000000
363781.000000
364447.000000
365099.000000
365740.000000
366370.000000
366999.000000
367632.000000
368277.000000
368924.000000
369575.000000
370226.000000
370894.000000
371558.000000
372207.000000
372845.000000
373481.000000
374123.000000
374771.000000
375421.000000
376079.000000
376742.000000
377428.000000
378108.000000
378780.000000
379446.000000
380114.000000
380795.000000
381456.000000
382104.000000
382744.000000
383385.000000
384027.000000
384660.000000
385281.000000
385904.000000
386524.000000
387160.000000
387812.000000
388479.000000
389143.000000
389805.000000
390465.000000
391116.000000
391761.000000
392400.000000
393046.000000
393689.000000
394320.000000
394951.000000
395587.000000
396234.000000
396872.000000
397507.000000
398132.000000
398758.000000
399393.000000
400036.000000
400674.000000
401314.000000
401941.000000
402552.000000
403143.000000
403722.000000
404307.000000
404910.000000
405528.000000
406153.000000
406798.000000
407441.000000
408064.000000
408688.000000
409309.000000
409934.000000
410555.000000
411174.000000
411797.000000
412428.000000
413063.000000
413709.000000
414362.000000
415011.000000
415680.000000
416336.000000
416994.000000
417661.000000
418313.000000
418977.000000
419626.000000
420269.000000
420918.000000
421571.000000
422225.000000
422868.000000
423509.000000
424139.000000
424769.000000
425407.000000
426056.000000
426708.000000
427358.000000
428014.000000
428670.000000
429334.000000
429986.000000
430631.000000
431268.000000
431907.000000
432545.000000
433178.000000
433799.000000
434414.000000
435045.000000
435668.000000
436304.000000
436949.000000
437591.000000
438235.000000
438894.000000
439558.000000
440222.000000
440870.000000
441507.000000
442142.000000
442785.000000
443426.000000
444057.000000
444683.000000
445306.000000
445939.000000
446585.000000
447241.000000
447893.000000
448545.000000
449218.000000
449906.000000
450588.000000
451242.000000
451890.000000
452532.000000
453180.000000
453829.000000
454480.000000
455122.000000
455766.000000
456408.000000
457059.000000
457718.000000
458390.000000
459069.000000
459741.000000
460416.000000
461079.000000
461739.000000
462399.000000
463060.000000
463719.000000
464375.000000
465023.000000
465673.000000
466322.000000
466983.000000
467637.000000
468294.000000
468951.000000
469620.000000
470288.000000
470959.000000
471620.000000
472274.000000
472925.000000
473575.000000
474221.000000
474863.000000
475510.000000
476165.000000
476842.000000
477500.000000
478118.000000
478720.000000
479335.000000
479968.000000
480613.000000
481263.000000
481932.000000
482616.000000
483288.000000
483946.000000
484598.000000
485256.000000
485920.000000
486578.000000
487226.000000
487868.000000
488509.000000
489146.000000
489784.000000
490429.000000
491063.000000
491697.000000
492330.000000
492973.000000
493626.000000
494289.000000
494951.000000
495613.000000
496278.000000
496945.000000
497613.000000
498265.000000
498910.000000
499555.000000
500201.000000
500849.000000
501503.000000
502152.000000
502797.000000
503450.000000
504118.000000
504796.000000
505460.000000
506122.000000
506779.000000
507438.000000
508101.000000
508777.000000
509456.000000
510118.000000
510772.000000
511422.000000
512064.000000
512699.000000
513341.000000
513988.000000
514654.000000
515331.000000
516002.000000
516665.000000
517320.000000
517981.000000
518639.000000
519293.000000
519949.000000
520602.000000
521250.000000
521896.000000
522548.000000
523200.000000
523863.000000
524527.000000
525183.000000
525830.000000
526468.000000
527114.000000
527756.000000
528397.000000
529037.000000
529681.000000
530341.000000
531028.000000
531713.000000
532384.000000
533044.000000
533694.000000
534349.000000
535008.000000
535657.000000
536296.000000
536932.000000
537573.000000
538231.000000
538899.000000
539552.000000
540196.000000
540832.000000
541474.000000
542127.000000
542775.000000
543418.000000
544060.000000
544711.000000
545381.000000
546058.000000
546733.000000
547387.000000
548028.000000
548659.000000
549303.000000
549957.000000
550623.000000
551281.000000
551937.000000
552587.000000
553242.000000
553912.000000
554577.000000
555240.000000
555899.000000
556566.000000
557231.000000
557881.000000
558525.000000
559165.000000
559808.000000
560449.000000
561088.000000
561722.000000
562361.000000
563009.000000
563668.000000
564324.000000
564972.000000
565619.000000
566271.000000
566928.000000
567572.000000
568214.000000
568847.000000
569485.000000
570123.000000
570756.000000
571390.000000
572031.000000
572680.000000
573330.000000
573971.000000
574607.000000
575244.000000
575868.000000
576487.000000
577114.000000
577742.000000
578384.000000
579023.000000
579664.000000
580306.000000
580953.000000
581616.000000
582286.000000
582945.000000
583604.000000
584258.000000
584917.000000
585574.000000
586225.000000
586872.000000
587523.000000
588164.000000
588791.000000
589417.000000
590044.000000
590673.000000
591302.000000
591951.000000
592606.000000
593271.000000
593948.000000
594648.000000
595347.000000
596028.000000
596697.000000
597349.000000
597993.000000
598637.000000
599281.000000
599940.000000
600602.000000
601263.000000
601919.000000
602583.000000
603251.000000
603935.000000
604613.000000
605281.000000
605935.000000
606588.000000
607248.000000
607898.000000
608549.000000
609191.000000
609836.000000
610482.000000
611131.000000
611780.000000
612422.000000
613062.000000
613717.000000
614373.000000
615038.000000
615696.000000
616345.000000
616996.000000
617644.000000
618298.000000
618938.000000
619580.000000
620234.000000
620893.000000
621562.000000
622222.000000
622882.000000
623541.000000
624202.000000
624856.000000
625503.000000
626151.000000
626799.000000
627450.000000
628100.000000
628743.000000
629385.000000
630031.000000
630687.000000
631335.000000
631987.000000
632645.000000
633307.000000
633985.000000
634652.000000
635305.000000
635943.000000
636580.000000
637223.000000
637873.000000
638525.000000
639173.000000
639818.000000
640473.000000
641150.000000
641835.000000
642513.000000
643187.000000
643858.000000
644526.000000
645195.000000
645839.000000
646506.000000
647188.000000
647865.000000
648539.000000
649217.000000
649896.000000
650593.000000
651265.000000
651922.000000
652577.000000
653228.000000
653874.000000
654516.000000
655157.000000
655800.000000
656441.000000
657086.000000
657734.000000
658379.000000
659035.000000
659698.000000
660360.000000
661013.000000
661664.000000
662325.000000
662985.000000
663650.000000
664305.000000
664959.000000
665612.000000
666270.000000
666917.000000
667554.000000
668201.000000
668851.000000
669509.000000
670177.000000
670844.000000
671506.000000
672161.000000
672802.000000
673437.000000
674063.000000
674688.000000
675310.000000
675929.000000
676551.000000
677175.000000
677801.000000
678434.000000
679086.000000
679743.000000
680410.000000
681071.000000
681742.000000
682426.000000
683094.000000
683749.000000
684406.000000
685057.000000
685697.000000
686325.000000
686947.000000
687572.000000
688207.000000
688851.000000
689505.000000
690169.000000
690845.000000
691531.000000
692222.000000
692898.000000
693564.000000
694225.000000
694886.000000
695549.000000
696205.000000
696853.000000
697513.000000
698176.000000
698856.000000
699527.000000
700200.000000
700884.000000
701572.000000
702251.000000
702917.000000
703576.000000
704245.000000
704907.000000
705566.000000
706216.000000
706850.000000
707461.000000
708056.000000
708649.000000
709253.000000
709872.000000
710510.000000
711164.000000
711816.000000
712468.000000
713127.000000
713804.000000
714487.000000
715189.000000
715880.000000
716564.000000
717235.000000
717894.000000
718543.000000
719191.000000
719837.000000
720501.000000
721174.000000
721866.000000
722552.000000
723254.000000
723935.000000
724604.000000
725274.000000
725946.000000
726611.000000
727270.000000
727930.000000
728591.000000
729265.000000
729940.000000
730611.000000
731295.000000
731995.000000
732694.000000
733385.000000
734094.000000
734787.000000
735475.000000
736158.000000
736847.000000
737537.000000
738232.000000
738910.000000
739572.000000
740246.000000
740929.000000
741612.000000
742285.000000
742951.000000
743622.000000
744302.000000
744977.000000
745648.000000
746319.000000
747009.000000
747694.000000
748377.000000
749057.000000
749735.000000
750400.000000
751057.000000
751700.000000
752349.000000
752992.000000
753628.000000
754264.000000
754898.000000
755538.000000
756187.000000
756857.000000
757530.000000
758195.000000
758866.000000
759543.000000
760223.000000
760892.000000
761550.000000
762213.000000
762876.000000
763549.000000
764225.000000
764904.000000
765580.000000
766238.000000
766893.000000
767548.000000
768201.000000
768861.000000
769522.000000
770189.000000
770865.000000
771537.000000
772202.000000
772864.000000
773519.000000
774178.000000
774841.000000
775524.000000
776191.000000
776863.000000
777540.000000
778216.000000
778895.000000
779561.000000
780222.000000
780874.000000
781520.000000
782169.000000
782822.000000
783486.000000
784147.000000
784796.000000
785444.000000
786091.000000
786739.000000
787389.000000
788045.000000
788719.000000
789389.000000
790051.000000
790700.000000
791342.000000
791975.000000
792609.000000
793252.000000
793904.000000
794574.000000
795235.000000
795887.000000
796549.000000
797213.000000
797870.000000
798519.000000
799167.000000
799809.000000
800446.000000
801073.000000
801695.000000
802317.000000
802946.000000
803593.000000
804250.000000
804909.000000
805562.000000
806229.000000
806907.000000
807576.000000
808239.000000
808893.000000
809555.000000
810211.000000
810869.000000
811523.000000
812174.000000
812823.000000
813464.000000
814101.000000
814738.000000
815369.000000
815995.000000
816627.000000
817263.000000
817900.000000
818548.000000
819208.000000
819889.000000
820563.000000
821237.000000
821909.000000
822575.000000
823256.000000
823926.000000
824576.000000
825217.000000
825858.000000
826498.000000
827143.000000
827781.000000
828409.000000
829044.000000
829706.000000
830373.000000
831037.000000
831691.000000
832342.000000
832999.000000
833666.000000
834328.000000
834980.000000
835632.000000
836286.000000
836927.000000
837566.000000
838204.000000
838846.000000
839490.000000
840135.000000
840776.000000
841422.000000
842075.000000
842736.000000
843389.000000
844027.000000
844672.000000
845314.000000
845956.000000
846587.000000
847217.000000
847854.000000
848495.000000
849150.000000
849794.000000
850437.000000
851085.000000
851737.000000
852394.000000
853038.000000
853682.000000
854314.000000
854941.000000
855560.000000
856171.000000
856773.000000
857381.000000
857988.000000
858608.000000
859265.000000
859956.000000
860667.000000
861368.000000
862062.000000
862730.000000
863383.000000
864024.000000
864668.000000
865305.000000
865941.000000
866574.000000
867208.000000
867859.000000
868510.000000
869162.000000
869813.000000
870458.000000
871119.000000
871784.000000
872422.000000
873034.000000
873632.000000
874231.000000
874846.000000
875474.000000
876111.000000
876755.000000
877399.000000
878042.000000
878679.000000
879317.000000
879958.000000
880602.000000
881235.000000
881875.000000
882512.000000
883151.000000
883790.000000
884427.000000
885066.000000
885716.000000
886369.000000
887018.000000
887667.000000
888323.000000
888975.000000
889615.000000
890258.000000
890899.000000
891535.000000
892180.000000
892834.000000
893487.000000
894132.000000
894772.000000
895419.000000
896070.000000
896734.000000
897392.000000
898051.000000
898713.000000
899377.000000
900035.000000
900682.000000
901314.000000
901934.000000
902548.000000
903156.000000
903768.000000
904386.000000
905016.000000
905670.000000
906372.000000
907067.000000
907751.000000
908446.000000
909132.000000
909810.000000
910467.000000
911117.000000
911769.000000
912426.000000
913072.000000
913718.000000
914368.000000
915024.000000
915677.000000
916335.000000
916995.000000
917653.000000
918308.000000
918954.000000
919597.000000
920238.000000
920885.000000
921530.000000
922172.000000
922821.000000
923482.000000
924156.000000
924835.000000
925504.000000
926164.000000
926816.000000
927462.000000
928105.000000
928745.000000
929381.000000
930031.000000
930691.000000
931341.000000
931991.000000
932640.000000
933289.000000
933935.000000
934577.000000
935215.000000
935857.000000
936527.000000
937212.000000
937899.000000
938569.000000
939242.000000
939901.000000
940546.000000
941187.000000
941822.000000
942458.000000
943086.000000
