Peaks (s)
749.000000
1382.000000
2309.000000
3068.000000
3859.000000
4666.000000
5496.000000
6340.000000
7206.000000
8089.000000
8953.000000
9822.000000
10694.000000
11543.000000
12403.000000
13276.000000
14146.000000
15022.000000
15906.000000
16757.000000
17632.000000
18507.000000
19364.000000
20236.000000
21122.000000
22005.000000
22907.000000
23824.000000
24718.000000
25634.000000
26558.000000
27460.000000
28374.000000
29294.000000
30189.000000
31086.000000
31986.000000
32874.000000
33776.000000
34683.000000
35578.000000
36479.000000
37383.000000
38263.000000
39152.000000
40039.000000
40897.000000
41767.000000
42638.000000
43490.000000
44358.000000
45239.000000
46097.000000
46974.000000
47841.000000
48698.000000
49558.000000
50429.000000
51285.000000
52164.000000
53042.000000
53902.000000
54780.000000
55674.000000
56550.000000
57443.000000
58336.000000
59212.000000
60096.000000
60979.000000
61840.000000
62706.000000
63366.000000
64423.000000
65301.000000
66157.000000
66998.000000
67758.000000
68719.000000
69548.000000
70396.000000
71254.000000
72089.000000
72933.000000
73785.000000
74627.000000
75343.000000
76362.000000
77195.000000
78033.000000
78867.000000
79683.000000
80526.000000
81391.000000
82242.000000
83117.000000
84000.000000
84854.000000
85731.000000
86597.000000
87435.000000
88280.000000
89120.000000
89942.000000
90772.000000
91459.000000
92479.000000
93353.000000
94229.000000
95088.000000
95964.000000
96843.000000
97703.000000
98576.000000
99459.000000
100321.000000
101187.000000
102055.000000
102909.000000
103764.000000
104621.000000
105464.000000
106311.000000
107176.000000
108040.000000
108901.000000
109781.000000
110648.000000
111502.000000
112371.000000
113218.000000
114061.000000
114673.000000
115774.000000
116647.000000
117504.000000
118349.000000
119039.000000
120120.000000
121046.000000
121941.000000
122864.000000
123773.000000
124668.000000
125578.000000
126456.000000
127333.000000
128208.000000
129068.000000
129923.000000
130544.000000
131710.000000
132614.000000
133505.000000
134387.000000
135249.000000
136129.000000
137013.000000
137884.000000
138776.000000
139670.000000
140545.000000
141436.000000
142314.000000
143172.000000
144036.000000
144834.000000
145795.000000
146662.000000
147529.000000
148376.000000
148951.000000
150085.000000
150941.000000
151794.000000
152661.000000
153514.000000
154391.000000
155313.000000
156218.000000
157140.000000
158077.000000
158980.000000
159883.000000
160784.000000
161649.000000
162536.000000
163429.000000
164299.000000
164978.000000
166110.000000
167000.000000
167880.000000
168768.000000
169630.000000
170516.000000
171430.000000
172309.000000
173209.000000
174121.000000
174998.000000
175881.000000
176767.000000
177627.000000
178489.000000
179356.000000
180201.000000
180884.000000
181939.000000
182806.000000
183664.000000
184499.000000
185397.000000
186272.000000
187171.000000
188047.000000
188940.000000
189838.000000
190710.000000
191593.000000
192476.000000
193323.000000
194167.000000
195020.000000
195858.000000
196697.000000
197554.000000
198402.000000
199253.000000
200118.000000
200973.000000
201812.000000
202663.000000
203507.000000
204343.000000
205193.000000
206055.000000
206895.000000
207756.000000
208621.000000
209464.000000
210314.000000
211177.000000
212018.000000
212883.000000
213769.000000
214631.000000
215518.000000
216410.000000
217268.000000
218134.000000
218996.000000
219836.000000
220689.000000
221556.000000
222418.000000
223300.000000
224193.000000
225070.000000
225947.000000
226831.000000
227684.000000
228540.000000
229408.000000
230099.000000
231152.000000
232065.000000
232947.000000
233831.000000
234725.000000
235592.000000
236429.000000
237295.000000
238155.000000
238998.000000
239896.000000
240802.000000
241678.000000
242587.000000
243503.000000
244363.000000
245233.000000
246093.000000
246932.000000
247792.000000
248667.000000
249523.000000
250396.000000
251277.000000
252133.000000
252993.000000
253669.000000
254698.000000
255560.000000
256405.000000
256964.000000
258077.000000
258951.000000
259794.000000
260559.000000
261537.000000
262384.000000
263249.000000
264124.000000
264979.000000
265849.000000
266438.000000
267561.000000
268432.000000
269295.000000
270011.000000
271001.000000
271857.000000
272700.000000
273557.000000
274421.000000
275273.000000
276137.000000
277010.000000
277871.000000
278729.000000
279599.000000
280450.000000
281300.000000
282161.000000
283013.000000
283864.000000
284723.000000
285570.000000
286403.000000
287249.000000
288097.000000
288927.000000
289769.000000
290627.000000
291474.000000
292335.000000
293197.000000
294044.000000
294678.000000
295741.000000
296597.000000
297310.000000
298287.000000
299126.000000
299957.000000
300803.000000
301536.000000
302553.000000
303422.000000
304299.000000
305171.000000
306017.000000
306905.000000
307777.000000
308634.000000
309319.000000
310410.000000
311290.000000
312158.000000
312997.000000
313894.000000
314761.000000
315651.000000
316531.000000
317420.000000
318325.000000
319197.000000
320079.000000
320968.000000
321834.000000
322709.000000
323295.000000
324410.000000
325264.000000
326112.000000
326926.000000
327753.000000
328598.000000
329458.000000
330338.000000
331248.000000
332139.000000
333017.000000
333905.000000
334776.000000
335635.000000
336508.000000
337388.000000
338248.000000
339120.000000
340011.000000
340878.000000
341766.000000
342646.000000
343499.000000
344356.000000
345214.000000
346056.000000
346911.000000
347778.000000
348626.000000
349479.000000
350345.000000
351198.000000
352061.000000
352928.000000
353768.000000
354310.000000
355438.000000
356298.000000
357135.000000
357984.000000
358832.000000
359690.000000
360590.000000
361512.000000
362422.000000
363356.000000
364282.000000
365171.000000
366074.000000
366947.000000
367792.000000
368667.000000
369559.000000
370407.000000
371292.000000
372204.000000
373078.000000
373980.000000
374882.000000
375750.000000
376635.000000
377534.000000
378399.000000
379276.000000
380096.000000
381088.000000
381936.000000
382801.000000
383485.000000
384533.000000
385376.000000
386242.000000
387074.000000
387822.000000
388856.000000
389704.000000
390597.000000
391502.000000
392369.000000
393084.000000
394208.000000
395075.000000
395955.000000
396851.000000
397742.000000
398610.000000
399513.000000
400424.000000
401295.000000
402203.000000
403112.000000
403975.000000
404864.000000
405762.000000
406610.000000
407463.000000
408398.000000
409251.000000
410138.000000
411041.000000
411901.000000
412462.000000
413645.000000
414556.000000
415324.000000
416325.000000
417185.000000
418029.000000
418910.000000
419821.000000
420728.000000
421613.000000
422521.000000
423433.000000
424308.000000
425199.000000
425902.000000
427058.000000
427931.000000
428833.000000
429726.000000
430589.000000
431489.000000
432418.000000
433320.000000
434247.000000
435187.000000
436094.000000
436993.000000
437583.000000
438763.000000
439643.000000
440538.000000
441342.000000
442304.000000
443179.000000
444085.000000
444974.000000
445850.000000
446752.000000
447641.000000
448501.000000
449384.000000
450139.000000
451157.000000
452017.000000
452897.000000
453745.000000
454612.000000
455523.000000
456418.000000
457335.000000
458273.000000
459169.000000
459907.000000
461021.000000
461904.000000
462787.000000
463688.000000
464575.000000
465453.000000
466372.000000
467286.000000
468169.000000
469085.000000
469997.000000
470863.000000
471755.000000
472662.000000
473531.000000
474421.000000
475305.000000
476152.000000
477029.000000
477909.000000
478765.000000
479625.000000
480310.000000
481447.000000
482338.000000
483249.000000
484127.000000
484769.000000
485891.000000
486774.000000
487628.000000
488500.000000
489390.000000
490260.000000
491163.000000
492086.000000
492988.000000
493877.000000
494575.000000
495704.000000
496556.000000
497438.000000
498334.000000
499204.000000
500080.000000
501013.000000
501920.000000
502818.000000
503702.000000
504533.000000
505332.000000
506126.000000
506736.000000
507650.000000
508392.000000
509135.000000
509892.000000
510678.000000
511461.000000
512261.000000
513098.000000
513930.000000
514741.000000
515582.000000
516411.000000
517236.000000
517869.000000
518919.000000
519764.000000
520404.000000
521470.000000
522328.000000
522981.000000
524057.000000
524935.000000
525578.000000
526681.000000
527560.000000
528214.000000
529309.000000
530190.000000
531059.000000
531683.000000
532829.000000
533727.000000
534626.000000
535296.000000
536456.000000
537372.000000
538290.000000
539189.000000
540077.000000
540963.000000
541835.000000
542719.000000
543622.000000
544510.000000
545402.000000
546310.000000
547219.000000
548106.000000
548989.000000
549905.000000
550788.000000
551685.000000
552586.000000
553465.000000
554358.000000
555265.000000
556142.000000
557026.000000
557926.000000
558794.000000
559681.000000
560467.000000
561498.000000
562376.000000
562938.000000
564022.000000
564842.000000
565663.000000
566477.000000
567297.000000
568035.000000
569080.000000
569976.000000
570874.000000
571778.000000
572664.000000
573546.000000
574437.000000
575323.000000
576207.000000
577104.000000
577855.000000
578868.000000
579755.000000
580482.000000
581485.000000
582342.000000
583177.000000
584020.000000
584876.000000
585720.000000
586453.000000
587486.000000
588365.000000
589208.000000
589767.000000
590876.000000
591710.000000
592394.000000
593400.000000
594239.000000
595097.000000
596000.000000
596899.000000
597812.000000
598762.000000
599714.000000
600620.000000
601565.000000
602499.000000
603388.000000
604310.000000
605235.000000
606105.000000
607001.000000
607911.000000
608778.000000
609646.000000
610534.000000
611400.000000
612262.000000
613150.000000
614029.000000
614885.000000
615765.000000
616642.000000
617450.000000
618349.000000
619226.000000
620082.000000
620959.000000
621863.000000
622735.000000
623590.000000
624477.000000
625366.000000
626228.000000
627113.000000
628014.000000
628891.000000
629568.000000
630643.000000
631521.000000
632234.000000
633248.000000
634129.000000
634973.000000
635838.000000
636711.000000
637572.000000
638447.000000
639344.000000
640227.000000
641109.000000
642000.000000
642878.000000
643719.000000
644580.000000
645451.000000
646279.000000
647132.000000
647989.000000
648825.000000
649657.000000
650519.000000
651379.000000
652203.000000
653055.000000
653917.000000
654764.000000
655602.000000
656459.000000
657311.000000
658143.000000
658801.000000
659881.000000
660739.000000
661576.000000
662420.000000
663252.000000
664073.000000
664927.000000
665787.000000
666619.000000
667478.000000
668357.000000
669194.000000
670017.000000
670858.000000
671706.000000
672438.000000
673411.000000
674260.000000
675087.000000
675918.000000
676769.000000
677613.000000
678453.000000
679328.000000
680216.000000
681065.000000
681932.000000
682624.000000
683701.000000
684570.000000
685444.000000
686297.000000
686978.000000
688062.000000
688921.000000
689755.000000
690579.000000
691379.000000
691997.000000
693025.000000
693843.000000
694549.000000
695520.000000
696368.000000
697200.000000
697798.000000
698930.000000
699792.000000
700564.000000
701517.000000
702384.000000
703224.000000
703879.000000
704996.000000
705887.000000
706747.000000
707632.000000
708512.000000
709377.000000
710265.000000
711161.000000
712022.000000
712883.000000
713748.000000
714600.000000
715445.000000
715986.000000
717138.000000
718009.000000
718883.000000
719754.000000
720613.000000
721476.000000
722339.000000
723197.000000
724034.000000
724899.000000
725788.000000
726672.000000
727552.000000
728292.000000
729344.000000
730234.000000
731107.000000
731995.000000
732881.000000
733752.000000
734438.000000
735576.000000
736489.000000
737387.000000
738289.000000
739155.000000
739967.000000
740930.000000
741784.000000
742650.000000
743531.000000
744403.000000
745252.000000
746130.000000
747009.000000
747863.000000
748719.000000
749594.000000
750472.000000
751323.000000
752204.000000
753090.000000
753950.000000
754677.000000
755733.000000
756592.000000
757439.000000
758115.000000
759227.000000
760073.000000
760918.000000
761781.000000
762663.000000
763516.000000
764404.000000
765299.000000
766195.000000
767061.000000
767958.000000
768836.000000
769679.000000
770559.000000
771459.000000
772342.000000
773209.000000
774101.000000
775012.000000
775891.000000
776748.000000
777636.000000
778523.000000
779385.000000
780237.000000
781121.000000
782011.000000
782876.000000
783764.000000
784666.000000
785539.000000
786398.000000
786960.000000
788153.000000
789037.000000
789721.000000
790822.000000
791700.000000
792393.000000
793461.000000
794352.000000
795233.000000
795943.000000
797010.000000
797913.000000
798799.000000
799676.000000
800393.000000
801434.000000
802341.000000
803210.000000
804104.000000
805013.000000
805896.000000
806689.000000
807707.000000
808616.000000
809487.000000
810367.000000
811035.000000
812130.000000
813021.000000
813780.000000
814812.000000
815692.000000
816549.000000
817410.000000
818254.000000
819114.000000
820002.000000
820872.000000
821780.000000
822709.000000
823620.000000
824517.000000
825432.000000
826344.000000
827222.000000
828127.000000
829025.000000
829891.000000
830539.000000
831695.000000
832587.000000
833447.000000
834318.000000
835169.000000
836026.000000
836916.000000
837794.000000
838644.000000
839296.000000
840424.000000
841265.000000
841917.000000
842990.000000
843808.000000
844419.000000
845561.000000
846419.000000
847096.000000
848231.000000
849125.000000
850005.000000
850815.000000
851829.000000
852703.000000
853598.000000
854147.000000
855302.000000
856160.000000
857027.000000
857666.000000
858760.000000
859643.000000
860534.000000
861232.000000
862319.000000
863201.000000
863889.000000
864968.000000
865844.000000
866693.000000
867242.000000
868426.000000
869322.000000
870041.000000
871088.000000
871980.000000
872832.000000
873703.000000
874593.000000
875463.000000
876169.000000
877266.000000
878166.000000
879040.000000
879925.000000
880799.000000
881682.000000
882595.000000
883531.000000
884454.000000
885375.000000
885991.000000
887168.000000
888065.000000
888739.000000
889849.000000
890729.000000
891399.000000
892541.000000
893449.000000
894136.000000
895336.000000
896263.000000
897166.000000
898035.000000
898878.000000
899729.000000
900374.000000
901436.000000
902305.000000
902969.000000
904070.000000
904933.000000
905645.000000
906765.000000
907639.000000
