Peaks (s)
1285.000000
2064.000000
2816.000000
3579.000000
4328.000000
5096.000000
5902.000000
6746.000000
7628.000000
8523.000000
9451.000000
10398.000000
11284.000000
12115.000000
12904.000000
13665.000000
14403.000000
15111.000000
15825.000000
16549.000000
17284.000000
18057.000000
18857.000000
19669.000000
20523.000000
21395.000000
22301.000000
23245.000000
24182.000000
25103.000000
26016.000000
26955.000000
27876.000000
28793.000000
29733.000000
30686.000000
31599.000000
32526.000000
33472.000000
34382.000000
35257.000000
36135.000000
36994.000000
37836.000000
38676.000000
39550.000000
40434.000000
41311.000000
42187.000000
43070.000000
43942.000000
44812.000000
45685.000000
46549.000000
47458.000000
48381.000000
49309.000000
50201.000000
51112.000000
52044.000000
52948.000000
53835.000000
54751.000000
55639.000000
56539.000000
57463.000000
58380.000000
59256.000000
60148.000000
61047.000000
61928.000000
62827.000000
63754.000000
64660.000000
65574.000000
66559.000000
67458.000000
68343.000000
69231.000000
70126.000000
70978.000000
71819.000000
72671.000000
73504.000000
74353.000000
75284.000000
76216.000000
77177.000000
78108.000000
79001.000000
79858.000000
80703.000000
81549.000000
82366.000000
83177.000000
83991.000000
84448.000000
85633.000000
86397.000000
87164.000000
87951.000000
88749.000000
89600.000000
90539.000000
91480.000000
92403.000000
93354.000000
94292.000000
95185.000000
96094.000000
97006.000000
97872.000000
98726.000000
99594.000000
100463.000000
101313.000000
102170.000000
103041.000000
103908.000000
104762.000000
105618.000000
106493.000000
107377.000000
108227.000000
109085.000000
109977.000000
110857.000000
111717.000000
112567.000000
113430.000000
114281.000000
115138.000000
116023.000000
116961.000000
117875.000000
118828.000000
119773.000000
120675.000000
121563.000000
122461.000000
123335.000000
124190.000000
125056.000000
125938.000000
126795.000000
127636.000000
128491.000000
129360.000000
130243.000000
131153.000000
132113.000000
133038.000000
133976.000000
134989.000000
135917.000000
136827.000000
137746.000000
138661.000000
139544.000000
140454.000000
141347.000000
142200.000000
143054.000000
143905.000000
144748.000000
145601.000000
146477.000000
147387.000000
148262.000000
149132.000000
150035.000000
150914.000000
151753.000000
152599.000000
153484.000000
154357.000000
155232.000000
156151.000000
157075.000000
157942.000000
158803.000000
159676.000000
160551.000000
161422.000000
162318.000000
163255.000000
164197.000000
165104.000000
166049.000000
167026.000000
167941.000000
168839.000000
169781.000000
170676.000000
171549.000000
172434.000000
173389.000000
174327.000000
175227.000000
176118.000000
177053.000000
177969.000000
178851.000000
179722.000000
180613.000000
181481.000000
182334.000000
183205.000000
184130.000000
185073.000000
185992.000000
186929.000000
187895.000000
188802.000000
189741.000000
190688.000000
191563.000000
192458.000000
193372.000000
194269.000000
195137.000000
196027.000000
196942.000000
197824.000000
198702.000000
199588.000000
200497.000000
201371.000000
202278.000000
203178.000000
204044.000000
204934.000000
205840.000000
206726.000000
207597.000000
208514.000000
209477.000000
210416.000000
211378.000000
212416.000000
213398.000000
214334.000000
215326.000000
216355.000000
217299.000000
218261.000000
219268.000000
220218.000000
221136.000000
222091.000000
223045.000000
223938.000000
224840.000000
225748.000000
226681.000000
227563.000000
228406.000000
229272.000000
230167.000000
231051.000000
231969.000000
232889.000000
233797.000000
234710.000000
235704.000000
236692.000000
237604.000000
238505.000000
239439.000000
240354.000000
241236.000000
242157.000000
243084.000000
243974.000000
244869.000000
245806.000000
246729.000000
247625.000000
248595.000000
249598.000000
250497.000000
251394.000000
252274.000000
253160.000000
254071.000000
255022.000000
255942.000000
256900.000000
257882.000000
258767.000000
259650.000000
260533.000000
261398.000000
262275.000000
263172.000000
264108.000000
265096.000000
266000.000000
266981.000000
267979.000000
268923.000000
269901.000000
270930.000000
271934.000000
272947.000000
274129.000000
275169.000000
276184.000000
277212.000000
278179.000000
279138.000000
280080.000000
280966.000000
281848.000000
282772.000000
283711.000000
284625.000000
285525.000000
286435.000000
287341.000000
288226.000000
289125.000000
290080.000000
291043.000000
291955.000000
292834.000000
293741.000000
294659.000000
295556.000000
296467.000000
297439.000000
298402.000000
299391.000000
300477.000000
301560.000000
302525.000000
303539.000000
304579.000000
305539.000000
306432.000000
307301.000000
308199.000000
309134.000000
310075.000000
311025.000000
311996.000000
313032.000000
314030.000000
314963.000000
315911.000000
316887.000000
317881.000000
318822.000000
319744.000000
320686.000000
321615.000000
322520.000000
323430.000000
324371.000000
325285.000000
326187.000000
327097.000000
328039.000000
328980.000000
329876.000000
330767.000000
331672.000000
332585.000000
333484.000000
334377.000000
335298.000000
336236.000000
337154.000000
338072.000000
339027.000000
339971.000000
340845.000000
341735.000000
342665.000000
343596.000000
344495.000000
345397.000000
346340.000000
347230.000000
348112.000000
349045.000000
350013.000000
350976.000000
351891.000000
352858.000000
353805.000000
354694.000000
355584.000000
356491.000000
357415.000000
358311.000000
359215.000000
360170.000000
361064.000000
361933.000000
362827.000000
363770.000000
364658.000000
365574.000000
366518.000000
367453.000000
368339.000000
369210.000000
370106.000000
371025.000000
371959.000000
372909.000000
374027.000000
375072.000000
376028.000000
377085.000000
378140.000000
379118.000000
380061.000000
381013.000000
381924.000000
382789.000000
383626.000000
384485.000000
385372.000000
386250.000000
387120.000000
388070.000000
388961.000000
389832.000000
390692.000000
391614.000000
392572.000000
393504.000000
394433.000000
395385.000000
396334.000000
397252.000000
398210.000000
399217.000000
400152.000000
401090.000000
402057.000000
402975.000000
403852.000000
404759.000000
405671.000000
406557.000000
407407.000000
408265.000000
409139.000000
410015.000000
410902.000000
411822.000000
412729.000000
413615.000000
414482.000000
415374.000000
416253.000000
417083.000000
417914.000000
418758.000000
419619.000000
420489.000000
421400.000000
422395.000000
423400.000000
424318.000000
425248.000000
426219.000000
427193.000000
428102.000000
429042.000000
430073.000000
431078.000000
432046.000000
433085.000000
434167.000000
435177.000000
436087.000000
436993.000000
437941.000000
438902.000000
439795.000000
440686.000000
441560.000000
442410.000000
443263.000000
444142.000000
445023.000000
445897.000000
446779.000000
447696.000000
448608.000000
449511.000000
450442.000000
451367.000000
452227.000000
452676.000000
453933.000000
454777.000000
455589.000000
456424.000000
457292.000000
458200.000000
459121.000000
460012.000000
460947.000000
461874.000000
462767.000000
463674.000000
464555.000000
465426.000000
465884.000000
467070.000000
467863.000000
468653.000000
469455.000000
470276.000000
471118.000000
472026.000000
472966.000000
473883.000000
474786.000000
475750.000000
476668.000000
477569.000000
478418.000000
479289.000000
480181.000000
481080.000000
481955.000000
482896.000000
483852.000000
484769.000000
485675.000000
486656.000000
487715.000000
488659.000000
489585.000000
490549.000000
491505.000000
492460.000000
493500.000000
494670.000000
495741.000000
496694.000000
497640.000000
498631.000000
499658.000000
500612.000000
501640.000000
502541.000000
503370.000000
504189.000000
505030.000000
505952.000000
506861.000000
507785.000000
508758.000000
509690.000000
510613.000000
511581.000000
512607.000000
513564.000000
514599.000000
515824.000000
516877.000000
517990.000000
519114.000000
520077.000000
521063.000000
522106.000000
523090.000000
524039.000000
524993.000000
525987.000000
526957.000000
527864.000000
528786.000000
529722.000000
530633.000000
531519.000000
532457.000000
533421.000000
534317.000000
535180.000000
536072.000000
536963.000000
537837.000000
538292.000000
539517.000000
540330.000000
541116.000000
541953.000000
542842.000000
543750.000000
544716.000000
546041.000000
547292.000000
548378.000000
549431.000000
550415.000000
551364.000000
552415.000000
553524.000000
554532.000000
555598.000000
556626.000000
557675.000000
558641.000000
559693.000000
560784.000000
561849.000000
562827.000000
563849.000000
564868.000000
565859.000000
566793.000000
567706.000000
568655.000000
569610.000000
570527.000000
571424.000000
572333.000000
573288.000000
574246.000000
575163.000000
576106.000000
577048.000000
577952.000000
578921.000000
580008.000000
580983.000000
581934.000000
582954.000000
583949.000000
584803.000000
585629.000000
586478.000000
587389.000000
588360.000000
589341.000000
590263.000000
591232.000000
592246.000000
593199.000000
594183.000000
595193.000000
596246.000000
597196.000000
598158.000000
599178.000000
600170.000000
601090.000000
602006.000000
602920.000000
603848.000000
604746.000000
605647.000000
606592.000000
607489.000000
608383.000000
609254.000000
610140.000000
611057.000000
611951.000000
612852.000000
613798.000000
614763.000000
615670.000000
616594.000000
617568.000000
618529.000000
619509.000000
620576.000000
621625.000000
622570.000000
623513.000000
624472.000000
625410.000000
626316.000000
627248.000000
628245.000000
629256.000000
630172.000000
631082.000000
632080.000000
633047.000000
633963.000000
634845.000000
635301.000000
636602.000000
637445.000000
638283.000000
639190.000000
640172.000000
641126.000000
642122.000000
643187.000000
644185.000000
645127.000000
646039.000000
646930.000000
647836.000000
648700.000000
649537.000000
650433.000000
651373.000000
652264.000000
653164.000000
654141.000000
655135.000000
656026.000000
656936.000000
657862.000000
658751.000000
659656.000000
660603.000000
661515.000000
662403.000000
663313.000000
664249.000000
665159.000000
666019.000000
666866.000000
667746.000000
668617.000000
669505.000000
670425.000000
671435.000000
672561.000000
673563.000000
674645.000000
675750.000000
676746.000000
677769.000000
678843.000000
679860.000000
680828.000000
681832.000000
682871.000000
683825.000000
684720.000000
685630.000000
686578.000000
687540.000000
688441.000000
689337.000000
690288.000000
691260.000000
692189.000000
693082.000000
694008.000000
694955.000000
695869.000000
696739.000000
697594.000000
698501.000000
699425.000000
700342.000000
701244.000000
702173.000000
703136.000000
704026.000000
704877.000000
705724.000000
706569.000000
707389.000000
708246.000000
709098.000000
709952.000000
710793.000000
711657.000000
712563.000000
713467.000000
714388.000000
715377.000000
716424.000000
717357.000000
718267.000000
719221.000000
720211.000000
721169.000000
722173.000000
723307.000000
724417.000000
725399.000000
726353.000000
727339.000000
728282.000000
729236.000000
730197.000000
731144.000000
732049.000000
732920.000000
733796.000000
734741.000000
735772.000000
736767.000000
737716.000000
738799.000000
740092.000000
741269.000000
742419.000000
743443.000000
744367.000000
745256.000000
746188.000000
747113.000000
747970.000000
748818.000000
749689.000000
750555.000000
751392.000000
752224.000000
753070.000000
753948.000000
754830.000000
755691.000000
756593.000000
757484.000000
758333.000000
759202.000000
760114.000000
760990.000000
761838.000000
762690.000000
763564.000000
764427.000000
765274.000000
766103.000000
766977.000000
767872.000000
768741.000000
769605.000000
770513.000000
771418.000000
772319.000000
773183.000000
774034.000000
774889.000000
775746.000000
776639.000000
777654.000000
778979.000000
780131.000000
781314.000000
782292.000000
783232.000000
784296.000000
785425.000000
786418.000000
787416.000000
788440.000000
789456.000000
790391.000000
791382.000000
792389.000000
793390.000000
794309.000000
795265.000000
796279.000000
797227.000000
798151.000000
799021.000000
799930.000000
800861.000000
801791.000000
802666.000000
803618.000000
804640.000000
805643.000000
806568.000000
807515.000000
808510.000000
809508.000000
810434.000000
811344.000000
812302.000000
813290.000000
814229.000000
815149.000000
816129.000000
817127.000000
818072.000000
818994.000000
819963.000000
820934.000000
821854.000000
822767.000000
823676.000000
824591.000000
825484.000000
826363.000000
827299.000000
828246.000000
829232.000000
830126.000000
831011.000000
831907.000000
832796.000000
833654.000000
834501.000000
835362.000000
836210.000000
837040.000000
837863.000000
838702.000000
839580.000000
840460.000000
841343.000000
842247.000000
843191.000000
844131.000000
844994.000000
845878.000000
846782.000000
847644.000000
848505.000000
849421.000000
850448.000000
851316.000000
852185.000000
853099.000000
853996.000000
854839.000000
855642.000000
856451.000000
857298.000000
858173.000000
859100.000000
860375.000000
861673.000000
862736.000000
863799.000000
864915.000000
865888.000000
866963.000000
868305.000000
869539.000000
870646.000000
871751.000000
872806.000000
873803.000000
874721.000000
875648.000000
876674.000000
877653.000000
878549.000000
879401.000000
880300.000000
881271.000000
882342.000000
883300.000000
884241.000000
885357.000000
886735.000000
887882.000000
888967.000000
890013.000000
890981.000000
891967.000000
893271.000000
894531.000000
895623.000000
896655.000000
897700.000000
898693.000000
899613.000000
900582.000000
901586.000000
902559.000000
903502.000000
904380.000000
905306.000000
906279.000000
907231.000000
908163.000000
909221.000000
910258.000000
911214.000000
912150.000000
913130.000000
914154.000000
915077.000000
915981.000000
916934.000000
917937.000000
918888.000000
919824.000000
920833.000000
921844.000000
922761.000000
923667.000000
924605.000000
925559.000000
926464.000000
927338.000000
928230.000000
929126.000000
929980.000000
930832.000000
931719.000000
932608.000000
933454.000000
934277.000000
935114.000000
936000.000000
936907.000000
937781.000000
938646.000000
939561.000000
940477.000000
941342.000000
942208.000000
943133.000000
944110.000000
945019.000000
945942.000000
946861.000000
947805.000000
948664.000000
949625.000000
950623.000000
951555.000000
952777.000000
953893.000000
954874.000000
955744.000000
956625.000000
957610.000000
958590.000000
959595.000000
960720.000000
962081.000000
963279.000000
964499.000000
965671.000000
966604.000000
967525.000000
968515.000000
969453.000000
970403.000000
971481.000000
972552.000000
973596.000000
974550.000000
975508.000000
976527.000000
977523.000000
978431.000000
979306.000000
980226.000000
981185.000000
982059.000000
982909.000000
983807.000000
984796.000000
985854.000000
986779.000000
987693.000000
988836.000000
989826.000000
990745.000000
991636.000000
992572.000000
993539.000000
994479.000000
995453.000000
996582.000000
997526.000000
998418.000000
999302.000000
1000200.000000
1001082.000000
1001949.000000
1002837.000000
1003748.000000
1004681.000000
1005587.000000
1006530.000000
1007532.000000
1008483.000000
1009389.000000
1010281.000000
1011271.000000
1012293.000000
1013248.000000
1014223.000000
1015241.000000
1016257.000000
1017209.000000
1018173.000000
1019147.000000
1020090.000000
1020980.000000
1021861.000000
1022801.000000
1023824.000000
1024779.000000
1025738.000000
1026794.000000
1027817.000000
1028757.000000
1029732.000000
1030708.000000
1031655.000000
1032550.000000
1033472.000000
1034414.000000
1035339.000000
1036240.000000
1037124.000000
1038081.000000
1039040.000000
1039973.000000
1040860.000000
1041777.000000
1042711.000000
1043650.000000
1044669.000000
1045704.000000
1046720.000000
1047679.000000
1048646.000000
1049605.000000
1050532.000000
1051415.000000
1052305.000000
1053186.000000
1054075.000000
1054994.000000
1056018.000000
1057088.000000
1058074.000000
1059082.000000
1060128.000000
1061122.000000
1062073.000000
1062967.000000
1063871.000000
1064342.000000
1065606.000000
1066404.000000
1067229.000000
1068202.000000
1069194.000000
1070179.000000
1071190.000000
1072252.000000
1073217.000000
1074219.000000
1075241.000000
1076296.000000
1077233.000000
1078187.000000
1079184.000000
1080157.000000
1081060.000000
1081975.000000
1082908.000000
1083817.000000
1084697.000000
1085601.000000
1086526.000000
1087416.000000
1088281.000000
1089179.000000
1090111.000000
1091073.000000
1091989.000000
1092880.000000
1093798.000000
1094765.000000
1095733.000000
1096615.000000
1097577.000000
1098583.000000
1099484.000000
1100390.000000
1101372.000000
1102377.000000
1103297.000000
1104223.000000
1105188.000000
1106134.000000
1107018.000000
1107894.000000
1108818.000000
1109787.000000
1110668.000000
1111549.000000
1112474.000000
1113445.000000
1114359.000000
1115243.000000
1116141.000000
1117016.000000
1117874.000000
1118755.000000
1119665.000000
1120705.000000
1121724.000000
1122702.000000
1123757.000000
1124857.000000
1125857.000000
1126910.000000
1128186.000000
1129348.000000
1130331.000000
1131358.000000
1132474.000000
1133494.000000
1134463.000000
1135452.000000
1136451.000000
1137396.000000
1138405.000000
1139603.000000
1140663.000000
1141613.000000
1142588.000000
1143589.000000
1144544.000000
1145438.000000
1146378.000000
1147384.000000
1148417.000000
1149379.000000
1150284.000000
1151162.000000
1152053.000000
1152930.000000
1153830.000000
1154785.000000
1155861.000000
1156830.000000
1157757.000000
1158740.000000
1159781.000000
1160731.000000
1161704.000000
1162762.000000
1163803.000000
1164736.000000
1165677.000000
1166673.000000
1167675.000000
1168591.000000
1169503.000000
1170496.000000
1171424.000000
1172317.000000
1173178.000000
1174103.000000
1175063.000000
1175986.000000
1176876.000000
1177763.000000
1178693.000000
1179631.000000
1180524.000000
1181411.000000
1182366.000000
1183381.000000
1184305.000000
1185244.000000
1186251.000000
1187221.000000
1188116.000000
1188994.000000
1189466.000000
1190765.000000
1191578.000000
1192374.000000
1193210.000000
1194058.000000
1194917.000000
1195778.000000
1196699.000000
1197623.000000
1198514.000000
1199391.000000
1200342.000000
1201319.000000
1202233.000000
1203111.000000
1204029.000000
1204957.000000
1205808.000000
1206664.000000
1207541.000000
1208453.000000
1209309.000000
1210169.000000
1211067.000000
1211939.000000
1212782.000000
1213626.000000
1214491.000000
1215417.000000
1216288.000000
1217179.000000
1218112.000000
1219017.000000
1219881.000000
1220718.000000
1221585.000000
1222462.000000
1223321.000000
1224177.000000
1225114.000000
1226132.000000
1227156.000000
1228302.000000
1229655.000000
1230802.000000
1231976.000000
1233118.000000
1234127.000000
1235088.000000
1235989.000000
1236878.000000
1237760.000000
1238679.000000
1239670.000000
1240654.000000
1241681.000000
1242818.000000
1243934.000000
1244905.000000
1245865.000000
1246888.000000
1247916.000000
1248871.000000
1249847.000000
1250810.000000
1251755.000000
1252661.000000
1253568.000000
1254516.000000
1255475.000000
1256382.000000
1257259.000000
1258136.000000
1259046.000000
1259957.000000
1260823.000000
1261696.000000
1262602.000000
1263520.000000
1264456.000000
1265464.000000
1266549.000000
1267535.000000
1268503.000000
1269588.000000
1270609.000000
1271529.000000
1272445.000000
1273438.000000
1274516.000000
1275522.000000
1276440.000000
1277360.000000
1278344.000000
1279317.000000
1280256.000000
1281302.000000
1282540.000000
1283702.000000
1284771.000000
1285820.000000
1286819.000000
1287725.000000
1288628.000000
1289550.000000
1290465.000000
1291370.000000
1292392.000000
1293429.000000
1294379.000000
1295283.000000
1296252.000000
1297215.000000
1298143.000000
1299064.000000
1300092.000000
1301157.000000
1302187.000000
1303144.000000
1304156.000000
1305183.000000
1306198.000000
1307126.000000
1308060.000000
1309019.000000
1310046.000000
1311011.000000
1311932.000000
1312888.000000
1313929.000000
1314911.000000
1315937.000000
1317078.000000
1318164.000000
1319142.000000
1320146.000000
1321228.000000
1322299.000000
1323301.000000
1324278.000000
1325248.000000
1326194.000000
1327123.000000
1328018.000000
1328984.000000
1330009.000000
1331024.000000
1331959.000000
1333011.000000
1333996.000000
1334882.000000
1335746.000000
1336685.000000
1337652.000000
1338564.000000
1339506.000000
1340555.000000
1341484.000000
1342421.000000
1343465.000000
1344568.000000
1345547.000000
1346489.000000
1347457.000000
1348456.000000
1349390.000000
1350329.000000
1351312.000000
1352340.000000
1353340.000000
1354224.000000
1355125.000000
1356099.000000
1357172.000000
1358141.000000
1359107.000000
1360162.000000
1361166.000000
1362083.000000
1362979.000000
1363983.000000
1365061.000000
1366055.000000
1366994.000000
1368055.000000
1369201.000000
1370229.000000
1371173.000000
1372176.000000
1373147.000000
1374073.000000
1374955.000000
1375883.000000
1376834.000000
1377730.000000
1378601.000000
1379500.000000
1380412.000000
1381268.000000
1382091.000000
1382947.000000
1383830.000000
1384755.000000
1385672.000000
1386569.000000
1387554.000000
1388614.000000
1389604.000000
1390491.000000
1391367.000000
1391852.000000
1393104.000000
1393888.000000
1394640.000000
1395420.000000
1396314.000000
1397288.000000
1398283.000000
1399625.000000
1400970.000000
1402083.000000
1403247.000000
1404339.000000
1405277.000000
1406299.000000
1407374.000000
1408429.000000
1409413.000000
1410430.000000
1411489.000000
1412508.000000
1413420.000000
1414371.000000
1415276.000000
1416140.000000
1417021.000000
1417930.000000
1418842.000000
1419728.000000
1420592.000000
1421470.000000
1422366.000000
1423245.000000
1424116.000000
1424988.000000
1425895.000000
1426784.000000
1427681.000000
1428685.000000
1429891.000000
1430941.000000
1431879.000000
1432947.000000
1434020.000000
1434998.000000
1436064.000000
1437094.000000
1438071.000000
1439060.000000
1440216.000000
1441347.000000
1442359.000000
1443310.000000
1444256.000000
1445156.000000
1446031.000000
1446952.000000
1447997.000000
1449109.000000
1450110.000000
1451165.000000
1452253.000000
1453227.000000
1454255.000000
1455313.000000
1456307.000000
1457217.000000
1458114.000000
1459048.000000
1460014.000000
1460906.000000
1461788.000000
1462710.000000
1463662.000000
1464609.000000
1465527.000000
1466399.000000
1467282.000000
1468196.000000
1469109.000000
1470043.000000
1471220.000000
1472467.000000
1473504.000000
1474520.000000
1475529.000000
1476560.000000
1477508.000000
1478545.000000
1479659.000000
1480714.000000
1481639.000000
1482590.000000
1483599.000000
1484626.000000
1485550.000000
1486448.000000
1487387.000000
1488360.000000
1489263.000000
1490146.000000
1491085.000000
1492043.000000
1492940.000000
1493815.000000
1494735.000000
1495657.000000
1496532.000000
1497400.000000
1498298.000000
1499226.000000
1500100.000000
1500981.000000
1501891.000000
1502835.000000
1503708.000000
1504545.000000
1505388.000000
1506269.000000
1507154.000000
1508041.000000
1509081.000000
1510156.000000
1511184.000000
1512162.000000
1513290.000000
1514394.000000
1515413.000000
1516488.000000
1517707.000000
1518892.000000
1519927.000000
1520933.000000
1521957.000000
1523001.000000
1523955.000000
1524905.000000
1525889.000000
1526810.000000
1527667.000000
1528572.000000
1529582.000000
1530613.000000
1531529.000000
1532431.000000
1533370.000000
1534313.000000
1535237.000000
1536200.000000
1537235.000000
1538197.000000
1539085.000000
1539931.000000
1540762.000000
1541611.000000
1542466.000000
1543370.000000
1544791.000000
1546151.000000
1547165.000000
1548095.000000
1549064.000000
1549991.000000
1551015.000000
1552395.000000
1553673.000000
1554828.000000
1556034.000000
1557233.000000
1558329.000000
1559255.000000
1560170.000000
1561151.000000
1562160.000000
1563201.000000
1564104.000000
1564963.000000
1565844.000000
1566824.000000
1567920.000000
1568928.000000
1570116.000000
1571246.000000
1572261.000000
1573171.000000
1574207.000000
1575304.000000
1576292.000000
1577213.000000
1578225.000000
1579266.000000
1580246.000000
1581156.000000
1582069.000000
1583006.000000
1583896.000000
1584747.000000
1585645.000000
1586644.000000
1587622.000000
1588527.000000
1589563.000000
1590625.000000
1591572.000000
1592453.000000
1593361.000000
1594307.000000
1595229.000000
1596117.000000
1597039.000000
1597972.000000
1598838.000000
1599689.000000
1600600.000000
1601555.000000
1602469.000000
1603423.000000
1604507.000000
1605584.000000
1606487.000000
1607382.000000
1608292.000000
1609225.000000
1610153.000000
1611170.000000
1612573.000000
1613882.000000
1615013.000000
1616145.000000
1617229.000000
1618222.000000
1619105.000000
1620027.000000
1620957.000000
1621839.000000
1622785.000000
1623757.000000
1624676.000000
1625551.000000
1626454.000000
1627420.000000
1628362.000000
1629272.000000
1630170.000000
1631085.000000
1632010.000000
1632870.000000
1633709.000000
1634597.000000
1635510.000000
1636399.000000
1637292.000000
1638269.000000
1639278.000000
1640196.000000
1641116.000000
1642124.000000
1643144.000000
1644080.000000
1645024.000000
1646025.000000
1646984.000000
1647890.000000
1648844.000000
1649816.000000
1650711.000000
1651597.000000
1652517.000000
1653461.000000
1654369.000000
1655243.000000
1656166.000000
1657090.000000
1657954.000000
1658799.000000
1659684.000000
1660622.000000
1661511.000000
1662409.000000
1663439.000000
1664469.000000
1665370.000000
1666273.000000
1667222.000000
1668197.000000
1669095.000000
1670023.000000
1671013.000000
1672056.000000
1672987.000000
1673849.000000
1674682.000000
1675497.000000
1676328.000000
1677180.000000
1678105.000000
1679089.000000
1680046.000000
1681051.000000
1682051.000000
1683008.000000
1683915.000000
1684822.000000
1685648.000000
1686435.000000
1687271.000000
1688117.000000
1688988.000000
1689875.000000
1690759.000000
1691640.000000
1692497.000000
1693354.000000
1694195.000000
1695025.000000
1695857.000000
1696708.000000
1697550.000000
1698394.000000
1699251.000000
1700123.000000
1700984.000000
1701822.000000
1702662.000000
1703489.000000
1704317.000000
1705155.000000
1706010.000000
1706900.000000
1707799.000000
1708690.000000
1709565.000000
1710433.000000
1711290.000000
1712175.000000
1713038.000000
1713912.000000
1714805.000000
1715693.000000
1716576.000000
1717469.000000
1718358.000000
1719234.000000
1720107.000000
1720994.000000
1721905.000000
1722804.000000
1723695.000000
1724614.000000
1725555.000000
1726455.000000
1727349.000000
1728207.000000
1729045.000000
1729866.000000
1730684.000000
1731510.000000
1732337.000000
1733172.000000
1734013.000000
1734799.000000
1735548.000000
1736287.000000
1737070.000000
1737873.000000
1738751.000000
1739657.000000
1740553.000000
1741412.000000
1742304.000000
1743200.000000
1744087.000000
1744989.000000
1745915.000000
1746839.000000
1747756.000000
1748737.000000
1749675.000000
1750596.000000
1751501.000000
1752414.000000
1753309.000000
1754196.000000
1755102.000000
1756041.000000
1756965.000000
1757882.000000
1758823.000000
1759783.000000
1760716.000000
1761658.000000
1762644.000000
1763561.000000
1764467.000000
1765403.000000
1766338.000000
1767256.000000
1768161.000000
1769106.000000
1770006.000000
1770844.000000
1771650.000000
1772427.000000
1773227.000000
1774061.000000
1774912.000000
1775794.000000
1776682.000000
1777573.000000
1778443.000000
1779327.000000
1780216.000000
1781088.000000
1781979.000000
1782881.000000
1783797.000000
1784676.000000
1785547.000000
1786429.000000
1787298.000000
1788156.000000
1789015.000000
1789899.000000
1790808.000000
1791698.000000
1792579.000000
1793470.000000
1794346.000000
1795216.000000
1796103.000000
1797010.000000
1797892.000000
1798774.000000
1799679.000000
1800597.000000
1801519.000000
