Peaks (s)
805.000000
1640.000000
2559.000000
3496.000000
4382.000000
5268.000000
6200.000000
7134.000000
7993.000000
8884.000000
9790.000000
10667.000000
11510.000000
12387.000000
13290.000000
14193.000000
15051.000000
15925.000000
16792.000000
17643.000000
18526.000000
19461.000000
20401.000000
21260.000000
22205.000000
23131.000000
24025.000000
24891.000000
25826.000000
26798.000000
27759.000000
28631.000000
29536.000000
30417.000000
31308.000000
32142.000000
32954.000000
33805.000000
34676.000000
35557.000000
36388.000000
37229.000000
38075.000000
38880.000000
39686.000000
40518.000000
41359.000000
42152.000000
42961.000000
43784.000000
44602.000000
45405.000000
46213.000000
47059.000000
47882.000000
48668.000000
49436.000000
50243.000000
51095.000000
51925.000000
52726.000000
53567.000000
54471.000000
55368.000000
56237.000000
57119.000000
57992.000000
58813.000000
59630.000000
60478.000000
61435.000000
62301.000000
63166.000000
64068.000000
64899.000000
65758.000000
66659.000000
67555.000000
68431.000000
69307.000000
70207.000000
71080.000000
71999.000000
72866.000000
73712.000000
74568.000000
75379.000000
76126.000000
76872.000000
77674.000000
78485.000000
79294.000000
80102.000000
80919.000000
81727.000000
82586.000000
83477.000000
84315.000000
85136.000000
85957.000000
86813.000000
87640.000000
88480.000000
89314.000000
90164.000000
91009.000000
91863.000000
92660.000000
93443.000000
94261.000000
95141.000000
95932.000000
96728.000000
97529.000000
98313.000000
99109.000000
99897.000000
100714.000000
101493.000000
102278.000000
103033.000000
103766.000000
104523.000000
105269.000000
106031.000000
106781.000000
107558.000000
108319.000000
109024.000000
109764.000000
110577.000000
111348.000000
112142.000000
112963.000000
113706.000000
114450.000000
115202.000000
116003.000000
116798.000000
117545.000000
118309.000000
119129.000000
119914.000000
120669.000000
121419.000000
122184.000000
122955.000000
123807.000000
124616.000000
125411.000000
126217.000000
127002.000000
127786.000000
128566.000000
129334.000000
130126.000000
130944.000000
131739.000000
132502.000000
133323.000000
134117.000000
134880.000000
135655.000000
136440.000000
137242.000000
138040.000000
138844.000000
139669.000000
140479.000000
141329.000000
142163.000000
142996.000000
143784.000000
144563.000000
145370.000000
146200.000000
147014.000000
147878.000000
148710.000000
149530.000000
150375.000000
151200.000000
151984.000000
152806.000000
153626.000000
154446.000000
155256.000000
156083.000000
156909.000000
157716.000000
158525.000000
159362.000000
160227.000000
161071.000000
161912.000000
162727.000000
163541.000000
164351.000000
165154.000000
165934.000000
166754.000000
167593.000000
168402.000000
169234.000000
170076.000000
170915.000000
171704.000000
172493.000000
173304.000000
174152.000000
174998.000000
175910.000000
176847.000000
177684.000000
178436.000000
179183.000000
180002.000000
180831.000000
181698.000000
182555.000000
183366.000000
184191.000000
184994.000000
185789.000000
186577.000000
187364.000000
188188.000000
188974.000000
189771.000000
190597.000000
191388.000000
192163.000000
192927.000000
193696.000000
194452.000000
195217.000000
195981.000000
196781.000000
197556.000000
198339.000000
199127.000000
199906.000000
200688.000000
201483.000000
202275.000000
203035.000000
203803.000000
204602.000000
205427.000000
206242.000000
207075.000000
207903.000000
208696.000000
209528.000000
210357.000000
211155.000000
211957.000000
212752.000000
213542.000000
214309.000000
215080.000000
215869.000000
216676.000000
217471.000000
218279.000000
219106.000000
219891.000000
220669.000000
221456.000000
222257.000000
223020.000000
223858.000000
224705.000000
225509.000000
226309.000000
227105.000000
227959.000000
228792.000000
229645.000000
230492.000000
231311.000000
232134.000000
233004.000000
233920.000000
234804.000000
235624.000000
236470.000000
237321.000000
238134.000000
238974.000000
239809.000000
240604.000000
241399.000000
242185.000000
242975.000000
243771.000000
244566.000000
245373.000000
246148.000000
246923.000000
247721.000000
248517.000000
249344.000000
250152.000000
250976.000000
251749.000000
252468.000000
253227.000000
254027.000000
254825.000000
255620.000000
256391.000000
257177.000000
257962.000000
258782.000000
259583.000000
260415.000000
261255.000000
262052.000000
262858.000000
263689.000000
264517.000000
265308.000000
266113.000000
266935.000000
267730.000000
268510.000000
269290.000000
270069.000000
270841.000000
271589.000000
272352.000000
273141.000000
273906.000000
274669.000000
275450.000000
276223.000000
276979.000000
277745.000000
278516.000000
279269.000000
280051.000000
280840.000000
281600.000000
282358.000000
283129.000000
283929.000000
284712.000000
285498.000000
286300.000000
287081.000000
287873.000000
288670.000000
289459.000000
290245.000000
291067.000000
291888.000000
292666.000000
293493.000000
294323.000000
295142.000000
295919.000000
296698.000000
297498.000000
298285.000000
299079.000000
299908.000000
300741.000000
301557.000000
302387.000000
303246.000000
304084.000000
304895.000000
305695.000000
306553.000000
307393.000000
308248.000000
309124.000000
309963.000000
310825.000000
311703.000000
312544.000000
313392.000000
314241.000000
315067.000000
315834.000000
316600.000000
317356.000000
318056.000000
318765.000000
319514.000000
320292.000000
321077.000000
321860.000000
322634.000000
323402.000000
324172.000000
324963.000000
325729.000000
326492.000000
327266.000000
328086.000000
328884.000000
329664.000000
330446.000000
331250.000000
332048.000000
332817.000000
333601.000000
334400.000000
335180.000000
335933.000000
336700.000000
337477.000000
338234.000000
338968.000000
339713.000000
340485.000000
341250.000000
342038.000000
342838.000000
343628.000000
344409.000000
345210.000000
346025.000000
346818.000000
347612.000000
348419.000000
349204.000000
349983.000000
350780.000000
351582.000000
352363.000000
353159.000000
353946.000000
354749.000000
355520.000000
356293.000000
357051.000000
357792.000000
358514.000000
359253.000000
360054.000000
360842.000000
361622.000000
362421.000000
363308.000000
364114.000000
364895.000000
365680.000000
366446.000000
367205.000000
367971.000000
368826.000000
369691.000000
370492.000000
371250.000000
371992.000000
372757.000000
373568.000000
374428.000000
375269.000000
376069.000000
376871.000000
377668.000000
378479.000000
379266.000000
380053.000000
380857.000000
381658.000000
382452.000000
383217.000000
383925.000000
384662.000000
385403.000000
386139.000000
386891.000000
387671.000000
388437.000000
389173.000000
389972.000000
390763.000000
391521.000000
392266.000000
393030.000000
393828.000000
394625.000000
395420.000000
396219.000000
397045.000000
397839.000000
398617.000000
399405.000000
400208.000000
401002.000000
401788.000000
402575.000000
403365.000000
404133.000000
404926.000000
405733.000000
406499.000000
407308.000000
408178.000000
409008.000000
409791.000000
410582.000000
411419.000000
412213.000000
413013.000000
413816.000000
414579.000000
415324.000000
416034.000000
416732.000000
417460.000000
418192.000000
418938.000000
419722.000000
420512.000000
421263.000000
421999.000000
422748.000000
423499.000000
424237.000000
424984.000000
425764.000000
426559.000000
427420.000000
428275.000000
429129.000000
429959.000000
430757.000000
431527.000000
432303.000000
433118.000000
433961.000000
434839.000000
435720.000000
436568.000000
437373.000000
438172.000000
438974.000000
439769.000000
440572.000000
441390.000000
442283.000000
443118.000000
443948.000000
444746.000000
445556.000000
446343.000000
447131.000000
447985.000000
448808.000000
449594.000000
450440.000000
451314.000000
452123.000000
452941.000000
453772.000000
454596.000000
455393.000000
456184.000000
456990.000000
457770.000000
458565.000000
459391.000000
460189.000000
460975.000000
461771.000000
462609.000000
463395.000000
464191.000000
465009.000000
465860.000000
466703.000000
467596.000000
468490.000000
469310.000000
470110.000000
470945.000000
471819.000000
472646.000000
473466.000000
474311.000000
475139.000000
475944.000000
476750.000000
477565.000000
478378.000000
479177.000000
479931.000000
480677.000000
481456.000000
482226.000000
482930.000000
483653.000000
484484.000000
485259.000000
486032.000000
486831.000000
487650.000000
488452.000000
489224.000000
490002.000000
490809.000000
491602.000000
492394.000000
493204.000000
494062.000000
494864.000000
495659.000000
496480.000000
497276.000000
498074.000000
498879.000000
499738.000000
500598.000000
501492.000000
502369.000000
503229.000000
504067.000000
504916.000000
505771.000000
506599.000000
507455.000000
508302.000000
509162.000000
509974.000000
510803.000000
511629.000000
512441.000000
513246.000000
514052.000000
514876.000000
515673.000000
516441.000000
517229.000000
518069.000000
518885.000000
519711.000000
520501.000000
521286.000000
522044.000000
522823.000000
523630.000000
524409.000000
525196.000000
525994.000000
526815.000000
527609.000000
528385.000000
529178.000000
529999.000000
530781.000000
531574.000000
532372.000000
533166.000000
533946.000000
534742.000000
535540.000000
536327.000000
537095.000000
537882.000000
538709.000000
539510.000000
540313.000000
541126.000000
541929.000000
542715.000000
543549.000000
544383.000000
545192.000000
546039.000000
546918.000000
547809.000000
548636.000000
549458.000000
550286.000000
551102.000000
551895.000000
552691.000000
553531.000000
554317.000000
555106.000000
555914.000000
556712.000000
557494.000000
558259.000000
559038.000000
559800.000000
560578.000000
561357.000000
562141.000000
562926.000000
563725.000000
564546.000000
565319.000000
566105.000000
566893.000000
567666.000000
568460.000000
569242.000000
570012.000000
570776.000000
571563.000000
572369.000000
573152.000000
573964.000000
574774.000000
575565.000000
576323.000000
577118.000000
577920.000000
578728.000000
579499.000000
580275.000000
581022.000000
581756.000000
582446.000000
583140.000000
583894.000000
584639.000000
585393.000000
586165.000000
586948.000000
587694.000000
588438.000000
589193.000000
589944.000000
590684.000000
591431.000000
592190.000000
592973.000000
593740.000000
594514.000000
595310.000000
596070.000000
596829.000000
597623.000000
598409.000000
599179.000000
599954.000000
600738.000000
601520.000000
602294.000000
603068.000000
603853.000000
604637.000000
605399.000000
606181.000000
607046.000000
607849.000000
608615.000000
609422.000000
610273.000000
611079.000000
611897.000000
612789.000000
613687.000000
614534.000000
615385.000000
616199.000000
617000.000000
617800.000000
618654.000000
619476.000000
620297.000000
621126.000000
621910.000000
622707.000000
623520.000000
624324.000000
625108.000000
625893.000000
626679.000000
627453.000000
628234.000000
629027.000000
629805.000000
630582.000000
631362.000000
632156.000000
632932.000000
633745.000000
634579.000000
635373.000000
636128.000000
636887.000000
637655.000000
638425.000000
639230.000000
640033.000000
640835.000000
641622.000000
642417.000000
643214.000000
643994.000000
644789.000000
645592.000000
646376.000000
647151.000000
647956.000000
648757.000000
649528.000000
650303.000000
651073.000000
651856.000000
652624.000000
653397.000000
654187.000000
654977.000000
655807.000000
656630.000000
657442.000000
658249.000000
659052.000000
659856.000000
660665.000000
661468.000000
662289.000000
663141.000000
663968.000000
664821.000000
665676.000000
666531.000000
667340.000000
668149.000000
668966.000000
669760.000000
670562.000000
671379.000000
672169.000000
672967.000000
673768.000000
674586.000000
675347.000000
676074.000000
676783.000000
677543.000000
678375.000000
679205.000000
680065.000000
680943.000000
681843.000000
682667.000000
683462.000000
684282.000000
685096.000000
685937.000000
686780.000000
687634.000000
688443.000000
689279.000000
690151.000000
691086.000000
691945.000000
692751.000000
693536.000000
694337.000000
695182.000000
696029.000000
696863.000000
697675.000000
698513.000000
699343.000000
700106.000000
700864.000000
701627.000000
702366.000000
703103.000000
703859.000000
704692.000000
705480.000000
706293.000000
707107.000000
707907.000000
708672.000000
709399.000000
710136.000000
710908.000000
711729.000000
712526.000000
713320.000000
714114.000000
714862.000000
715600.000000
716293.000000
716990.000000
717715.000000
718460.000000
719192.000000
719922.000000
720640.000000
721356.000000
722071.000000
722787.000000
723500.000000
724218.000000
724918.000000
725622.000000
726328.000000
727028.000000
727707.000000
728385.000000
729042.000000
729716.000000
730426.000000
731137.000000
731853.000000
732589.000000
733328.000000
734055.000000
734793.000000
735533.000000
736263.000000
736984.000000
737709.000000
738440.000000
739158.000000
739873.000000
740582.000000
741294.000000
742009.000000
742732.000000
743471.000000
744193.000000
744909.000000
745580.000000
746245.000000
746917.000000
747584.000000
748261.000000
748964.000000
749692.000000
750413.000000
751148.000000
751870.000000
752602.000000
753328.000000
754042.000000
754747.000000
755447.000000
756165.000000
756843.000000
757516.000000
758224.000000
758942.000000
759674.000000
760427.000000
761213.000000
761965.000000
762722.000000
763485.000000
764270.000000
765008.000000
765773.000000
766554.000000
767317.000000
768065.000000
768823.000000
769591.000000
770326.000000
771072.000000
771839.000000
772627.000000
773393.000000
774180.000000
774991.000000
775817.000000
776605.000000
777367.000000
778127.000000
778891.000000
779636.000000
780387.000000
781169.000000
781974.000000
782751.000000
783542.000000
784337.000000
785114.000000
785883.000000
786651.000000
787426.000000
788194.000000
788970.000000
789763.000000
790587.000000
791397.000000
792206.000000
793017.000000
793801.000000
794609.000000
795432.000000
796216.000000
797014.000000
797801.000000
798597.000000
799367.000000
800158.000000
800978.000000
801795.000000
802600.000000
803423.000000
804284.000000
805093.000000
805905.000000
806718.000000
807510.000000
808299.000000
809113.000000
809934.000000
810723.000000
811527.000000
812357.000000
813147.000000
813934.000000
814731.000000
815553.000000
816339.000000
817124.000000
817950.000000
818748.000000
819546.000000
820341.000000
821214.000000
822040.000000
822859.000000
823738.000000
824574.000000
825361.000000
826140.000000
826932.000000
827742.000000
828510.000000
829258.000000
829966.000000
830712.000000
831509.000000
832275.000000
833055.000000
833851.000000
834640.000000
835396.000000
836177.000000
836952.000000
837708.000000
838471.000000
839249.000000
840060.000000
840854.000000
841648.000000
842453.000000
843277.000000
844074.000000
844908.000000
845718.000000
846489.000000
847258.000000
848029.000000
848844.000000
849640.000000
850425.000000
851223.000000
852072.000000
852890.000000
853693.000000
854506.000000
855313.000000
856081.000000
856856.000000
857642.000000
858454.000000
859221.000000
860013.000000
860868.000000
861741.000000
862546.000000
863348.000000
864173.000000
864912.000000
865645.000000
866403.000000
867176.000000
867976.000000
868793.000000
869571.000000
870301.000000
871020.000000
871781.000000
872599.000000
873438.000000
874277.000000
875104.000000
875893.000000
876690.000000
877483.000000
878281.000000
879077.000000
879881.000000
880696.000000
881492.000000
882256.000000
883002.000000
883713.000000
884476.000000
885266.000000
886037.000000
886843.000000
887694.000000
888585.000000
889420.000000
890270.000000
891136.000000
892003.000000
892813.000000
893638.000000
894487.000000
895341.000000
896150.000000
896939.000000
897716.000000
898535.000000
899341.000000
900156.000000
