Peaks (s)
734.000000
1675.000000
2585.000000
3663.000000
4642.000000
5540.000000
6512.000000
7442.000000
8374.000000
9528.000000
10613.000000
11566.000000
12568.000000
13551.000000
14433.000000
15405.000000
16496.000000
17457.000000
18571.000000
19609.000000
20545.000000
21554.000000
22518.000000
23503.000000
24693.000000
25742.000000
26770.000000
27923.000000
28982.000000
29932.000000
30997.000000
32037.000000
33124.000000
34243.000000
35277.000000
36273.000000
37422.000000
38498.000000
39528.000000
40671.000000
41671.000000
42668.000000
43735.000000
44576.000000
45359.000000
46195.000000
47458.000000
48667.000000
49731.000000
50871.000000
51937.000000
52938.000000
54093.000000
55169.000000
56175.000000
57358.000000
58446.000000
59455.000000
60605.000000
61703.000000
62693.000000
63788.000000
64810.000000
65841.000000
66902.000000
67928.000000
69125.000000
70281.000000
71278.000000
72334.000000
73450.000000
74432.000000
75590.000000
76684.000000
77640.000000
78648.000000
79648.000000
80624.000000
81627.000000
82903.000000
83952.000000
85003.000000
86070.000000
87039.000000
88052.000000
89211.000000
90320.000000
91324.000000
92503.000000
93584.000000
94678.000000
95850.000000
96873.000000
97983.000000
98987.000000
99982.000000
101276.000000
102435.000000
103590.000000
104726.000000
105803.000000
106758.000000
108038.000000
109111.000000
110277.000000
111485.000000
112549.000000
113699.000000
114699.000000
115744.000000
116988.000000
118062.000000
119066.000000
120151.000000
121197.000000
122261.000000
123408.000000
124589.000000
125686.000000
126786.000000
127783.000000
128800.000000
129952.000000
131000.000000
132126.000000
133253.000000
134294.000000
135448.000000
136533.000000
137467.000000
138376.000000
139212.000000
140122.000000
141481.000000
142655.000000
143660.000000
144845.000000
146012.000000
147196.000000
148332.000000
149417.000000
150402.000000
151434.000000
152450.000000
153554.000000
154762.000000
155888.000000
157051.000000
158202.000000
159245.000000
160393.000000
161605.000000
162692.000000
163724.000000
164884.000000
165952.000000
166903.000000
168071.000000
169090.000000
170085.000000
171350.000000
172424.000000
173432.000000
174534.000000
175599.000000
176598.000000
177697.000000
178771.000000
179722.000000
180736.000000
181865.000000
182832.000000
183984.000000
185086.000000
186106.000000
187274.000000
188331.000000
189320.000000
190324.000000
191368.000000
192339.000000
193338.000000
194374.000000
195543.000000
196621.000000
197739.000000
198834.000000
199806.000000
200925.000000
202039.000000
203051.000000
204183.000000
205317.000000
206329.000000
207421.000000
208553.000000
209573.000000
210628.000000
211758.000000
212736.000000
213654.000000
214831.000000
215985.000000
217004.000000
218136.000000
219303.000000
220326.000000
221476.000000
222576.000000
223532.000000
224569.000000
225648.000000
226577.000000
227635.000000
228728.000000
229816.000000
230919.000000
232027.000000
232981.000000
234058.000000
235161.000000
236143.000000
237204.000000
238241.000000
239400.000000
240579.000000
241618.000000
242625.000000
243714.000000
244754.000000
245790.000000
246770.000000
247865.000000
249042.000000
250209.000000
251257.000000
252329.000000
253489.000000
254684.000000
255807.000000
256947.000000
258000.000000
259036.000000
260060.000000
261088.000000
262094.000000
263308.000000
264510.000000
265609.000000
266749.000000
267814.000000
268841.000000
270022.000000
271063.000000
272120.000000
273344.000000
274399.000000
275397.000000
276590.000000
277749.000000
278886.000000
280091.000000
281192.000000
282243.000000
283370.000000
284369.000000
285529.000000
286680.000000
287713.000000
288738.000000
289902.000000
290936.000000
292026.000000
293056.000000
294036.000000
295047.000000
296050.000000
297063.000000
298130.000000
299362.000000
300481.000000
301620.000000
302631.000000
303549.000000
304636.000000
305670.000000
306727.000000
307951.000000
309013.000000
310145.000000
311342.000000
312441.000000
313569.000000
314701.000000
315757.000000
316798.000000
318005.000000
319162.000000
320323.000000
321470.000000
322478.000000
323620.000000
324778.000000
325765.000000
326887.000000
328033.000000
329115.000000
330306.000000
331438.000000
332470.000000
333616.000000
334734.000000
335722.000000
336958.000000
338098.000000
339043.000000
339971.000000
341264.000000
342490.000000
343559.000000
344728.000000
345866.000000
346895.000000
348072.000000
349237.000000
350321.000000
351504.000000
352692.000000
353832.000000
355054.000000
356241.000000
357399.000000
358621.000000
359767.000000
360866.000000
361973.000000
363014.000000
364247.000000
365485.000000
366605.000000
367714.000000
368942.000000
369997.000000
371112.000000
372264.000000
373268.000000
374428.000000
375686.000000
376721.000000
377879.000000
378965.000000
379902.000000
381104.000000
382277.000000
383262.000000
384331.000000
385568.000000
386489.000000
387328.000000
388073.000000
388942.000000
390166.000000
391332.000000
392449.000000
393455.000000
394620.000000
395747.000000
396727.000000
397644.000000
398856.000000
399960.000000
401040.000000
402164.000000
403131.000000
404192.000000
405340.000000
406389.000000
407578.000000
408724.000000
409803.000000
410969.000000
412107.000000
413142.000000
414316.000000
415473.000000
416512.000000
417722.000000
418841.000000
419961.000000
421140.000000
422206.000000
423335.000000
424528.000000
425632.000000
426753.000000
427954.000000
429032.000000
430145.000000
431335.000000
432371.000000
433546.000000
434769.000000
435828.000000
437016.000000
438124.000000
439019.000000
439881.000000
441210.000000
442370.000000
443669.000000
444854.000000
446013.000000
447061.000000
448136.000000
449266.000000
450385.000000
451402.000000
452554.000000
453728.000000
454838.000000
455944.000000
457095.000000
458246.000000
459304.000000
460483.000000
461663.000000
462756.000000
463940.000000
465126.000000
466186.000000
467245.000000
468270.000000
469252.000000
470323.000000
471599.000000
472700.000000
473830.000000
475004.000000
476061.000000
477164.000000
478349.000000
479423.000000
480547.000000
481714.000000
482707.000000
483882.000000
485086.000000
486096.000000
487197.000000
488302.000000
489286.000000
490353.000000
491511.000000
492501.000000
493572.000000
494668.000000
495640.000000
496763.000000
497882.000000
498885.000000
499987.000000
500998.000000
501966.000000
503020.000000
504181.000000
505151.000000
506128.000000
507067.000000
507924.000000
509181.000000
510312.000000
511406.000000
512534.000000
513596.000000
514531.000000
515548.000000
516732.000000
517756.000000
518823.000000
519943.000000
520975.000000
522069.000000
523215.000000
524348.000000
525338.000000
526485.000000
527636.000000
528675.000000
529865.000000
531017.000000
532089.000000
533261.000000
534383.000000
535516.000000
536673.000000
537735.000000
538863.000000
539970.000000
541061.000000
542227.000000
543246.000000
544317.000000
545348.000000
546352.000000
547400.000000
548656.000000
549685.000000
550803.000000
551992.000000
553056.000000
554214.000000
555385.000000
556436.000000
557652.000000
558874.000000
559978.000000
561159.000000
562313.000000
563454.000000
564639.000000
565822.000000
566882.000000
567992.000000
569203.000000
570256.000000
571494.000000
572650.000000
573750.000000
574937.000000
576065.000000
577117.000000
578384.000000
579535.000000
580561.000000
581787.000000
582903.000000
583931.000000
585145.000000
586265.000000
587231.000000
588483.000000
589615.000000
590660.000000
591877.000000
593028.000000
594110.000000
595283.000000
596412.000000
597411.000000
598500.000000
599726.000000
600779.000000
601963.000000
603103.000000
604109.000000
605272.000000
606405.000000
607430.000000
608667.000000
609821.000000
610818.000000
611966.000000
613147.000000
614181.000000
615358.000000
616502.000000
617535.000000
618699.000000
619744.000000
620875.000000
622042.000000
623169.000000
624183.000000
625377.000000
626532.000000
627579.000000
628727.000000
629881.000000
630955.000000
632075.000000
633256.000000
634376.000000
635525.000000
636559.000000
637708.000000
638763.000000
639813.000000
