Peaks (s)
451.000000
1101.000000
1756.000000
2433.000000
3120.000000
3816.000000
4510.000000
5213.000000
5928.000000
6637.000000
7337.000000
8025.000000
8729.000000
9433.000000
10144.000000
10835.000000
11521.000000
12216.000000
12935.000000
13655.000000
14368.000000
15076.000000
15791.000000
16537.000000
17254.000000
17981.000000
18675.000000
19382.000000
20090.000000
20818.000000
21522.000000
22218.000000
22909.000000
23636.000000
24368.000000
25098.000000
25791.000000
26487.000000
27176.000000
27879.000000
28575.000000
29256.000000
29934.000000
30625.000000
31326.000000
32031.000000
32723.000000
33412.000000
34121.000000
34851.000000
35556.000000
36259.000000
36965.000000
37686.000000
38408.000000
39115.000000
39818.000000
40519.000000
41224.000000
41936.000000
42628.000000
43326.000000
44025.000000
44742.000000
45446.000000
46152.000000
46862.000000
47582.000000
48295.000000
48985.000000
49671.000000
50362.000000
51042.000000
51713.000000
52381.000000
53062.000000
53744.000000
54438.000000
55106.000000
55774.000000
56444.000000
57125.000000
57802.000000
58478.000000
59154.000000
59848.000000
60575.000000
61299.000000
62023.000000
62728.000000
63428.000000
64134.000000
64850.000000
65561.000000
66259.000000
66949.000000
67655.000000
68366.000000
69075.000000
69763.000000
70460.000000
71150.000000
71845.000000
72536.000000
73224.000000
73909.000000
74611.000000
75304.000000
75985.000000
76658.000000
77349.000000
78040.000000
78741.000000
79431.000000
80124.000000
80823.000000
81526.000000
82217.000000
82908.000000
83596.000000
84303.000000
85000.000000
85693.000000
86373.000000
87056.000000
87750.000000
88443.000000
89127.000000
89805.000000
90497.000000
91190.000000
91880.000000
92562.000000
93238.000000
93932.000000
94630.000000
95330.000000
96019.000000
96703.000000
97408.000000
98107.000000
98801.000000
99491.000000
100192.000000
100910.000000
101627.000000
102338.000000
103045.000000
103763.000000
104474.000000
105173.000000
105868.000000
106568.000000
107277.000000
107980.000000
108668.000000
109358.000000
110059.000000
110772.000000
111471.000000
112171.000000
112862.000000
113569.000000
114270.000000
114985.000000
115674.000000
116372.000000
117082.000000
117792.000000
118504.000000
119201.000000
119906.000000
120639.000000
121353.000000
122062.000000
122750.000000
123455.000000
124167.000000
124876.000000
125574.000000
126272.000000
126979.000000
127692.000000
128391.000000
129076.000000
129768.000000
130464.000000
131156.000000
131844.000000
132529.000000
133224.000000
133937.000000
134649.000000
135349.000000
136046.000000
136760.000000
137464.000000
138171.000000
138864.000000
139564.000000
140279.000000
140994.000000
141704.000000
142410.000000
143137.000000
143857.000000
144573.000000
145274.000000
145972.000000
146678.000000
147388.000000
148090.000000
148783.000000
149466.000000
150153.000000
150853.000000
151541.000000
152235.000000
152922.000000
153621.000000
154335.000000
155063.000000
155776.000000
156468.000000
157165.000000
157847.000000
158537.000000
159222.000000
159900.000000
160582.000000
161272.000000
161960.000000
162646.000000
163326.000000
164021.000000
164706.000000
165392.000000
166067.000000
166741.000000
167427.000000
168126.000000
168818.000000
169507.000000
170187.000000
170878.000000
171571.000000
172265.000000
172946.000000
173629.000000
174316.000000
175008.000000
175693.000000
176369.000000
177052.000000
177750.000000
178445.000000
179127.000000
179802.000000
180486.000000
181164.000000
181835.000000
182501.000000
183170.000000
183852.000000
184540.000000
185218.000000
185891.000000
186563.000000
187251.000000
187930.000000
188604.000000
189268.000000
189937.000000
190613.000000
191288.000000
191960.000000
192621.000000
193295.000000
193978.000000
194675.000000
195354.000000
196031.000000
196717.000000
197410.000000
198099.000000
198782.000000
199476.000000
200173.000000
200863.000000
201540.000000
202212.000000
202891.000000
203574.000000
204250.000000
204921.000000
205594.000000
206279.000000
206963.000000
207644.000000
208312.000000
208994.000000
209683.000000
210369.000000
211043.000000
211725.000000
212418.000000
213111.000000
213792.000000
214463.000000
215140.000000
215818.000000
216496.000000
217167.000000
217838.000000
218529.000000
219221.000000
219911.000000
220593.000000
221284.000000
221974.000000
222661.000000
223342.000000
224035.000000
224721.000000
225407.000000
226079.000000
226742.000000
227419.000000
228090.000000
228764.000000
229431.000000
230111.000000
230802.000000
231495.000000
232178.000000
232858.000000
233553.000000
234245.000000
234930.000000
235606.000000
236280.000000
236964.000000
237644.000000
238315.000000
238981.000000
239650.000000
240324.000000
241000.000000
241672.000000
242345.000000
243033.000000
243724.000000
244410.000000
245083.000000
245755.000000
246443.000000
247130.000000
247824.000000
248507.000000
249202.000000
249898.000000
250596.000000
251283.000000
251968.000000
252658.000000
253352.000000
254045.000000
254731.000000
255408.000000
256086.000000
256761.000000
257425.000000
258086.000000
258749.000000
259406.000000
260042.000000
260678.000000
261316.000000
261958.000000
262605.000000
263268.000000
263936.000000
264599.000000
265265.000000
265940.000000
266624.000000
267306.000000
267993.000000
268669.000000
269362.000000
270067.000000
270772.000000
271476.000000
272173.000000
272872.000000
273573.000000
274282.000000
274985.000000
275676.000000
276361.000000
277042.000000
277737.000000
278426.000000
279124.000000
279810.000000
280499.000000
281192.000000
281875.000000
282558.000000
283224.000000
283891.000000
284573.000000
285265.000000
285953.000000
286640.000000
287321.000000
288024.000000
288754.000000
289484.000000
290190.000000
290886.000000
291580.000000
292285.000000
292983.000000
293687.000000
294374.000000
295064.000000
295751.000000
296437.000000
297110.000000
297789.000000
298468.000000
299163.000000
299846.000000
300511.000000
301150.000000
301782.000000
302418.000000
303067.000000
303731.000000
304389.000000
305048.000000
305701.000000
306358.000000
306998.000000
307632.000000
308256.000000
308869.000000
309480.000000
310095.000000
310710.000000
311332.000000
311960.000000
312600.000000
313245.000000
313887.000000
314532.000000
315186.000000
315855.000000
316522.000000
317191.000000
317861.000000
318543.000000
319221.000000
319902.000000
320577.000000
321260.000000
321954.000000
322650.000000
323347.000000
324038.000000
324730.000000
325442.000000
326140.000000
326836.000000
327520.000000
328199.000000
328902.000000
329602.000000
330305.000000
331002.000000
331743.000000
332515.000000
333263.000000
333994.000000
334712.000000
335445.000000
336188.000000
336921.000000
337637.000000
338346.000000
339069.000000
339799.000000
340538.000000
341262.000000
341983.000000
342705.000000
343436.000000
344196.000000
344921.000000
345639.000000
346354.000000
347084.000000
347819.000000
348544.000000
349245.000000
349944.000000
350649.000000
351366.000000
352074.000000
352764.000000
353462.000000
354175.000000
354894.000000
355594.000000
356293.000000
356988.000000
357692.000000
358391.000000
359078.000000
359754.000000
360434.000000
361116.000000
361804.000000
362488.000000
363186.000000
363900.000000
364634.000000
365368.000000
366080.000000
366799.000000
367525.000000
368249.000000
368960.000000
369656.000000
370348.000000
371047.000000
371730.000000
372408.000000
373086.000000
373772.000000
374466.000000
375148.000000
375829.000000
376519.000000
377214.000000
377903.000000
378591.000000
379287.000000
379990.000000
380702.000000
381400.000000
382096.000000
382789.000000
383495.000000
384193.000000
384883.000000
385567.000000
386254.000000
386956.000000
387663.000000
388363.000000
389060.000000
389757.000000
390466.000000
391167.000000
391862.000000
392567.000000
393290.000000
393998.000000
394712.000000
395411.000000
396125.000000
396845.000000
397553.000000
398248.000000
398946.000000
399660.000000
400375.000000
401077.000000
401778.000000
402498.000000
403240.000000
403967.000000
404680.000000
405386.000000
406107.000000
406825.000000
407534.000000
408246.000000
408950.000000
409655.000000
410375.000000
411123.000000
411864.000000
412579.000000
413295.000000
414004.000000
414702.000000
415398.000000
416081.000000
416766.000000
417461.000000
418181.000000
418889.000000
419600.000000
420303.000000
421014.000000
421720.000000
422423.000000
423108.000000
423785.000000
424460.000000
425152.000000
425842.000000
426529.000000
427213.000000
427914.000000
428626.000000
429322.000000
430013.000000
430716.000000
431412.000000
432106.000000
432782.000000
433465.000000
434153.000000
434828.000000
435495.000000
436161.000000
436838.000000
437520.000000
438196.000000
438864.000000
439535.000000
440213.000000
440889.000000
441559.000000
442230.000000
442918.000000
443611.000000
444297.000000
444972.000000
445647.000000
446325.000000
447002.000000
447672.000000
448339.000000
449003.000000
449677.000000
450357.000000
451035.000000
451704.000000
452378.000000
453062.000000
453747.000000
454429.000000
455107.000000
455802.000000
456506.000000
457217.000000
457909.000000
458586.000000
459270.000000
459964.000000
460653.000000
461331.000000
462000.000000
462674.000000
463360.000000
464040.000000
464717.000000
465392.000000
466076.000000
466771.000000
467466.000000
468154.000000
468836.000000
469523.000000
470216.000000
470903.000000
471583.000000
472254.000000
472941.000000
473635.000000
474327.000000
475008.000000
475688.000000
476373.000000
477056.000000
477746.000000
478421.000000
479111.000000
479806.000000
480490.000000
481163.000000
481830.000000
482505.000000
483188.000000
483869.000000
484543.000000
485214.000000
485897.000000
486588.000000
487280.000000
487955.000000
488628.000000
489303.000000
489983.000000
490669.000000
491358.000000
492043.000000
492731.000000
493445.000000
494155.000000
494871.000000
495565.000000
496259.000000
496957.000000
497661.000000
498356.000000
499046.000000
499733.000000
500432.000000
501139.000000
501859.000000
502563.000000
503264.000000
503972.000000
504692.000000
505399.000000
506101.000000
506808.000000
507532.000000
508259.000000
508965.000000
509668.000000
510378.000000
511085.000000
511787.000000
512484.000000
513198.000000
513927.000000
514641.000000
515353.000000
516058.000000
516794.000000
517519.000000
518242.000000
518944.000000
519656.000000
520379.000000
521100.000000
521820.000000
522522.000000
523237.000000
523961.000000
524674.000000
525384.000000
526089.000000
526804.000000
527523.000000
528235.000000
528934.000000
529641.000000
530353.000000
531060.000000
531747.000000
532421.000000
533083.000000
533750.000000
534426.000000
535105.000000
535783.000000
536464.000000
537143.000000
537802.000000
538462.000000
539133.000000
539802.000000
540470.000000
541150.000000
541829.000000
542504.000000
543177.000000
543851.000000
544538.000000
545236.000000
545935.000000
546640.000000
547356.000000
548073.000000
548784.000000
549490.000000
550194.000000
550905.000000
551614.000000
552321.000000
553026.000000
553734.000000
554451.000000
555164.000000
555868.000000
556565.000000
557266.000000
557976.000000
558694.000000
559409.000000
560116.000000
560822.000000
561538.000000
562260.000000
562976.000000
563677.000000
564392.000000
565108.000000
565826.000000
566528.000000
567224.000000
567930.000000
568638.000000
569339.000000
570035.000000
570733.000000
571438.000000
572145.000000
572858.000000
573558.000000
574253.000000
574941.000000
575642.000000
576339.000000
577034.000000
577726.000000
578408.000000
579087.000000
579772.000000
580492.000000
581220.000000
581941.000000
582651.000000
583354.000000
584060.000000
584776.000000
585494.000000
586205.000000
586915.000000
587614.000000
588315.000000
589019.000000
589732.000000
590445.000000
591146.000000
591849.000000
592547.000000
593253.000000
593967.000000
594671.000000
595375.000000
596073.000000
596782.000000
597493.000000
598194.000000
598891.000000
599588.000000
600302.000000
601005.000000
601710.000000
602402.000000
603109.000000
603815.000000
604514.000000
605208.000000
605916.000000
606634.000000
607355.000000
608069.000000
608780.000000
609495.000000
610220.000000
610934.000000
611648.000000
612351.000000
613064.000000
613783.000000
614498.000000
615205.000000
615914.000000
616628.000000
617343.000000
618050.000000
618758.000000
619483.000000
620213.000000
620945.000000
621668.000000
622400.000000
623127.000000
623853.000000
624568.000000
625285.000000
626001.000000
626725.000000
627450.000000
628171.000000
628890.000000
629614.000000
630354.000000
631095.000000
631838.000000
632582.000000
633342.000000
634097.000000
634847.000000
635589.000000
636329.000000
637080.000000
637833.000000
638565.000000
639298.000000
640030.000000
640759.000000
641487.000000
642205.000000
642923.000000
643647.000000
644374.000000
645095.000000
645815.000000
646535.000000
647263.000000
647993.000000
648712.000000
649428.000000
650140.000000
650851.000000
651561.000000
652264.000000
652965.000000
653667.000000
654375.000000
655079.000000
655780.000000
656471.000000
657167.000000
657868.000000
658568.000000
659270.000000
659979.000000
660700.000000
661437.000000
662181.000000
662910.000000
663631.000000
664352.000000
665076.000000
665798.000000
666511.000000
667223.000000
667939.000000
668654.000000
669353.000000
670046.000000
670733.000000
671428.000000
672122.000000
672816.000000
673511.000000
674214.000000
674929.000000
675649.000000
676356.000000
677062.000000
677771.000000
678486.000000
679190.000000
679886.000000
680577.000000
681275.000000
681971.000000
682665.000000
683353.000000
684048.000000
684747.000000
685450.000000
686151.000000
686837.000000
687530.000000
688224.000000
688917.000000
689606.000000
690294.000000
691003.000000
691721.000000
692442.000000
693140.000000
693845.000000
694554.000000
695265.000000
695969.000000
696668.000000
697366.000000
698080.000000
698798.000000
699513.000000
700223.000000
700927.000000
701650.000000
702361.000000
703065.000000
703766.000000
704476.000000
705192.000000
705893.000000
706589.000000
707281.000000
707992.000000
708698.000000
709402.000000
710127.000000
710877.000000
711663.000000
712429.000000
713191.000000
713958.000000
714708.000000
715448.000000
716174.000000
716897.000000
717620.000000
718340.000000
719048.000000
719750.000000
720461.000000
721179.000000
721905.000000
722631.000000
723357.000000
724100.000000
724847.000000
725578.000000
726312.000000
727049.000000
727781.000000
728507.000000
729223.000000
729932.000000
730647.000000
731364.000000
732083.000000
732805.000000
733529.000000
734263.000000
735002.000000
735733.000000
736456.000000
737176.000000
737900.000000
738630.000000
739346.000000
740056.000000
740774.000000
741500.000000
742224.000000
742944.000000
743661.000000
744382.000000
745116.000000
745840.000000
746553.000000
747269.000000
747998.000000
748738.000000
749467.000000
750188.000000
750909.000000
751634.000000
752358.000000
753091.000000
753813.000000
754532.000000
755262.000000
755997.000000
756725.000000
757444.000000
758167.000000
758900.000000
759646.000000
760379.000000
761102.000000
761834.000000
762563.000000
763298.000000
764022.000000
764737.000000
765450.000000
766179.000000
766911.000000
767635.000000
768358.000000
769089.000000
769816.000000
770540.000000
771250.000000
771954.000000
772669.000000
773385.000000
774096.000000
774800.000000
775501.000000
776219.000000
776938.000000
777656.000000
778368.000000
779067.000000
779770.000000
780474.000000
781173.000000
781869.000000
782561.000000
783251.000000
783944.000000
784635.000000
785319.000000
786004.000000
786697.000000
787400.000000
788106.000000
788807.000000
789504.000000
790197.000000
790894.000000
791604.000000
792328.000000
793034.000000
793742.000000
794459.000000
795179.000000
795895.000000
796593.000000
797292.000000
798003.000000
798710.000000
799412.000000
800110.000000
800821.000000
801526.000000
802230.000000
802924.000000
803631.000000
804342.000000
805052.000000
805759.000000
806479.000000
807208.000000
807935.000000
808651.000000
809351.000000
810052.000000
810759.000000
811477.000000
812182.000000
812886.000000
813588.000000
814294.000000
815013.000000
815730.000000
816455.000000
817167.000000
817883.000000
818599.000000
819306.000000
820008.000000
820710.000000
821419.000000
822136.000000
822848.000000
823559.000000
824281.000000
825037.000000
825788.000000
826519.000000
827229.000000
827945.000000
828662.000000
829374.000000
830075.000000
830767.000000
831460.000000
832171.000000
832891.000000
833636.000000
834400.000000
835221.000000
836019.000000
836806.000000
837578.000000
838356.000000
839120.000000
839857.000000
840583.000000
841309.000000
842034.000000
842753.000000
843468.000000
844190.000000
844929.000000
845671.000000
846411.000000
847145.000000
847884.000000
848624.000000
849370.000000
850104.000000
850834.000000
851569.000000
852312.000000
853058.000000
853792.000000
854517.000000
855246.000000
855982.000000
856709.000000
857436.000000
858158.000000
858889.000000
859616.000000
860337.000000
861048.000000
861765.000000
862485.000000
863197.000000
863899.000000
864594.000000
865294.000000
865997.000000
866698.000000
867405.000000
868126.000000
868856.000000
869587.000000
870306.000000
871031.000000
871758.000000
872475.000000
873174.000000
873866.000000
874557.000000
875249.000000
875941.000000
876642.000000
877350.000000
878056.000000
878765.000000
879467.000000
880169.000000
880858.000000
881531.000000
882198.000000
882869.000000
883544.000000
884219.000000
884901.000000
885588.000000
886271.000000
886949.000000
887623.000000
888305.000000
888996.000000
889693.000000
890396.000000
891103.000000
891843.000000
892595.000000
893357.000000
894105.000000
894852.000000
