Peaks (s)
510.000000
1232.000000
1948.000000
2689.000000
3430.000000
4181.000000
4919.000000
5666.000000
6430.000000
7194.000000
7935.000000
8678.000000
9435.000000
10206.000000
10967.000000
11707.000000
12463.000000
13238.000000
14024.000000
14790.000000
15547.000000
16333.000000
17136.000000
17915.000000
18676.000000
19436.000000
20214.000000
21011.000000
21791.000000
22547.000000
23298.000000
24069.000000
24852.000000
25637.000000
26412.000000
27201.000000
27964.000000
28701.000000
29448.000000
30222.000000
31004.000000
31763.000000
32519.000000
33297.000000
34100.000000
34925.000000
35702.000000
36474.000000
37263.000000
38057.000000
38816.000000
39562.000000
40336.000000
41120.000000
41879.000000
42625.000000
43395.000000
44178.000000
44948.000000
45688.000000
46444.000000
47238.000000
48046.000000
48817.000000
49589.000000
50392.000000
51194.000000
51964.000000
52737.000000
53539.000000
54362.000000
55138.000000
55907.000000
56708.000000
57530.000000
58320.000000
59105.000000
59903.000000
60715.000000
61490.000000
62245.000000
63033.000000
63832.000000
64627.000000
65392.000000
66167.000000
66963.000000
67769.000000
68553.000000
69338.000000
70147.000000
70967.000000
71746.000000
72519.000000
73312.000000
74118.000000
74895.000000
75666.000000
76464.000000
77251.000000
78008.000000
78769.000000
79553.000000
80348.000000
81113.000000
81902.000000
82710.000000
83490.000000
84259.000000
85053.000000
85853.000000
86634.000000
87401.000000
88200.000000
89022.000000
89815.000000
90593.000000
91401.000000
92229.000000
93025.000000
93787.000000
94566.000000
95376.000000
96166.000000
96922.000000
97685.000000
98478.000000
99267.000000
100017.000000
100779.000000
101574.000000
102377.000000
103151.000000
103926.000000
104715.000000
105495.000000
106244.000000
107009.000000
107803.000000
108599.000000
109376.000000
110171.000000
110991.000000
111802.000000
112584.000000
113361.000000
114157.000000
114966.000000
115757.000000
116520.000000
117289.000000
118070.000000
118846.000000
119601.000000
120347.000000
121119.000000
121919.000000
122713.000000
123486.000000
124250.000000
125040.000000
125857.000000
126682.000000
127464.000000
128249.000000
129065.000000
129874.000000
130658.000000
131430.000000
132232.000000
133069.000000
133897.000000
134694.000000
135471.000000
136264.000000
137077.000000
137857.000000
138618.000000
139405.000000
140207.000000
140983.000000
141739.000000
142517.000000
143316.000000
144085.000000
144836.000000
145598.000000
146397.000000
147191.000000
147953.000000
148727.000000
149526.000000
150299.000000
151044.000000
151808.000000
152588.000000
153348.000000
154093.000000
154863.000000
155644.000000
156403.000000
157158.000000
157934.000000
158703.000000
159446.000000
160187.000000
160953.000000
161751.000000
162532.000000
163300.000000
164100.000000
164918.000000
165709.000000
166486.000000
167287.000000
168098.000000
168869.000000
169629.000000
170418.000000
171264.000000
172067.000000
172844.000000
173644.000000
174456.000000
175243.000000
176023.000000
176830.000000
177645.000000
178429.000000
179219.000000
180050.000000
180880.000000
181674.000000
182441.000000
183216.000000
184005.000000
184788.000000
185545.000000
186326.000000
187146.000000
187970.000000
188747.000000
189528.000000
190330.000000
191116.000000
191872.000000
192637.000000
193428.000000
194225.000000
194989.000000
195761.000000
196549.000000
197322.000000
198079.000000
198850.000000
199643.000000
200407.000000
201151.000000
201910.000000
202696.000000
203460.000000
204205.000000
204978.000000
205776.000000
206547.000000
207308.000000
208099.000000
208894.000000
209652.000000
210406.000000
211186.000000
211981.000000
212769.000000
213542.000000
214342.000000
215160.000000
215944.000000
216709.000000
217497.000000
218295.000000
219067.000000
219821.000000
220595.000000
221384.000000
222142.000000
222883.000000
223636.000000
224399.000000
225162.000000
225904.000000
226663.000000
227442.000000
228211.000000
228961.000000
229738.000000
230531.000000
231300.000000
232061.000000
232845.000000
233653.000000
234430.000000
235210.000000
236002.000000
236773.000000
237522.000000
238272.000000
239044.000000
239817.000000
240568.000000
241325.000000
242103.000000
242879.000000
243632.000000
244401.000000
245182.000000
245954.000000
246699.000000
247453.000000
248220.000000
248986.000000
249725.000000
250466.000000
251237.000000
252024.000000
252781.000000
253560.000000
254364.000000
255162.000000
255936.000000
256727.000000
257526.000000
258296.000000
259057.000000
259847.000000
260653.000000
261431.000000
262187.000000
262963.000000
263748.000000
264503.000000
265251.000000
266018.000000
266800.000000
267563.000000
268321.000000
269088.000000
269860.000000
270606.000000
271354.000000
272137.000000
272935.000000
273709.000000
274463.000000
275235.000000
276044.000000
276879.000000
277706.000000
278488.000000
279244.000000
280020.000000
280815.000000
281599.000000
282384.000000
283211.000000
284034.000000
284830.000000
285624.000000
286440.000000
287244.000000
288019.000000
288797.000000
289600.000000
290402.000000
291180.000000
291957.000000
292768.000000
293588.000000
294379.000000
295178.000000
296014.000000
296834.000000
297625.000000
298434.000000
299271.000000
300080.000000
300864.000000
301683.000000
302511.000000
303307.000000
304070.000000
304857.000000
305668.000000
306456.000000
307226.000000
308002.000000
308805.000000
309618.000000
310389.000000
311162.000000
311953.000000
312735.000000
313495.000000
314263.000000
315061.000000
315858.000000
316632.000000
317414.000000
318223.000000
319021.000000
319787.000000
320566.000000
321382.000000
322203.000000
322987.000000
323777.000000
324591.000000
325415.000000
326219.000000
327032.000000
327871.000000
328721.000000
329534.000000
330330.000000
331156.000000
331987.000000
332789.000000
333560.000000
334352.000000
335172.000000
335981.000000
336775.000000
337593.000000
338407.000000
339195.000000
339982.000000
340799.000000
341614.000000
342392.000000
343170.000000
343972.000000
344783.000000
345562.000000
346336.000000
347136.000000
347934.000000
348698.000000
349459.000000
350237.000000
351023.000000
351785.000000
352534.000000
353304.000000
354079.000000
354828.000000
355573.000000
356342.000000
357132.000000
357899.000000
358652.000000
359428.000000
360214.000000
360986.000000
361737.000000
362514.000000
363323.000000
364122.000000
364892.000000
365664.000000
366468.000000
367284.000000
368072.000000
368831.000000
369589.000000
370372.000000
371158.000000
371926.000000
372668.000000
373431.000000
374221.000000
375000.000000
375753.000000
376528.000000
377324.000000
378124.000000
378892.000000
379657.000000
380436.000000
381228.000000
382012.000000
382779.000000
383568.000000
384383.000000
385204.000000
385992.000000
386777.000000
387588.000000
388417.000000
389226.000000
390003.000000
390797.000000
391614.000000
392431.000000
393236.000000
394016.000000
394823.000000
395675.000000
396537.000000
397356.000000
398155.000000
398977.000000
399822.000000
400661.000000
401458.000000
402249.000000
403055.000000
403859.000000
404637.000000
405418.000000
406213.000000
407037.000000
407842.000000
408616.000000
409418.000000
410253.000000
411057.000000
411827.000000
412613.000000
413424.000000
414246.000000
415063.000000
415853.000000
416620.000000
417408.000000
418216.000000
419051.000000
419853.000000
420634.000000
421446.000000
422268.000000
423075.000000
423856.000000
424670.000000
425509.000000
426318.000000
427123.000000
427951.000000
428792.000000
429608.000000
430424.000000
431258.000000
432068.000000
432861.000000
433683.000000
434529.000000
435341.000000
436135.000000
436962.000000
437803.000000
438626.000000
439411.000000
440201.000000
440999.000000
441786.000000
442561.000000
443358.000000
444178.000000
444970.000000
445742.000000
446550.000000
447379.000000
448161.000000
448940.000000
449743.000000
450566.000000
451348.000000
452106.000000
452890.000000
453689.000000
454459.000000
455229.000000
456028.000000
456851.000000
457640.000000
458438.000000
459251.000000
460077.000000
460872.000000
461653.000000
462458.000000
463272.000000
464072.000000
464843.000000
465625.000000
466424.000000
467220.000000
467984.000000
468760.000000
469553.000000
470351.000000
471122.000000
471895.000000
472687.000000
473451.000000
474192.000000
474937.000000
475692.000000
476460.000000
477207.000000
477956.000000
478726.000000
479495.000000
480244.000000
480992.000000
481769.000000
482549.000000
483308.000000
484049.000000
484813.000000
485608.000000
486401.000000
487164.000000
487928.000000
488705.000000
489483.000000
490238.000000
491010.000000
491803.000000
492604.000000
493396.000000
494214.000000
495061.000000
495861.000000
496641.000000
497443.000000
498260.000000
499062.000000
499837.000000
500622.000000
501420.000000
502215.000000
502996.000000
503762.000000
504547.000000
505343.000000
506136.000000
506905.000000
507659.000000
508424.000000
509206.000000
509981.000000
510731.000000
511483.000000
512264.000000
513072.000000
513848.000000
514632.000000
515441.000000
516237.000000
517011.000000
517793.000000
518590.000000
519373.000000
520135.000000
520900.000000
521681.000000
522474.000000
523242.000000
524000.000000
524792.000000
525594.000000
526371.000000
527142.000000
527933.000000
528733.000000
529511.000000
530275.000000
531053.000000
531870.000000
532688.000000
533467.000000
534235.000000
535028.000000
535856.000000
536660.000000
537469.000000
538293.000000
539130.000000
539935.000000
540733.000000
541550.000000
542377.000000
543209.000000
544005.000000
544790.000000
545585.000000
546383.000000
547168.000000
547930.000000
548681.000000
549461.000000
550278.000000
551068.000000
551838.000000
552585.000000
553346.000000
554134.000000
554901.000000
555638.000000
556368.000000
557082.000000
557816.000000
558572.000000
559330.000000
560110.000000
560929.000000
561714.000000
562473.000000
563242.000000
564020.000000
564781.000000
565523.000000
566272.000000
567043.000000
567816.000000
568574.000000
569329.000000
570109.000000
570908.000000
571681.000000
572440.000000
573215.000000
574007.000000
574782.000000
575534.000000
576292.000000
577068.000000
577859.000000
578620.000000
579363.000000
580113.000000
580880.000000
581648.000000
582407.000000
583143.000000
583897.000000
584669.000000
585454.000000
586212.000000
586961.000000
587736.000000
588522.000000
589319.000000
590126.000000
590910.000000
591666.000000
592419.000000
593196.000000
593991.000000
594779.000000
595545.000000
596301.000000
597079.000000
597872.000000
598660.000000
599443.000000
600204.000000
