Peaks (s)
405.000000
1133.000000
1860.000000
2550.000000
3215.000000
3869.000000
4514.000000
5379.000000
5782.000000
6416.000000
7043.000000
7678.000000
8304.000000
8908.000000
9525.000000
10130.000000
10726.000000
11311.000000
11887.000000
12453.000000
13007.000000
13564.000000
14112.000000
14656.000000
15196.000000
15732.000000
16263.000000
16795.000000
17329.000000
17867.000000
18406.000000
18945.000000
19485.000000
20035.000000
20596.000000
21168.000000
21745.000000
22321.000000
22905.000000
23488.000000
24078.000000
24691.000000
25317.000000
25943.000000
26560.000000
27177.000000
27792.000000
28415.000000
29054.000000
29697.000000
30343.000000
30992.000000
31643.000000
32414.000000
33133.000000
33822.000000
34505.000000
35184.000000
35863.000000
36554.000000
37272.000000
37983.000000
38764.000000
39536.000000
40362.000000
41099.000000
41803.000000
42497.000000
43163.000000
43817.000000
44479.000000
45158.000000
45853.000000
46529.000000
47203.000000
47880.000000
48554.000000
49210.000000
49856.000000
50509.000000
51178.000000
51837.000000
52488.000000
53141.000000
53796.000000
54452.000000
55096.000000
55746.000000
56415.000000
57095.000000
57771.000000
58451.000000
59135.000000
59794.000000
60451.000000
61124.000000
61815.000000
62510.000000
63184.000000
63852.000000
64531.000000
65217.000000
65911.000000
66600.000000
67273.000000
67948.000000
68607.000000
69263.000000
69911.000000
70563.000000
71207.000000
71858.000000
72534.000000
73218.000000
73897.000000
74577.000000
75267.000000
75959.000000
76668.000000
77381.000000
78084.000000
78773.000000
79444.000000
80108.000000
80778.000000
81455.000000
82114.000000
82761.000000
83407.000000
84049.000000
84695.000000
85353.000000
86029.000000
86697.000000
87353.000000
88021.000000
88696.000000
89389.000000
90078.000000
90776.000000
91488.000000
92201.000000
92910.000000
93599.000000
94258.000000
94910.000000
95554.000000
96192.000000
96820.000000
97449.000000
98095.000000
98748.000000
99415.000000
100099.000000
100790.000000
101488.000000
102199.000000
102906.000000
103608.000000
104302.000000
104991.000000
105672.000000
106347.000000
107033.000000
107711.000000
108376.000000
109039.000000
109709.000000
110367.000000
111009.000000
111652.000000
112297.000000
112934.000000
113573.000000
114225.000000
114882.000000
115542.000000
116223.000000
116922.000000
117644.000000
118349.000000
119051.000000
119747.000000
120418.000000
121099.000000
121784.000000
122478.000000
123186.000000
123891.000000
124578.000000
125251.000000
125917.000000
126584.000000
127266.000000
127965.000000
128668.000000
129368.000000
130075.000000
130775.000000
131465.000000
132160.000000
132869.000000
133579.000000
134283.000000
134991.000000
135681.000000
136355.000000
137018.000000
137688.000000
138366.000000
139046.000000
139727.000000
140415.000000
141103.000000
141769.000000
142429.000000
143093.000000
143759.000000
144428.000000
145095.000000
145755.000000
146404.000000
147050.000000
147695.000000
148334.000000
148965.000000
149609.000000
150270.000000
150941.000000
151619.000000
152296.000000
152971.000000
153644.000000
154309.000000
154962.000000
155598.000000
156226.000000
156849.000000
157471.000000
158094.000000
158728.000000
159385.000000
160070.000000
160780.000000
161512.000000
162219.000000
162915.000000
163592.000000
164250.000000
164905.000000
165566.000000
166235.000000
166899.000000
167561.000000
168214.000000
168856.000000
169510.000000
170170.000000
170823.000000
171479.000000
172144.000000
172796.000000
173450.000000
174121.000000
174820.000000
175512.000000
176212.000000
176902.000000
177561.000000
178220.000000
178891.000000
179568.000000
180233.000000
180887.000000
181539.000000
182193.000000
182856.000000
183539.000000
184246.000000
184936.000000
185609.000000
186275.000000
186924.000000
187571.000000
188223.000000
188871.000000
189514.000000
190157.000000
190810.000000
191481.000000
192179.000000
192891.000000
193566.000000
194246.000000
194938.000000
195648.000000
196347.000000
197032.000000
197721.000000
198416.000000
199110.000000
199796.000000
200465.000000
201136.000000
201816.000000
202501.000000
203202.000000
203917.000000
204639.000000
205345.000000
206033.000000
206726.000000
207400.000000
208063.000000
208734.000000
209396.000000
210055.000000
210718.000000
211394.000000
212091.000000
212806.000000
213524.000000
214234.000000
214920.000000
215599.000000
216287.000000
216987.000000
217702.000000
218401.000000
219095.000000
219803.000000
220539.000000
221309.000000
222058.000000
222784.000000
223509.000000
224242.000000
224995.000000
225745.000000
226489.000000
227200.000000
227912.000000
228611.000000
229288.000000
229974.000000
230658.000000
231335.000000
232028.000000
232744.000000
233487.000000
234258.000000
235032.000000
235807.000000
236591.000000
237361.000000
238115.000000
238857.000000
239587.000000
240315.000000
241020.000000
241732.000000
242468.000000
243226.000000
243975.000000
244686.000000
245393.000000
246102.000000
246802.000000
247488.000000
248188.000000
248900.000000
249618.000000
250341.000000
251042.000000
251735.000000
252407.000000
253078.000000
253755.000000
254418.000000
255079.000000
255746.000000
256426.000000
257142.000000
257859.000000
258547.000000
259237.000000
259945.000000
260681.000000
261401.000000
262101.000000
262815.000000
263551.000000
264294.000000
265019.000000
265718.000000
266411.000000
267111.000000
267840.000000
268599.000000
269345.000000
270086.000000
270820.000000
271552.000000
272275.000000
272969.000000
273656.000000
274358.000000
275085.000000
275807.000000
276520.000000
277232.000000
277926.000000
278610.000000
279301.000000
280017.000000
280740.000000
281457.000000
282167.000000
282864.000000
283550.000000
284254.000000
284980.000000
285706.000000
286424.000000
287125.000000
287827.000000
288553.000000
289273.000000
289972.000000
290644.000000
291310.000000
291972.000000
292638.000000
293322.000000
294029.000000
294762.000000
295513.000000
296284.000000
297037.000000
297770.000000
298475.000000
299179.000000
299882.000000
300587.000000
301280.000000
301962.000000
302642.000000
303328.000000
304051.000000
304814.000000
305584.000000
306314.000000
307030.000000
307784.000000
308576.000000
309354.000000
310082.000000
310797.000000
311526.000000
312287.000000
313067.000000
313831.000000
314585.000000
315329.000000
316042.000000
316767.000000
317518.000000
318256.000000
318961.000000
319667.000000
320377.000000
321096.000000
321816.000000
322509.000000
323219.000000
323957.000000
324690.000000
325430.000000
326181.000000
326940.000000
327668.000000
328380.000000
329089.000000
329794.000000
330473.000000
331152.000000
331847.000000
332560.000000
333282.000000
334028.000000
334780.000000
335532.000000
336263.000000
337005.000000
337715.000000
338417.000000
339126.000000
339850.000000
340570.000000
341265.000000
341966.000000
342681.000000
343411.000000
344129.000000
344836.000000
345531.000000
346208.000000
346890.000000
347582.000000
348265.000000
348940.000000
349634.000000
350340.000000
351052.000000
351762.000000
352456.000000
353134.000000
353825.000000
354524.000000
355205.000000
355883.000000
356577.000000
357288.000000
358021.000000
358755.000000
359449.000000
360141.000000
360836.000000
361531.000000
362201.000000
362874.000000
363561.000000
364266.000000
364984.000000
365700.000000
366408.000000
367129.000000
367882.000000
368646.000000
369401.000000
370124.000000
370839.000000
371564.000000
372296.000000
373036.000000
373786.000000
374496.000000
375203.000000
375930.000000
376687.000000
377428.000000
378142.000000
378869.000000
379625.000000
380389.000000
381123.000000
381848.000000
382596.000000
383365.000000
384145.000000
384878.000000
385622.000000
386375.000000
387137.000000
387896.000000
388622.000000
389366.000000
390133.000000
390930.000000
391721.000000
392506.000000
393296.000000
394087.000000
394826.000000
395571.000000
396334.000000
397117.000000
397896.000000
398641.000000
399410.000000
400178.000000
400947.000000
401725.000000
402498.000000
403268.000000
404002.000000
404700.000000
405396.000000
406104.000000
406795.000000
407481.000000
408174.000000
408872.000000
409581.000000
410278.000000
410966.000000
411675.000000
412395.000000
413133.000000
413901.000000
414655.000000
415409.000000
416162.000000
416871.000000
417577.000000
418291.000000
419018.000000
419753.000000
420471.000000
421172.000000
421886.000000
422633.000000
423388.000000
424107.000000
424820.000000
425543.000000
426279.000000
427026.000000
427772.000000
428500.000000
429210.000000
429920.000000
430655.000000
431389.000000
432086.000000
432774.000000
433471.000000
434180.000000
434882.000000
435580.000000
436283.000000
437010.000000
437763.000000
438524.000000
439231.000000
439933.000000
440650.000000
441399.000000
442158.000000
442902.000000
443621.000000
444352.000000
445121.000000
445912.000000
446655.000000
447399.000000
448175.000000
448953.000000
449697.000000
450429.000000
451192.000000
451973.000000
452750.000000
453479.000000
454196.000000
454935.000000
455702.000000
456494.000000
457282.000000
458067.000000
458864.000000
459609.000000
460335.000000
461065.000000
461790.000000
462499.000000
463188.000000
463895.000000
464634.000000
465383.000000
466130.000000
466870.000000
467610.000000
468340.000000
469051.000000
469730.000000
470403.000000
471079.000000
471763.000000
472432.000000
473101.000000
473778.000000
474489.000000
475238.000000
475951.000000
476647.000000
477362.000000
478093.000000
478829.000000
479599.000000
480369.000000
481108.000000
481815.000000
482521.000000
483259.000000
484012.000000
484719.000000
485421.000000
486138.000000
486864.000000
487575.000000
488280.000000
488973.000000
489658.000000
490322.000000
490989.000000
491664.000000
492328.000000
492998.000000
493686.000000
494385.000000
495097.000000
495821.000000
496557.000000
497286.000000
498002.000000
498701.000000
499417.000000
500172.000000
500921.000000
501623.000000
502335.000000
503075.000000
503825.000000
504533.000000
505232.000000
505960.000000
506746.000000
507519.000000
508247.000000
508976.000000
509728.000000
510505.000000
511271.000000
511984.000000
512690.000000
513401.000000
514118.000000
514851.000000
515595.000000
516380.000000
517174.000000
517943.000000
518680.000000
519396.000000
520115.000000
520855.000000
521591.000000
522298.000000
522977.000000
523659.000000
524353.000000
525066.000000
525757.000000
526451.000000
527148.000000
527852.000000
528567.000000
529313.000000
530058.000000
530819.000000
531551.000000
532265.000000
532975.000000
533665.000000
534352.000000
535051.000000
535758.000000
536502.000000
537208.000000
537908.000000
538618.000000
539342.000000
540093.000000
540853.000000
541603.000000
542325.000000
543028.000000
543729.000000
544437.000000
545157.000000
545867.000000
546556.000000
547233.000000
547908.000000
548587.000000
549273.000000
549956.000000
550620.000000
551296.000000
552000.000000
552722.000000
553468.000000
554218.000000
554921.000000
555612.000000
556319.000000
557046.000000
557796.000000
558539.000000
559248.000000
559957.000000
560692.000000
561444.000000
562190.000000
562899.000000
563600.000000
564312.000000
565050.000000
565799.000000
566578.000000
567363.000000
568094.000000
568786.000000
569486.000000
570198.000000
570894.000000
571582.000000
572279.000000
572997.000000
573758.000000
574540.000000
575325.000000
576068.000000
576801.000000
577566.000000
578358.000000
579129.000000
579857.000000
580590.000000
581348.000000
582140.000000
582921.000000
583657.000000
584397.000000
585173.000000
585980.000000
586782.000000
587545.000000
588288.000000
589049.000000
589838.000000
590625.000000
591363.000000
592107.000000
592868.000000
593655.000000
594409.000000
595120.000000
595840.000000
596573.000000
597319.000000
598051.000000
598763.000000
599485.000000
600222.000000
600967.000000
601727.000000
602444.000000
603143.000000
603847.000000
604555.000000
605264.000000
605972.000000
606680.000000
607368.000000
608056.000000
608762.000000
609502.000000
610283.000000
611029.000000
611742.000000
612458.000000
613198.000000
613950.000000
614695.000000
615405.000000
616108.000000
616816.000000
617531.000000
618254.000000
618986.000000
619739.000000
620496.000000
621223.000000
621938.000000
622670.000000
623436.000000
624231.000000
625024.000000
625764.000000
626497.000000
627249.000000
628013.000000
628771.000000
629501.000000
630217.000000
630947.000000
631712.000000
632491.000000
633247.000000
633964.000000
634679.000000
635419.000000
636189.000000
636945.000000
637663.000000
638385.000000
639079.000000
639765.000000
640462.000000
641142.000000
641816.000000
642503.000000
643220.000000
643995.000000
644793.000000
645600.000000
646369.000000
647146.000000
647913.000000
648670.000000
649429.000000
650140.000000
650846.000000
651575.000000
652331.000000
653060.000000
653775.000000
654509.000000
655289.000000
656069.000000
656807.000000
657554.000000
658345.000000
659127.000000
659859.000000
660587.000000
661338.000000
662118.000000
662855.000000
663577.000000
664334.000000
665139.000000
665927.000000
666691.000000
667494.000000
668320.000000
669076.000000
669838.000000
670586.000000
671308.000000
672008.000000
672711.000000
673412.000000
674116.000000
674812.000000
675503.000000
676212.000000
676958.000000
677745.000000
678546.000000
679336.000000
680119.000000
680861.000000
681593.000000
682349.000000
683124.000000
683905.000000
684642.000000
685371.000000
686134.000000
686952.000000
687764.000000
688520.000000
689247.000000
689987.000000
690766.000000
691580.000000
692335.000000
693072.000000
693848.000000
694681.000000
695494.000000
696236.000000
696973.000000
697734.000000
698520.000000
699288.000000
700018.000000
700763.000000
701536.000000
702331.000000
703077.000000
703811.000000
704555.000000
705309.000000
706058.000000
706838.000000
707601.000000
708316.000000
709028.000000
709750.000000
710451.000000
711131.000000
711820.000000
712525.000000
713229.000000
713917.000000
714613.000000
715340.000000
716091.000000
716815.000000
717540.000000
718290.000000
719055.000000
719855.000000
720636.000000
721404.000000
722171.000000
722936.000000
723682.000000
724394.000000
725111.000000
725836.000000
726582.000000
727378.000000
728184.000000
728982.000000
729746.000000
730485.000000
731235.000000
732027.000000
732809.000000
733555.000000
734293.000000
735059.000000
735838.000000
736613.000000
737355.000000
738096.000000
738881.000000
739710.000000
740493.000000
741249.000000
741994.000000
742768.000000
743572.000000
744383.000000
745136.000000
745873.000000
746641.000000
747447.000000
748265.000000
749038.000000
749800.000000
750591.000000
751421.000000
752201.000000
752934.000000
753657.000000
754399.000000
755167.000000
755983.000000
756770.000000
757516.000000
758259.000000
759045.000000
759865.000000
760689.000000
761445.000000
762168.000000
762886.000000
763604.000000
764317.000000
765006.000000
765700.000000
766400.000000
767126.000000
767894.000000
768706.000000
769513.000000
770313.000000
771110.000000
771903.000000
772665.000000
773426.000000
774184.000000
774959.000000
775689.000000
776407.000000
777135.000000
777878.000000
778657.000000
779445.000000
780242.000000
781040.000000
781828.000000
782560.000000
783292.000000
784052.000000
784826.000000
785554.000000
786267.000000
787015.000000
787815.000000
788601.000000
789337.000000
790066.000000
790822.000000
791602.000000
792340.000000
793055.000000
793785.000000
794552.000000
795353.000000
796138.000000
796911.000000
797707.000000
798539.000000
799355.000000
800116.000000
800903.000000
801704.000000
802501.000000
803265.000000
804033.000000
804849.000000
805680.000000
806464.000000
807230.000000
808032.000000
808836.000000
809655.000000
810433.000000
811189.000000
811978.000000
812786.000000
813600.000000
814356.000000
815097.000000
815871.000000
816689.000000
817484.000000
818247.000000
818984.000000
819725.000000
820491.000000
821279.000000
822041.000000
822777.000000
823508.000000
824247.000000
825008.000000
825785.000000
826566.000000
827340.000000
828064.000000
828779.000000
829513.000000
830270.000000
831035.000000
831785.000000
832503.000000
833222.000000
833973.000000
834755.000000
835534.000000
836291.000000
837023.000000
837751.000000
838494.000000
839214.000000
839910.000000
840607.000000
841318.000000
842049.000000
842800.000000
843519.000000
844236.000000
844981.000000
845757.000000
846542.000000
847310.000000
848050.000000
848805.000000
849596.000000
850385.000000
851162.000000
851902.000000
852646.000000
853416.000000
854225.000000
855018.000000
855762.000000
856495.000000
857251.000000
858035.000000
858812.000000
859559.000000
860297.000000
861064.000000
861848.000000
862650.000000
863406.000000
864140.000000
864879.000000
865659.000000
866468.000000
867231.000000
867981.000000
868760.000000
869559.000000
870363.000000
871104.000000
871854.000000
872640.000000
873458.000000
874270.000000
875059.000000
875828.000000
876608.000000
877420.000000
878254.000000
879077.000000
879842.000000
880627.000000
881448.000000
882288.000000
883065.000000
883818.000000
884603.000000
885424.000000
886250.000000
887014.000000
887775.000000
888570.000000
889412.000000
890241.000000
891006.000000
891750.000000
892516.000000
893309.000000
894109.000000
894868.000000
895642.000000
896435.000000
897202.000000
897929.000000
898644.000000
899325.000000
899995.000000
900669.000000
901354.000000
902036.000000
902721.000000
903425.000000
904149.000000
904910.000000
905715.000000
906524.000000
907302.000000
908030.000000
908758.000000
909537.000000
910342.000000
911097.000000
911837.000000
912623.000000
913435.000000
914234.000000
914974.000000
915724.000000
916511.000000
917333.000000
918093.000000
918842.000000
919623.000000
920438.000000
921231.000000
921969.000000
922722.000000
923522.000000
924341.000000
925151.000000
925898.000000
926626.000000
927381.000000
928166.000000
928991.000000
929773.000000
930535.000000
931337.000000
932167.000000
932990.000000
933755.000000
934486.000000
935226.000000
936018.000000
936859.000000
937628.000000
938362.000000
939125.000000
939929.000000
940733.000000
941527.000000
942285.000000
943067.000000
943871.000000
944690.000000
945478.000000
946209.000000
946944.000000
947682.000000
948449.000000
949249.000000
950071.000000
950889.000000
951664.000000
952407.000000
953160.000000
953885.000000
954585.000000
955297.000000
956033.000000
956798.000000
957544.000000
958262.000000
958999.000000
959777.000000
960603.000000
961431.000000
962198.000000
962941.000000
963705.000000
964481.000000
965287.000000
966106.000000
966886.000000
967640.000000
968416.000000
969221.000000
970052.000000
970883.000000
971648.000000
972404.000000
973185.000000
973969.000000
974748.000000
975545.000000
976357.000000
977148.000000
977893.000000
978647.000000
979435.000000
980234.000000
980999.000000
981726.000000
982450.000000
983189.000000
983941.000000
984734.000000
985555.000000
986311.000000
987046.000000
987804.000000
988587.000000
989372.000000
990124.000000
990875.000000
991668.000000
992474.000000
993242.000000
993985.000000
994749.000000
995532.000000
996337.000000
997080.000000
997814.000000
998550.000000
999292.000000
999992.000000
1000695.000000
1001428.000000
1002208.000000
1002980.000000
1003759.000000
1004658.000000
1005619.000000
1006478.000000
1007279.000000
1008111.000000
1008967.000000
1009757.000000
1010551.000000
1011413.000000
1012275.000000
1013123.000000
1013987.000000
1014908.000000
1015756.000000
1016558.000000
1017396.000000
1018250.000000
1019069.000000
1019869.000000
1020705.000000
1021560.000000
1022398.000000
1023182.000000
1023964.000000
1024789.000000
1025651.000000
1026489.000000
1027297.000000
1028142.000000
1029018.000000
1029884.000000
1030693.000000
1031530.000000
1032401.000000
1033306.000000
1034226.000000
1035082.000000
1035909.000000
1036753.000000
1037608.000000
1038496.000000
1039324.000000
1040104.000000
1040888.000000
1041683.000000
1042474.000000
1043300.000000
1044106.000000
1044872.000000
1045667.000000
1046489.000000
1047291.000000
1048064.000000
1048870.000000
1049693.000000
1050476.000000
1051237.000000
1052036.000000
1052838.000000
1053625.000000
1054373.000000
1055124.000000
1055913.000000
1056731.000000
1057554.000000
1058328.000000
1059090.000000
1059886.000000
1060708.000000
1061504.000000
1062259.000000
1063027.000000
1063826.000000
1064646.000000
1065449.000000
1066203.000000
1066950.000000
1067734.000000
1068552.000000
1069361.000000
1070123.000000
1070876.000000
1071685.000000
1072530.000000
1073358.000000
1074126.000000
1074894.000000
1075681.000000
1076507.000000
1077316.000000
1078091.000000
1078868.000000
1079708.000000
1080567.000000
1081378.000000
1082124.000000
1082865.000000
1083620.000000
1084370.000000
1085131.000000
1085850.000000
1086545.000000
1087253.000000
1087975.000000
1088718.000000
1089470.000000
1090195.000000
1090911.000000
1091661.000000
1092447.000000
1093283.000000
1094125.000000
1094897.000000
1095654.000000
1096434.000000
1097239.000000
1098030.000000
1098782.000000
1099561.000000
1100391.000000
1101201.000000
1101963.000000
1102751.000000
1103580.000000
1104422.000000
1105227.000000
1106040.000000
1106894.000000
1107745.000000
1108521.000000
1109284.000000
1110070.000000
1110869.000000
1111633.000000
1112386.000000
1113196.000000
1114050.000000
1114886.000000
1115668.000000
1116467.000000
1117308.000000
1118124.000000
1118880.000000
1119641.000000
1120437.000000
1121261.000000
1122042.000000
1122803.000000
1123611.000000
1124455.000000
1125262.000000
1126017.000000
1126780.000000
1127593.000000
1128426.000000
1129196.000000
1129939.000000
1130712.000000
1131536.000000
1132381.000000
1133179.000000
1133972.000000
1134737.000000
1135446.000000
1136140.000000
1136852.000000
1137573.000000
1138280.000000
1138981.000000
1139703.000000
1140458.000000
1141260.000000
1142088.000000
1142924.000000
1143702.000000
1144444.000000
1145192.000000
1145955.000000
1146721.000000
1147511.000000
1148262.000000
1148997.000000
1149745.000000
1150514.000000
1151304.000000
1152083.000000
1152847.000000
1153587.000000
1154342.000000
1155134.000000
1155943.000000
1156728.000000
1157473.000000
1158240.000000
1159044.000000
1159854.000000
1160610.000000
1161350.000000
1162114.000000
1162920.000000
1163730.000000
1164481.000000
1165226.000000
1166019.000000
1166848.000000
1167699.000000
1168529.000000
1169332.000000
1170079.000000
1170832.000000
1171624.000000
1172441.000000
1173252.000000
1174016.000000
1174794.000000
1175613.000000
1176450.000000
1177268.000000
1178036.000000
1178796.000000
1179585.000000
1180398.000000
1181197.000000
1181982.000000
1182775.000000
1183619.000000
1184475.000000
1185320.000000
1186142.000000
1186933.000000
1187686.000000
1188454.000000
1189229.000000
1190026.000000
1190820.000000
1191621.000000
1192436.000000
1193198.000000
1193939.000000
1194697.000000
1195504.000000
1196350.000000
1197183.000000
1197949.000000
1198695.000000
1199439.000000
1200190.000000
1200905.000000
1201635.000000
1202417.000000
1203220.000000
1203981.000000
1204760.000000
1205565.000000
1206392.000000
1207205.000000
1208019.000000
1208835.000000
1209639.000000
1210379.000000
1211113.000000
1211859.000000
1212615.000000
1213411.000000
1214246.000000
1215081.000000
1215865.000000
1216610.000000
1217379.000000
1218192.000000
1219036.000000
1219886.000000
1220658.000000
1221402.000000
1222182.000000
1222981.000000
1223790.000000
1224551.000000
1225322.000000
1226146.000000
1227008.000000
1227864.000000
1228663.000000
1229423.000000
1230233.000000
1231082.000000
1231960.000000
1232793.000000
1233573.000000
1234338.000000
1235151.000000
1236032.000000
1236905.000000
1237703.000000
1238480.000000
1239309.000000
1240186.000000
1241106.000000
1241937.000000
1242750.000000
1243630.000000
1244532.000000
1245398.000000
1246190.000000
1247008.000000
1247864.000000
1248719.000000
1249516.000000
1250301.000000
1251121.000000
1251969.000000
1252808.000000
1253597.000000
1254382.000000
1255220.000000
1256063.000000
1256843.000000
1257596.000000
1258407.000000
1259282.000000
1260171.000000
1261025.000000
1261871.000000
1262650.000000
1263418.000000
1264226.000000
1265083.000000
1265952.000000
1266770.000000
1267559.000000
1268396.000000
1269259.000000
1270089.000000
1270865.000000
1271643.000000
1272474.000000
1273361.000000
1274224.000000
1275034.000000
1275827.000000
1276694.000000
1277588.000000
1278419.000000
1279194.000000
1280000.000000
1280848.000000
1281713.000000
1282513.000000
1283276.000000
1284064.000000
1284860.000000
1285669.000000
1286497.000000
1287293.000000
1288066.000000
1288905.000000
1289819.000000
1290749.000000
1291585.000000
1292366.000000
1293165.000000
1293960.000000
1294761.000000
1295539.000000
1296325.000000
1297104.000000
1297830.000000
1298568.000000
1299335.000000
1300129.000000
1300879.000000
1301596.000000
1302328.000000
1303063.000000
1303815.000000
1304541.000000
1305265.000000
1306022.000000
1306840.000000
1307666.000000
1308439.000000
1309196.000000
1309978.000000
1310799.000000
1311615.000000
1312380.000000
1313132.000000
1313925.000000
1314755.000000
1315573.000000
1316339.000000
1317132.000000
1317972.000000
1318786.000000
1319549.000000
1320327.000000
1321130.000000
1321946.000000
1322746.000000
1323549.000000
1324361.000000
1325112.000000
1325838.000000
1326564.000000
1327301.000000
1328093.000000
1328898.000000
1329661.000000
1330372.000000
1331084.000000
1331803.000000
1332527.000000
1333238.000000
1333947.000000
1334691.000000
1335498.000000
1336290.000000
1337038.000000
1337823.000000
1338639.000000
1339432.000000
1340180.000000
1340938.000000
1341719.000000
1342537.000000
1343325.000000
1344066.000000
1344800.000000
1345563.000000
1346380.000000
1347221.000000
1348064.000000
1348894.000000
1349692.000000
1350459.000000
1351252.000000
1352084.000000
1352903.000000
