Peaks (s)
810.000000
1876.000000
2827.000000
3732.000000
4620.000000
5567.000000
6809.000000
8031.000000
9218.000000
10388.000000
11530.000000
12545.000000
13417.000000
14223.000000
15048.000000
16315.000000
17587.000000
18778.000000
19978.000000
21193.000000
22311.000000
23301.000000
24359.000000
25504.000000
26701.000000
27787.000000
28821.000000
29901.000000
31074.000000
32206.000000
33239.000000
34192.000000
35141.000000
36233.000000
37374.000000
38536.000000
39695.000000
40712.000000
41678.000000
42738.000000
43892.000000
45080.000000
46209.000000
47247.000000
48236.000000
49286.000000
50445.000000
51601.000000
52744.000000
53846.000000
54930.000000
55991.000000
57029.000000
58114.000000
59194.000000
60261.000000
61329.000000
62383.000000
63391.000000
64344.000000
65314.000000
66384.000000
67455.000000
68385.000000
69185.000000
70041.000000
70899.000000
71722.000000
72546.000000
73644.000000
74876.000000
76121.000000
77283.000000
78405.000000
79443.000000
80437.000000
81472.000000
82591.000000
83687.000000
84820.000000
85957.000000
87026.000000
88004.000000
88877.000000
89966.000000
91167.000000
92332.000000
93472.000000
94598.000000
95656.000000
96630.000000
97504.000000
98388.000000
99476.000000
100618.000000
101762.000000
102876.000000
103965.000000
104953.000000
105903.000000
106941.000000
108051.000000
109160.000000
110232.000000
111319.000000
112358.000000
113365.000000
114325.000000
115296.000000
116309.000000
117414.000000
118537.000000
119653.000000
120722.000000
121695.000000
122567.000000
123427.000000
124568.000000
125753.000000
126916.000000
128043.000000
129112.000000
130129.000000
131154.000000
132188.000000
133196.000000
134290.000000
135446.000000
136548.000000
137602.000000
138601.000000
139565.000000
140477.000000
141418.000000
142491.000000
143593.000000
144693.000000
145767.000000
146763.000000
147662.000000
148503.000000
149402.000000
150500.000000
151617.000000
152766.000000
153899.000000
154955.000000
155995.000000
157055.000000
158147.000000
159292.000000
160431.000000
161581.000000
162691.000000
163734.000000
164796.000000
165855.000000
166904.000000
168019.000000
169099.000000
170144.000000
171147.000000
172077.000000
172938.000000
173791.000000
174708.000000
175712.000000
176740.000000
177742.000000
178739.000000
179788.000000
180890.000000
181952.000000
182951.000000
183916.000000
184865.000000
185960.000000
187081.000000
188175.000000
189261.000000
190324.000000
191292.000000
192173.000000
192987.000000
193951.000000
195044.000000
196179.000000
197297.000000
198385.000000
199411.000000
200342.000000
201210.000000
202126.000000
203203.000000
204332.000000
205469.000000
206572.000000
207599.000000
208544.000000
209465.000000
210553.000000
211640.000000
212709.000000
213763.000000
214792.000000
215755.000000
216625.000000
217478.000000
218432.000000
219548.000000
220643.000000
221723.000000
222741.000000
223621.000000
224454.000000
225501.000000
226527.000000
227534.000000
228581.000000
229634.000000
230635.000000
231583.000000
232560.000000
233523.000000
234461.000000
235378.000000
236393.000000
237441.000000
238439.000000
239390.000000
240313.000000
241268.000000
242261.000000
243207.000000
244057.000000
244830.000000
245635.000000
246454.000000
247301.000000
248158.000000
249295.000000
250444.000000
251538.000000
252622.000000
253654.000000
254570.000000
255457.000000
256442.000000
257459.000000
258443.000000
259384.000000
260451.000000
261587.000000
262644.000000
263675.000000
264672.000000
265703.000000
266753.000000
267684.000000
268655.000000
269691.000000
270685.000000
271660.000000
272719.000000
273855.000000
274912.000000
275927.000000
276960.000000
277962.000000
278921.000000
279813.000000
280690.000000
281593.000000
282694.000000
283799.000000
284908.000000
285995.000000
287022.000000
288025.000000
288983.000000
289937.000000
290986.000000
292095.000000
293161.000000
294228.000000
295330.000000
296404.000000
297415.000000
298480.000000
299540.000000
300526.000000
301497.000000
302459.000000
303540.000000
304659.000000
305747.000000
306850.000000
307875.000000
308884.000000
309890.000000
310880.000000
311850.000000
312865.000000
313849.000000
314884.000000
315920.000000
316895.000000
317936.000000
318991.000000
319997.000000
321021.000000
322038.000000
323028.000000
324049.000000
325121.000000
326164.000000
327206.000000
328174.000000
329166.000000
330197.000000
331223.000000
332221.000000
333299.000000
334336.000000
335310.000000
336353.000000
337415.000000
338416.000000
339463.000000
340467.000000
341455.000000
342506.000000
343530.000000
344498.000000
345514.000000
346579.000000
347598.000000
348626.000000
349645.000000
350626.000000
351617.000000
352661.000000
353658.000000
354609.000000
355609.000000
356651.000000
357670.000000
358732.000000
359756.000000
360675.000000
361590.000000
362538.000000
363473.000000
364494.000000
365657.000000
366767.000000
367756.000000
368752.000000
369795.000000
370803.000000
371844.000000
372930.000000
374030.000000
375141.000000
376207.000000
377278.000000
378331.000000
379310.000000
380301.000000
381312.000000
382272.000000
383264.000000
384264.000000
385251.000000
386268.000000
387174.000000
387899.000000
388610.000000
389369.000000
390509.000000
391584.000000
392657.000000
393728.000000
394735.000000
395607.000000
396449.000000
397474.000000
398522.000000
399551.000000
400599.000000
401641.000000
402656.000000
403694.000000
404689.000000
405635.000000
406646.000000
407680.000000
408698.000000
409762.000000
410796.000000
411807.000000
412842.000000
413840.000000
414833.000000
415839.000000
416830.000000
417780.000000
418774.000000
419760.000000
420766.000000
421812.000000
422842.000000
423873.000000
424912.000000
425886.000000
426879.000000
427861.000000
428787.000000
429772.000000
430781.000000
431756.000000
432836.000000
433923.000000
434944.000000
435976.000000
437006.000000
437979.000000
439010.000000
440094.000000
441144.000000
442249.000000
443291.000000
444319.000000
445395.000000
446439.000000
447471.000000
448521.000000
449512.000000
450525.000000
451588.000000
452634.000000
453701.000000
454798.000000
455824.000000
456848.000000
457886.000000
458939.000000
460005.000000
461003.000000
462016.000000
463057.000000
464065.000000
465113.000000
466191.000000
467168.000000
468180.000000
469219.000000
470194.000000
471197.000000
472232.000000
473242.000000
474300.000000
475361.000000
476388.000000
477446.000000
478470.000000
479481.000000
480542.000000
481587.000000
482642.000000
483665.000000
484641.000000
485674.000000
486692.000000
487718.000000
488794.000000
489829.000000
490917.000000
491988.000000
493001.000000
494023.000000
495055.000000
496101.000000
497161.000000
498209.000000
499259.000000
500320.000000
501324.000000
502338.000000
503328.000000
504314.000000
505369.000000
506420.000000
507435.000000
508456.000000
509450.000000
510449.000000
511482.000000
512463.000000
513475.000000
514498.000000
515478.000000
516482.000000
517512.000000
518496.000000
519499.000000
520507.000000
521484.000000
522479.000000
523495.000000
524450.000000
525446.000000
526424.000000
527348.000000
528178.000000
528902.000000
529616.000000
530393.000000
531157.000000
532153.000000
533351.000000
534443.000000
535549.000000
536633.000000
537619.000000
538556.000000
539593.000000
540677.000000
541704.000000
542812.000000
543872.000000
544854.000000
545837.000000
546896.000000
547982.000000
549051.000000
550109.000000
551159.000000
552200.000000
553286.000000
554351.000000
555416.000000
556476.000000
557491.000000
558549.000000
559607.000000
560661.000000
561739.000000
562804.000000
563827.000000
564850.000000
565805.000000
566775.000000
567814.000000
568869.000000
569958.000000
571027.000000
572055.000000
573106.000000
574106.000000
575115.000000
576127.000000
577137.000000
578196.000000
579243.000000
580244.000000
581288.000000
582277.000000
583254.000000
584272.000000
585281.000000
586249.000000
587268.000000
588286.000000
589285.000000
590321.000000
591333.000000
592322.000000
593317.000000
594319.000000
595302.000000
596319.000000
597304.000000
598284.000000
599330.000000
600369.000000
601429.000000
602477.000000
603462.000000
604412.000000
605393.000000
606381.000000
607439.000000
608536.000000
609612.000000
610712.000000
611801.000000
612834.000000
613913.000000
615019.000000
616074.000000
617182.000000
618235.000000
619247.000000
620352.000000
621410.000000
622511.000000
623635.000000
624725.000000
625858.000000
626967.000000
628009.000000
629057.000000
630048.000000
630921.000000
631677.000000
632418.000000
633416.000000
634431.000000
635529.000000
636617.000000
637751.000000
638855.000000
639950.000000
641063.000000
642138.000000
643204.000000
644313.000000
645416.000000
646478.000000
647506.000000
648499.000000
649425.000000
650413.000000
651462.000000
652547.000000
653714.000000
654822.000000
655918.000000
657040.000000
658136.000000
659261.000000
660334.000000
661350.000000
662425.000000
663465.000000
664549.000000
665645.000000
666606.000000
667632.000000
668744.000000
669810.000000
670842.000000
671979.000000
673132.000000
674235.000000
675324.000000
676339.000000
677414.000000
678533.000000
679596.000000
680683.000000
681778.000000
682826.000000
683880.000000
684879.000000
685819.000000
686802.000000
687834.000000
688912.000000
690039.000000
691175.000000
692313.000000
693476.000000
694545.000000
695547.000000
696575.000000
697566.000000
698632.000000
699687.000000
700756.000000
701880.000000
702996.000000
704126.000000
705193.000000
706297.000000
707466.000000
708556.000000
709672.000000
710791.000000
711861.000000
712964.000000
714052.000000
715055.000000
716057.000000
717063.000000
718034.000000
719082.000000
720158.000000
721252.000000
722382.000000
723474.000000
724554.000000
725669.000000
726737.000000
727715.000000
728731.000000
729738.000000
730719.000000
731820.000000
732953.000000
734100.000000
735248.000000
736319.000000
737348.000000
738395.000000
739442.000000
740531.000000
741664.000000
742776.000000
743935.000000
745066.000000
746170.000000
747288.000000
748360.000000
749440.000000
750483.000000
751439.000000
752432.000000
753490.000000
754555.000000
755725.000000
756817.000000
757876.000000
758969.000000
760060.000000
761149.000000
762331.000000
763479.000000
764599.000000
765721.000000
766844.000000
767961.000000
769118.000000
770228.000000
771237.000000
772228.000000
773219.000000
774228.000000
775326.000000
776423.000000
777542.000000
778710.000000
779816.000000
780949.000000
782090.000000
783222.000000
784410.000000
785573.000000
786739.000000
787906.000000
789034.000000
790188.000000
791379.000000
792502.000000
793505.000000
794471.000000
795489.000000
796495.000000
797612.000000
798787.000000
799975.000000
801153.000000
802293.000000
803461.000000
804461.000000
805369.000000
806458.000000
807635.000000
808817.000000
809903.000000
811018.000000
812126.000000
813156.000000
814212.000000
815323.000000
816363.000000
817417.000000
818445.000000
819442.000000
820485.000000
821495.000000
822528.000000
823578.000000
824555.000000
825537.000000
826460.000000
827320.000000
828230.000000
829190.000000
830142.000000
831154.000000
832171.000000
833184.000000
834237.000000
835261.000000
836197.000000
837125.000000
838022.000000
838882.000000
839796.000000
840795.000000
841760.000000
842805.000000
843837.000000
844826.000000
845842.000000
846807.000000
847636.000000
848361.000000
849053.000000
849792.000000
850612.000000
851680.000000
852760.000000
853812.000000
854886.000000
855917.000000
856882.000000
857820.000000
858678.000000
859562.000000
860528.000000
861447.000000
862444.000000
863512.000000
864522.000000
865529.000000
866496.000000
867455.000000
868470.000000
869479.000000
870477.000000
871475.000000
872445.000000
873416.000000
874418.000000
875344.000000
876207.000000
877052.000000
877833.000000
878545.000000
879269.000000
880122.000000
881247.000000
882278.000000
883356.000000
884410.000000
885348.000000
886271.000000
887196.000000
888078.000000
889050.000000
890045.000000
891007.000000
892033.000000
893063.000000
894073.000000
895096.000000
896080.000000
897023.000000
898026.000000
899024.000000
900014.000000
901080.000000
902151.000000
903169.000000
904196.000000
905209.000000
906174.000000
907213.000000
908235.000000
909296.000000
910429.000000
911473.000000
912539.000000
913603.000000
914611.000000
915640.000000
916623.000000
917636.000000
918685.000000
919712.000000
