Peaks (s)
939.000000
1600.000000
2269.000000
2943.000000
3639.000000
4322.000000
4994.000000
5690.000000
6451.000000
7257.000000
8036.000000
8789.000000
9525.000000
10254.000000
10965.000000
11654.000000
12334.000000
13003.000000
13692.000000
14393.000000
15082.000000
15772.000000
16475.000000
17187.000000
17881.000000
18572.000000
19258.000000
19953.000000
20655.000000
21341.000000
22030.000000
22743.000000
23481.000000
24190.000000
24885.000000
25567.000000
26252.000000
26943.000000
27627.000000
28312.000000
29013.000000
29712.000000
30405.000000
31120.000000
31875.000000
32663.000000
33414.000000
34152.000000
34871.000000
35588.000000
36274.000000
36960.000000
37644.000000
38346.000000
39047.000000
39771.000000
40506.000000
41261.000000
41992.000000
42709.000000
43421.000000
44137.000000
44836.000000
45531.000000
46223.000000
46930.000000
47639.000000
48335.000000
49034.000000
49746.000000
50471.000000
51176.000000
51878.000000
52586.000000
53322.000000
54051.000000
54777.000000
55512.000000
56237.000000
56931.000000
57620.000000
58305.000000
58989.000000
59667.000000
60361.000000
61062.000000
61791.000000
62521.000000
63251.000000
63989.000000
64714.000000
65400.000000
66095.000000
66784.000000
67503.000000
68223.000000
68949.000000
69681.000000
70446.000000
71187.000000
71933.000000
72666.000000
73402.000000
74116.000000
74810.000000
75501.000000
76203.000000
76923.000000
77635.000000
78377.000000
79133.000000
79882.000000
80620.000000
81359.000000
82090.000000
82795.000000
83462.000000
84124.000000
84781.000000
85438.000000
86085.000000
86704.000000
87315.000000
87938.000000
88580.000000
89249.000000
89952.000000
90700.000000
91423.000000
92134.000000
92854.000000
93569.000000
94271.000000
94963.000000
95653.000000
96344.000000
97028.000000
97722.000000
98424.000000
99152.000000
99875.000000
100625.000000
101401.000000
102197.000000
102962.000000
103690.000000
104392.000000
105082.000000
105766.000000
106432.000000
107104.000000
107794.000000
108544.000000
109361.000000
110189.000000
111041.000000
111885.000000
112665.000000
113410.000000
114119.000000
114813.000000
115488.000000
116181.000000
116895.000000
117665.000000
118435.000000
119181.000000
119930.000000
120677.000000
121406.000000
122105.000000
122794.000000
123480.000000
124179.000000
124869.000000
125579.000000
126294.000000
127008.000000
127697.000000
128360.000000
129015.000000
129677.000000
130364.000000
131056.000000
131746.000000
132435.000000
133155.000000
133878.000000
134601.000000
135322.000000
136081.000000
136830.000000
137568.000000
138311.000000
139058.000000
139785.000000
140506.000000
141218.000000
141939.000000
142659.000000
143406.000000
144142.000000
144876.000000
145605.000000
146321.000000
147026.000000
147748.000000
148473.000000
149222.000000
149978.000000
150737.000000
151484.000000
152226.000000
152953.000000
153678.000000
154393.000000
155106.000000
155827.000000
156555.000000
157278.000000
157985.000000
158703.000000
159451.000000
160244.000000
160999.000000
161747.000000
162484.000000
163225.000000
163934.000000
164632.000000
165332.000000
166020.000000
166715.000000
167419.000000
168144.000000
168853.000000
169566.000000
170274.000000
171006.000000
171719.000000
172427.000000
173129.000000
173842.000000
174543.000000
175239.000000
175947.000000
176683.000000
177430.000000
178164.000000
178896.000000
179630.000000
180372.000000
181095.000000
181819.000000
182553.000000
183341.000000
184105.000000
184863.000000
185614.000000
186360.000000
187074.000000
187793.000000
188516.000000
189257.000000
189981.000000
190711.000000
191437.000000
192171.000000
192888.000000
193598.000000
194312.000000
195074.000000
195849.000000
196595.000000
197350.000000
198119.000000
198874.000000
199589.000000
200288.000000
200995.000000
201689.000000
202365.000000
203051.000000
203779.000000
204576.000000
205390.000000
206213.000000
207021.000000
207796.000000
208539.000000
209255.000000
209965.000000
210653.000000
211335.000000
212016.000000
212726.000000
213465.000000
214201.000000
214964.000000
215746.000000
216518.000000
217246.000000
217953.000000
218642.000000
219329.000000
220000.000000
220665.000000
221342.000000
222058.000000
222808.000000
223533.000000
224261.000000
224998.000000
225732.000000
226436.000000
227141.000000
227848.000000
228539.000000
229212.000000
229879.000000
230547.000000
231232.000000
231918.000000
232634.000000
233381.000000
234146.000000
234904.000000
235637.000000
236362.000000
237067.000000
237753.000000
238437.000000
239122.000000
239816.000000
240522.000000
241239.000000
241953.000000
242694.000000
243423.000000
244124.000000
244818.000000
245523.000000
246215.000000
246885.000000
247554.000000
248239.000000
248949.000000
249680.000000
250425.000000
251206.000000
251976.000000
252705.000000
253420.000000
254127.000000
254840.000000
255541.000000
256229.000000
256918.000000
257629.000000
258343.000000
259049.000000
259766.000000
260506.000000
261240.000000
261947.000000
262656.000000
263351.000000
264038.000000
264719.000000
265421.000000
266135.000000
266879.000000
267596.000000
268297.000000
268992.000000
269686.000000
270358.000000
271030.000000
271704.000000
272409.000000
273127.000000
273822.000000
274526.000000
275245.000000
275969.000000
276673.000000
277363.000000
278047.000000
278726.000000
279396.000000
280076.000000
280764.000000
281480.000000
282170.000000
282873.000000
283594.000000
284347.000000
285068.000000
285778.000000
286482.000000
287189.000000
287889.000000
288573.000000
289253.000000
289945.000000
290636.000000
291325.000000
292042.000000
292774.000000
293544.000000
294296.000000
295042.000000
295780.000000
296496.000000
297188.000000
297878.000000
298573.000000
299280.000000
299991.000000
300704.000000
301420.000000
302154.000000
302904.000000
303638.000000
304358.000000
305065.000000
305744.000000
306391.000000
307019.000000
307649.000000
308313.000000
309021.000000
309789.000000
310614.000000
311400.000000
312146.000000
312883.000000
313623.000000
314340.000000
315059.000000
315767.000000
316496.000000
317252.000000
318003.000000
318755.000000
319512.000000
320292.000000
321050.000000
321790.000000
322529.000000
323284.000000
324002.000000
324716.000000
325444.000000
326181.000000
326913.000000
327656.000000
328410.000000
329176.000000
329919.000000
330661.000000
331403.000000
332143.000000
332859.000000
333557.000000
334247.000000
334949.000000
335660.000000
336366.000000
337074.000000
337806.000000
338541.000000
339261.000000
339985.000000
340726.000000
341467.000000
342180.000000
342889.000000
343605.000000
344330.000000
345026.000000
345734.000000
346444.000000
347164.000000
347873.000000
348578.000000
349281.000000
350005.000000
350709.000000
351406.000000
352107.000000
352818.000000
353532.000000
354225.000000
354932.000000
355644.000000
356377.000000
357086.000000
357780.000000
358462.000000
359144.000000
359824.000000
360488.000000
361164.000000
361865.000000
362620.000000
363389.000000
364162.000000
364923.000000
365669.000000
366388.000000
367095.000000
367789.000000
368484.000000
369180.000000
369883.000000
370586.000000
371335.000000
372089.000000
372858.000000
373617.000000
374367.000000
375090.000000
375798.000000
376521.000000
377254.000000
377973.000000
378684.000000
379407.000000
380162.000000
380920.000000
381656.000000
382350.000000
383053.000000
383762.000000
384509.000000
385240.000000
385977.000000
386715.000000
387457.000000
388187.000000
388900.000000
389598.000000
390314.000000
391024.000000
391727.000000
392449.000000
393273.000000
394095.000000
394862.000000
395612.000000
396364.000000
397106.000000
397826.000000
398546.000000
399268.000000
399996.000000
400714.000000
401448.000000
402212.000000
403016.000000
403817.000000
404624.000000
405424.000000
406190.000000
406937.000000
407656.000000
408365.000000
409095.000000
409843.000000
410596.000000
411374.000000
412180.000000
413020.000000
413824.000000
414585.000000
415339.000000
416096.000000
416842.000000
417555.000000
418271.000000
419004.000000
419770.000000
420525.000000
421309.000000
422087.000000
422863.000000
423624.000000
424399.000000
425182.000000
425948.000000
426696.000000
427435.000000
428172.000000
428905.000000
429628.000000
430355.000000
431092.000000
431862.000000
432641.000000
433422.000000
434237.000000
435053.000000
435803.000000
436530.000000
437248.000000
437978.000000
438702.000000
439441.000000
440201.000000
441025.000000
441854.000000
442656.000000
443444.000000
444199.000000
444912.000000
445612.000000
446304.000000
447014.000000
447729.000000
448460.000000
449226.000000
450074.000000
450941.000000
451743.000000
452538.000000
453327.000000
454105.000000
454837.000000
455561.000000
456274.000000
457013.000000
457745.000000
458458.000000
459159.000000
459856.000000
460565.000000
461274.000000
461986.000000
462729.000000
463509.000000
464314.000000
465088.000000
465832.000000
466550.000000
467271.000000
468018.000000
468745.000000
469455.000000
470161.000000
470856.000000
471561.000000
472261.000000
472989.000000
473747.000000
474511.000000
475277.000000
476066.000000
476822.000000
477548.000000
478259.000000
478971.000000
479686.000000
480389.000000
481128.000000
481955.000000
482870.000000
483724.000000
484560.000000
485422.000000
486194.000000
486928.000000
487637.000000
488341.000000
489024.000000
489713.000000
490411.000000
491152.000000
491924.000000
492717.000000
493539.000000
494365.000000
495142.000000
495892.000000
496630.000000
497367.000000
498079.000000
498792.000000
499503.000000
500235.000000
500948.000000
501664.000000
502389.000000
503132.000000
503863.000000
504584.000000
505301.000000
506036.000000
506762.000000
507486.000000
508205.000000
508932.000000
509638.000000
510351.000000
511059.000000
511782.000000
512490.000000
513203.000000
513923.000000
514676.000000
515442.000000
516175.000000
516908.000000
517637.000000
518344.000000
519042.000000
519750.000000
520467.000000
521167.000000
521855.000000
522551.000000
523248.000000
523962.000000
524660.000000
525348.000000
526026.000000
526717.000000
527405.000000
528101.000000
528806.000000
529543.000000
530271.000000
531011.000000
531746.000000
532494.000000
533217.000000
533922.000000
534622.000000
535325.000000
536032.000000
536738.000000
537441.000000
538155.000000
538870.000000
539575.000000
540280.000000
541004.000000
541745.000000
542467.000000
543190.000000
543932.000000
544680.000000
545423.000000
546167.000000
546917.000000
547672.000000
548402.000000
549130.000000
549863.000000
550604.000000
551339.000000
552074.000000
552824.000000
553590.000000
554336.000000
555083.000000
555825.000000
556567.000000
557275.000000
557977.000000
558688.000000
559444.000000
560205.000000
560985.000000
561766.000000
562512.000000
563199.000000
563861.000000
564524.000000
565190.000000
565864.000000
566552.000000
567256.000000
567950.000000
568635.000000
569315.000000
570018.000000
570713.000000
571406.000000
572101.000000
572808.000000
573553.000000
574303.000000
575036.000000
575783.000000
576536.000000
577265.000000
577962.000000
578660.000000
579373.000000
580093.000000
580821.000000
581565.000000
582333.000000
583109.000000
583840.000000
584556.000000
585274.000000
585988.000000
586677.000000
587371.000000
588059.000000
588743.000000
589431.000000
590117.000000
590805.000000
591536.000000
592282.000000
593001.000000
593728.000000
594476.000000
595232.000000
595946.000000
596653.000000
597355.000000
598051.000000
598736.000000
599433.000000
600125.000000
600834.000000
601532.000000
602243.000000
602964.000000
603713.000000
604439.000000
605148.000000
605860.000000
606580.000000
607300.000000
608006.000000
608721.000000
609459.000000
610212.000000
610935.000000
611648.000000
612363.000000
613087.000000
613821.000000
614530.000000
615253.000000
615981.000000
616717.000000
617426.000000
618135.000000
618842.000000
619542.000000
620222.000000
620909.000000
621607.000000
622335.000000
623065.000000
623783.000000
624497.000000
625221.000000
625948.000000
626660.000000
627368.000000
628077.000000
628778.000000
629469.000000
630163.000000
630877.000000
631620.000000
632350.000000
633070.000000
633797.000000
634536.000000
635259.000000
635985.000000
636715.000000
637455.000000
638183.000000
638888.000000
639593.000000
640312.000000
641037.000000
641741.000000
642454.000000
643170.000000
643919.000000
644684.000000
645447.000000
646192.000000
646928.000000
647647.000000
648347.000000
649037.000000
649737.000000
650446.000000
651163.000000
651894.000000
652654.000000
653438.000000
654171.000000
654891.000000
655609.000000
656315.000000
657001.000000
657658.000000
658304.000000
658947.000000
659609.000000
660277.000000
660967.000000
661699.000000
662415.000000
663122.000000
663842.000000
664592.000000
665354.000000
666106.000000
666874.000000
667683.000000
668512.000000
669314.000000
670111.000000
670909.000000
671683.000000
672446.000000
673180.000000
673921.000000
674687.000000
675495.000000
676299.000000
677089.000000
677879.000000
678660.000000
679399.000000
680121.000000
680849.000000
681583.000000
682311.000000
683030.000000
683762.000000
684519.000000
685327.000000
686117.000000
686908.000000
687685.000000
688461.000000
689205.000000
689933.000000
690666.000000
691437.000000
692213.000000
693010.000000
693839.000000
694711.000000
695537.000000
696348.000000
697156.000000
697937.000000
698686.000000
699435.000000
700208.000000
700986.000000
701745.000000
702485.000000
703221.000000
703975.000000
704731.000000
705482.000000
706229.000000
707020.000000
707839.000000
708662.000000
709511.000000
710357.000000
711137.000000
711882.000000
712593.000000
713288.000000
713961.000000
714637.000000
715322.000000
716023.000000
716748.000000
717498.000000
718262.000000
719069.000000
719841.000000
720593.000000
721346.000000
722090.000000
722826.000000
723538.000000
724251.000000
724967.000000
725676.000000
726395.000000
727123.000000
727874.000000
728649.000000
729391.000000
730124.000000
730863.000000
731601.000000
732321.000000
733025.000000
733731.000000
734432.000000
735148.000000
735846.000000
736551.000000
737284.000000
738042.000000
738810.000000
739598.000000
740386.000000
741137.000000
741843.000000
742536.000000
743217.000000
743893.000000
744573.000000
745256.000000
745950.000000
746695.000000
747466.000000
748250.000000
749048.000000
749852.000000
750635.000000
751369.000000
752084.000000
752805.000000
753517.000000
754211.000000
754908.000000
755640.000000
756469.000000
757274.000000
758076.000000
758883.000000
759660.000000
760401.000000
761130.000000
761852.000000
762549.000000
763222.000000
763899.000000
764581.000000
765291.000000
766015.000000
766757.000000
767507.000000
768291.000000
769069.000000
769834.000000
770597.000000
771364.000000
772101.000000
772833.000000
773566.000000
774302.000000
775039.000000
775781.000000
776570.000000
777418.000000
778270.000000
779105.000000
779929.000000
780752.000000
781522.000000
782261.000000
782988.000000
783718.000000
784445.000000
785175.000000
785943.000000
786826.000000
787689.000000
788498.000000
789285.000000
790036.000000
790751.000000
791460.000000
792159.000000
792892.000000
793629.000000
794382.000000
795171.000000
795969.000000
796732.000000
797480.000000
798234.000000
798972.000000
799676.000000
800378.000000
801084.000000
801791.000000
802485.000000
803176.000000
803874.000000
804598.000000
805329.000000
806050.000000
806787.000000
807551.000000
808297.000000
809037.000000
809778.000000
810517.000000
811249.000000
811957.000000
812665.000000
813362.000000
814084.000000
814796.000000
815522.000000
816261.000000
817027.000000
817761.000000
818489.000000
819209.000000
819939.000000
820641.000000
821344.000000
822056.000000
822791.000000
823519.000000
824228.000000
824937.000000
825649.000000
826361.000000
827069.000000
827800.000000
828540.000000
829295.000000
830035.000000
830785.000000
831546.000000
832299.000000
833018.000000
833727.000000
834430.000000
835137.000000
835825.000000
836518.000000
837217.000000
837939.000000
838661.000000
839356.000000
840056.000000
840775.000000
841529.000000
842266.000000
842999.000000
843728.000000
844461.000000
845171.000000
845859.000000
846544.000000
847233.000000
847944.000000
848664.000000
849408.000000
850189.000000
851029.000000
851831.000000
852624.000000
853406.000000
854166.000000
854894.000000
855630.000000
856364.000000
857101.000000
857823.000000
858524.000000
859226.000000
859933.000000
860658.000000
861361.000000
862057.000000
862776.000000
863524.000000
864257.000000
864981.000000
865698.000000
866401.000000
867095.000000
867761.000000
868406.000000
869072.000000
869766.000000
870539.000000
871332.000000
872139.000000
872901.000000
873602.000000
874282.000000
874973.000000
875664.000000
876343.000000
877020.000000
877692.000000
878365.000000
879046.000000
879746.000000
880431.000000
881116.000000
881803.000000
882504.000000
883221.000000
883953.000000
884711.000000
885497.000000
886301.000000
887085.000000
887864.000000
888623.000000
889383.000000
890149.000000
890893.000000
891624.000000
892363.000000
893115.000000
893889.000000
894670.000000
895462.000000
896239.000000
896974.000000
897697.000000
898420.000000
899147.000000
899851.000000
900552.000000
901241.000000
901938.000000
