Peaks (s)
760.000000
1738.000000
2702.000000
3628.000000
4535.000000
5461.000000
6393.000000
7325.000000
8233.000000
9149.000000
10101.000000
11041.000000
11940.000000
12836.000000
13751.000000
14670.000000
15557.000000
16441.000000
17347.000000
18263.000000
19161.000000
20054.000000
20978.000000
21902.000000
22792.000000
23658.000000
24536.000000
25412.000000
26299.000000
27207.000000
28213.000000
29202.000000
30154.000000
31107.000000
32051.000000
32975.000000
33878.000000
34792.000000
35713.000000
36622.000000
37537.000000
38497.000000
39453.000000
40374.000000
41274.000000
42231.000000
43190.000000
44097.000000
45021.000000
45959.000000
46906.000000
47817.000000
48743.000000
49685.000000
50624.000000
51547.000000
52473.000000
53399.000000
54302.000000
55200.000000
56150.000000
57110.000000
58036.000000
58968.000000
59935.000000
60904.000000
61823.000000
62769.000000
63714.000000
64641.000000
65554.000000
66492.000000
67417.000000
68300.000000
69176.000000
70070.000000
70988.000000
71895.000000
72793.000000
73736.000000
74688.000000
75635.000000
76530.000000
77417.000000
78310.000000
79211.000000
80100.000000
81013.000000
81957.000000
82972.000000
83936.000000
84841.000000
85747.000000
86613.000000
87437.000000
88232.000000
88997.000000
89779.000000
90590.000000
91426.000000
92331.000000
93268.000000
94188.000000
95083.000000
96006.000000
96940.000000
97857.000000
98750.000000
99633.000000
100530.000000
101432.000000
102314.000000
103229.000000
104166.000000
105122.000000
106047.000000
106967.000000
107902.000000
108838.000000
109763.000000
110639.000000
111516.000000
112394.000000
113299.000000
114213.000000
115124.000000
116094.000000
117107.000000
118118.000000
119070.000000
120033.000000
121014.000000
121963.000000
122899.000000
123890.000000
124916.000000
125926.000000
126895.000000
127870.000000
128812.000000
129765.000000
130695.000000
131617.000000
132558.000000
133477.000000
134358.000000
135222.000000
136094.000000
136930.000000
137727.000000
138569.000000
139447.000000
140334.000000
141281.000000
142231.000000
143158.000000
144061.000000
144992.000000
145916.000000
146808.000000
147680.000000
148555.000000
149460.000000
150378.000000
151301.000000
152198.000000
153105.000000
154034.000000
154961.000000
155863.000000
156783.000000
157718.000000
158623.000000
159529.000000
160408.000000
161299.000000
162238.000000
163207.000000
164159.000000
165066.000000
165992.000000
166915.000000
167829.000000
168730.000000
169666.000000
170620.000000
171572.000000
172495.000000
173432.000000
174376.000000
175321.000000
176233.000000
177128.000000
178041.000000
178962.000000
179906.000000
180831.000000
181796.000000
182775.000000
183765.000000
184712.000000
185668.000000
186605.000000
187540.000000
188440.000000
189360.000000
190292.000000
191240.000000
192150.000000
193029.000000
193930.000000
194803.000000
195644.000000
196480.000000
197295.000000
198081.000000
198903.000000
199711.000000
200494.000000
201305.000000
202146.000000
203016.000000
203947.000000
204895.000000
205805.000000
206693.000000
207598.000000
208512.000000
209415.000000
210289.000000
211195.000000
212140.000000
213095.000000
214024.000000
214938.000000
215892.000000
216844.000000
217765.000000
218667.000000
219582.000000
220514.000000
221422.000000
222326.000000
223263.000000
224213.000000
225151.000000
226054.000000
226968.000000
227875.000000
228787.000000
229685.000000
230580.000000
231496.000000
232414.000000
233308.000000
234206.000000
235123.000000
236033.000000
236930.000000
237796.000000
238686.000000
239588.000000
240492.000000
241420.000000
242502.000000
243552.000000
244534.000000
245519.000000
246481.000000
247420.000000
248324.000000
249258.000000
250175.000000
251083.000000
251978.000000
252944.000000
253925.000000
254899.000000
255828.000000
256781.000000
257736.000000
258681.000000
259590.000000
260522.000000
261453.000000
262391.000000
263294.000000
264231.000000
265138.000000
266028.000000
266885.000000
267753.000000
268646.000000
269579.000000
270540.000000
271445.000000
272426.000000
273354.000000
274272.000000
275188.000000
276099.000000
277014.000000
277902.000000
278766.000000
279634.000000
280490.000000
281341.000000
282172.000000
282976.000000
283749.000000
284536.000000
285374.000000
286241.000000
287229.000000
288230.000000
289242.000000
290200.000000
291161.000000
292144.000000
293117.000000
294043.000000
294960.000000
295907.000000
296860.000000
297808.000000
298724.000000
299637.000000
300542.000000
301452.000000
302341.000000
303234.000000
304163.000000
305099.000000
306030.000000
306931.000000
307880.000000
308835.000000
309775.000000
310699.000000
311670.000000
312670.000000
313651.000000
314596.000000
315586.000000
316565.000000
317522.000000
318443.000000
319371.000000
320300.000000
321239.000000
322146.000000
323069.000000
323999.000000
324943.000000
325858.000000
326742.000000
327644.000000
328560.000000
329527.000000
330518.000000
331521.000000
332557.000000
333587.000000
334530.000000
335445.000000
336342.000000
337221.000000
338076.000000
338930.000000
339842.000000
340798.000000
341769.000000
342717.000000
343675.000000
344617.000000
345575.000000
346499.000000
347408.000000
348324.000000
349235.000000
350118.000000
350990.000000
351867.000000
352743.000000
353626.000000
354505.000000
355443.000000
356406.000000
357367.000000
358284.000000
359241.000000
360161.000000
361087.000000
361981.000000
362870.000000
363781.000000
364710.000000
365625.000000
366530.000000
367475.000000
368422.000000
369356.000000
370253.000000
371133.000000
372054.000000
373008.000000
373988.000000
374887.000000
375833.000000
376763.000000
377703.000000
378635.000000
379573.000000
380548.000000
381519.000000
382444.000000
383395.000000
384342.000000
385279.000000
386191.000000
387120.000000
388035.000000
388945.000000
389840.000000
390783.000000
391742.000000
392683.000000
393580.000000
394507.000000
395411.000000
396309.000000
397189.000000
398068.000000
399059.000000
400049.000000
401033.000000
401987.000000
402951.000000
403923.000000
404865.000000
405772.000000
406683.000000
407599.000000
408523.000000
409429.000000
410340.000000
411277.000000
412226.000000
413149.000000
414026.000000
414907.000000
415769.000000
416605.000000
417403.000000
418258.000000
419199.000000
420126.000000
421135.000000
422186.000000
423249.000000
424217.000000
425232.000000
426244.000000
427257.000000
428202.000000
429158.000000
430099.000000
431043.000000
431959.000000
432861.000000
433809.000000
434771.000000
435714.000000
436632.000000
437580.000000
438536.000000
439468.000000
440379.000000
441338.000000
442315.000000
443302.000000
444253.000000
445184.000000
446158.000000
447150.000000
448134.000000
449082.000000
449970.000000
450848.000000
451712.000000
452542.000000
453365.000000
454233.000000
455194.000000
456276.000000
457400.000000
458430.000000
459490.000000
460522.000000
461508.000000
462437.000000
463392.000000
464336.000000
465262.000000
466144.000000
467051.000000
467959.000000
468895.000000
469822.000000
470727.000000
471653.000000
472586.000000
473520.000000
474426.000000
475315.000000
476239.000000
477173.000000
478100.000000
478991.000000
479911.000000
480830.000000
481750.000000
482659.000000
483567.000000
484493.000000
485448.000000
486413.000000
487328.000000
488232.000000
489145.000000
490069.000000
490997.000000
491893.000000
492815.000000
493751.000000
494679.000000
495604.000000
496511.000000
497435.000000
498355.000000
499265.000000
500161.000000
501087.000000
502056.000000
503010.000000
503929.000000
504813.000000
505734.000000
506651.000000
507556.000000
508433.000000
509330.000000
510228.000000
511155.000000
512078.000000
513023.000000
513980.000000
514931.000000
515859.000000
516797.000000
517788.000000
518784.000000
519785.000000
520726.000000
521639.000000
522580.000000
523555.000000
524525.000000
525466.000000
526395.000000
527357.000000
528335.000000
529276.000000
530196.000000
531153.000000
532121.000000
533078.000000
534005.000000
534968.000000
535937.000000
536910.000000
537840.000000
538776.000000
539725.000000
540678.000000
541626.000000
542533.000000
543481.000000
544440.000000
545411.000000
546347.000000
547266.000000
548195.000000
549125.000000
550033.000000
550947.000000
551891.000000
552831.000000
553742.000000
554639.000000
555577.000000
556527.000000
557471.000000
558371.000000
559281.000000
560194.000000
561138.000000
562040.000000
562945.000000
563866.000000
564786.000000
565702.000000
566616.000000
567559.000000
568534.000000
569522.000000
570472.000000
571469.000000
572502.000000
573503.000000
574459.000000
575461.000000
576483.000000
577490.000000
578424.000000
579402.000000
580385.000000
581353.000000
582289.000000
583248.000000
584210.000000
585181.000000
586121.000000
587032.000000
587973.000000
588943.000000
589906.000000
590828.000000
591778.000000
592694.000000
593592.000000
594457.000000
595331.000000
596241.000000
597216.000000
598232.000000
599216.000000
600145.000000
601110.000000
602102.000000
603067.000000
603984.000000
604923.000000
605846.000000
606758.000000
607659.000000
608552.000000
609504.000000
610476.000000
611450.000000
612403.000000
613378.000000
614346.000000
615288.000000
616220.000000
617196.000000
618219.000000
619202.000000
620135.000000
621102.000000
622066.000000
623024.000000
623923.000000
624817.000000
625689.000000
626565.000000
627432.000000
628302.000000
629182.000000
630092.000000
630978.000000
631841.000000
632740.000000
633644.000000
634556.000000
635462.000000
636429.000000
637405.000000
638392.000000
639342.000000
640277.000000
641185.000000
642095.000000
642991.000000
643984.000000
644999.000000
646072.000000
647094.000000
648139.000000
649175.000000
650166.000000
651099.000000
652059.000000
653013.000000
653952.000000
654868.000000
655768.000000
656720.000000
657706.000000
658682.000000
659609.000000
660535.000000
661453.000000
662365.000000
663265.000000
664172.000000
665144.000000
666188.000000
667256.000000
668236.000000
669215.000000
670196.000000
671161.000000
672096.000000
673078.000000
674057.000000
675004.000000
675918.000000
676875.000000
677820.000000
678777.000000
679691.000000
680664.000000
681610.000000
682558.000000
683486.000000
684399.000000
685330.000000
686277.000000
687202.000000
688099.000000
689025.000000
689955.000000
690888.000000
691809.000000
692710.000000
693639.000000
694576.000000
695528.000000
696460.000000
697370.000000
698311.000000
699266.000000
700223.000000
701164.000000
702076.000000
703034.000000
703999.000000
704989.000000
705899.000000
706805.000000
707704.000000
708652.000000
709580.000000
710544.000000
711624.000000
712789.000000
713839.000000
714829.000000
715825.000000
716820.000000
717770.000000
718692.000000
719672.000000
720632.000000
721601.000000
722533.000000
723515.000000
724485.000000
725449.000000
726375.000000
727333.000000
728300.000000
729269.000000
730208.000000
731137.000000
732097.000000
733070.000000
734032.000000
734932.000000
735842.000000
736735.000000
737634.000000
738513.000000
739389.000000
740321.000000
741260.000000
742207.000000
743124.000000
744074.000000
745055.000000
746048.000000
746978.000000
747934.000000
748925.000000
749931.000000
750935.000000
751894.000000
752878.000000
753852.000000
754814.000000
755742.000000
756670.000000
757623.000000
758568.000000
759502.000000
760401.000000
761318.000000
762234.000000
763130.000000
764022.000000
764932.000000
765852.000000
766766.000000
767680.000000
768740.000000
769801.000000
770863.000000
771869.000000
772948.000000
773989.000000
774997.000000
775965.000000
776955.000000
777944.000000
778925.000000
779872.000000
780859.000000
781833.000000
782764.000000
783654.000000
784542.000000
785490.000000
786524.000000
787535.000000
788509.000000
789530.000000
790548.000000
791518.000000
792447.000000
793423.000000
794392.000000
795342.000000
796263.000000
797249.000000
798242.000000
799247.000000
800209.000000
801154.000000
802083.000000
803016.000000
803937.000000
804929.000000
805980.000000
807049.000000
808041.000000
809046.000000
810036.000000
811026.000000
811968.000000
812913.000000
813860.000000
814801.000000
815705.000000
816593.000000
817518.000000
818465.000000
819409.000000
820326.000000
821254.000000
822180.000000
823109.000000
824009.000000
824893.000000
825820.000000
826755.000000
827673.000000
828574.000000
829494.000000
830414.000000
831335.000000
832267.000000
833177.000000
834118.000000
835117.000000
836035.000000
836987.000000
837947.000000
838957.000000
839901.000000
840822.000000
841753.000000
842736.000000
843709.000000
844659.000000
845566.000000
846513.000000
847461.000000
848387.000000
849293.000000
850247.000000
851218.000000
852159.000000
853070.000000
854032.000000
854977.000000
855913.000000
856822.000000
857788.000000
858785.000000
859778.000000
860737.000000
861745.000000
862737.000000
863694.000000
864597.000000
865470.000000
866367.000000
867275.000000
868188.000000
869133.000000
870208.000000
871299.000000
872360.000000
873323.000000
874297.000000
875279.000000
876251.000000
877195.000000
878185.000000
879164.000000
880142.000000
881090.000000
882055.000000
883014.000000
883964.000000
884901.000000
885827.000000
886768.000000
887719.000000
888637.000000
889503.000000
890375.000000
891237.000000
892140.000000
893043.000000
893980.000000
895019.000000
896076.000000
897129.000000
898170.000000
899116.000000
900028.000000
900969.000000
901941.000000
902904.000000
903845.000000
904761.000000
905712.000000
906665.000000
907639.000000
908606.000000
909530.000000
910427.000000
911347.000000
912281.000000
913221.000000
914139.000000
915050.000000
915989.000000
916911.000000
917803.000000
918698.000000
919610.000000
920505.000000
921377.000000
922271.000000
923191.000000
924112.000000
925004.000000
925914.000000
926855.000000
927815.000000
928734.000000
929651.000000
930585.000000
931537.000000
932462.000000
933399.000000
934356.000000
935298.000000
936217.000000
937122.000000
938066.000000
939003.000000
939919.000000
940824.000000
941781.000000
942756.000000
943710.000000
944641.000000
945614.000000
946574.000000
947498.000000
948391.000000
949300.000000
950214.000000
951139.000000
952034.000000
952930.000000
953834.000000
954761.000000
955693.000000
956613.000000
957582.000000
958577.000000
959540.000000
960464.000000
961431.000000
962401.000000
963333.000000
964270.000000
965204.000000
966153.000000
967080.000000
967986.000000
968921.000000
969864.000000
970807.000000
971754.000000
972767.000000
973817.000000
974808.000000
975760.000000
976707.000000
977642.000000
978562.000000
979503.000000
980486.000000
981475.000000
982469.000000
983436.000000
984426.000000
985414.000000
986384.000000
987297.000000
988219.000000
989134.000000
990057.000000
990959.000000
991851.000000
992761.000000
993661.000000
994552.000000
995426.000000
996330.000000
997226.000000
998150.000000
999053.000000
999952.000000
1000866.000000
1001788.000000
1002689.000000
1003578.000000
1004507.000000
1005477.000000
1006490.000000
1007453.000000
1008394.000000
1009389.000000
1010371.000000
1011317.000000
1012235.000000
1013200.000000
1014171.000000
1015130.000000
1016044.000000
1016946.000000
1017882.000000
1018846.000000
1019802.000000
1020748.000000
1021744.000000
1022723.000000
1023680.000000
1024621.000000
1025598.000000
1026568.000000
1027533.000000
1028471.000000
1029402.000000
1030343.000000
1031262.000000
1032173.000000
1033068.000000
1033972.000000
1034923.000000
1035969.000000
1037008.000000
1038029.000000
1039089.000000
1040164.000000
1041170.000000
1042215.000000
1043237.000000
1044223.000000
1045173.000000
1046151.000000
1047153.000000
1048128.000000
1049071.000000
1050041.000000
1051019.000000
1051967.000000
1052881.000000
1053787.000000
1054712.000000
1055649.000000
1056591.000000
1057519.000000
1058473.000000
1059453.000000
1060438.000000
1061398.000000
1062346.000000
1063322.000000
1064301.000000
1065263.000000
1066166.000000
1067069.000000
1067951.000000
1068848.000000
1069738.000000
1070638.000000
1071601.000000
1072566.000000
1073503.000000
1074419.000000
1075380.000000
1076335.000000
1077268.000000
1078173.000000
1079116.000000
1080050.000000
1080969.000000
1081871.000000
1082815.000000
1083762.000000
1084693.000000
1085596.000000
1086546.000000
1087489.000000
1088429.000000
1089335.000000
1090204.000000
1091093.000000
1091998.000000
1093052.000000
1094046.000000
1095037.000000
1096132.000000
1097304.000000
1098346.000000
1099302.000000
1100260.000000
1101243.000000
1102243.000000
1103212.000000
1104209.000000
1105237.000000
1106225.000000
1107168.000000
1108169.000000
1109184.000000
1110228.000000
1111240.000000
1112296.000000
1113345.000000
1114361.000000
1115312.000000
1116289.000000
1117245.000000
1118194.000000
1119111.000000
1120035.000000
1120996.000000
1121956.000000
1122886.000000
1123802.000000
1124751.000000
1125698.000000
1126631.000000
1127542.000000
1128495.000000
1129436.000000
1130378.000000
1131296.000000
1132224.000000
1133173.000000
1134119.000000
1135038.000000
1135929.000000
1136844.000000
1137748.000000
1138664.000000
1139557.000000
1140484.000000
1141423.000000
1142370.000000
1143289.000000
1144204.000000
1145157.000000
1146111.000000
1147067.000000
1147995.000000
1148947.000000
1149895.000000
1150876.000000
1151812.000000
1152723.000000
1153683.000000
1154638.000000
1155605.000000
1156565.000000
1157562.000000
1158574.000000
1159590.000000
1160552.000000
1161476.000000
1162418.000000
1163360.000000
1164314.000000
1165256.000000
1166202.000000
1167182.000000
1168258.000000
1169356.000000
1170450.000000
1171531.000000
1172566.000000
1173509.000000
1174489.000000
1175436.000000
1176336.000000
1177198.000000
1178098.000000
1179046.000000
1180086.000000
1181092.000000
1182215.000000
1183347.000000
1184417.000000
1185406.000000
1186421.000000
1187427.000000
1188398.000000
1189353.000000
1190383.000000
1191424.000000
1192414.000000
1193375.000000
1194382.000000
1195394.000000
1196401.000000
1197346.000000
1198320.000000
1199315.000000
