Peaks (s)
594.000000
1433.000000
2251.000000
3090.000000
3976.000000
4898.000000
5815.000000
6723.000000
7638.000000
8487.000000
9305.000000
10121.000000
10903.000000
11692.000000
12493.000000
13323.000000
14186.000000
15047.000000
15874.000000
16702.000000
17569.000000
18452.000000
19275.000000
20092.000000
20891.000000
21688.000000
22490.000000
23359.000000
24269.000000
25173.000000
26094.000000
27002.000000
27920.000000
28785.000000
29652.000000
30504.000000
31341.000000
32114.000000
32889.000000
33661.000000
34481.000000
35367.000000
36335.000000
37302.000000
38200.000000
39047.000000
39855.000000
40641.000000
41419.000000
42253.000000
43263.000000
44324.000000
45342.000000
46267.000000
47116.000000
47978.000000
48862.000000
49760.000000
50639.000000
51522.000000
52376.000000
53201.000000
54019.000000
54846.000000
55722.000000
56639.000000
57511.000000
58387.000000
59299.000000
60220.000000
61092.000000
61948.000000
62804.000000
63727.000000
64725.000000
65712.000000
66672.000000
67645.000000
68620.000000
69557.000000
70455.000000
71374.000000
72329.000000
73325.000000
74240.000000
75136.000000
76060.000000
76976.000000
77879.000000
78729.000000
79587.000000
80440.000000
81330.000000
82280.000000
83249.000000
84195.000000
85153.000000
86078.000000
86978.000000
87869.000000
88728.000000
89578.000000
90427.000000
91289.000000
92136.000000
93042.000000
93999.000000
95007.000000
96030.000000
97025.000000
97968.000000
98876.000000
99732.000000
100586.000000
101427.000000
102308.000000
103214.000000
104122.000000
105016.000000
105911.000000
106800.000000
107717.000000
108648.000000
109549.000000
110424.000000
111326.000000
112249.000000
113158.000000
114011.000000
114860.000000
115774.000000
116727.000000
117690.000000
118583.000000
119470.000000
120343.000000
121183.000000
122005.000000
122829.000000
123655.000000
124530.000000
125413.000000
126341.000000
127319.000000
128281.000000
129219.000000
130160.000000
131064.000000
131913.000000
132726.000000
133555.000000
134419.000000
135383.000000
136413.000000
137436.000000
138479.000000
139497.000000
140411.000000
141261.000000
142102.000000
142995.000000
143960.000000
145024.000000
146137.000000
147217.000000
148271.000000
149274.000000
150211.000000
151088.000000
151987.000000
152944.000000
153956.000000
155016.000000
156067.000000
157056.000000
157969.000000
158861.000000
159748.000000
160671.000000
161640.000000
162585.000000
163563.000000
164603.000000
165689.000000
166689.000000
167617.000000
168530.000000
169507.000000
170531.000000
171558.000000
172557.000000
173565.000000
174546.000000
175508.000000
176435.000000
177331.000000
178233.000000
179130.000000
180000.000000
180873.000000
181797.000000
182813.000000
183837.000000
184837.000000
185802.000000
186701.000000
187600.000000
188485.000000
189340.000000
190199.000000
191003.000000
191866.000000
192724.000000
193557.000000
194388.000000
195230.000000
196087.000000
196950.000000
197805.000000
198642.000000
199486.000000
200390.000000
201320.000000
202216.000000
203054.000000
203825.000000
204532.000000
205231.000000
206013.000000
206907.000000
207885.000000
208904.000000
209931.000000
210944.000000
211923.000000
212869.000000
213789.000000
214700.000000
215573.000000
216450.000000
217444.000000
218495.000000
219553.000000
220529.000000
221461.000000
222386.000000
223301.000000
224171.000000
225053.000000
225978.000000
226961.000000
227931.000000
228839.000000
229709.000000
230574.000000
231442.000000
232304.000000
233171.000000
234082.000000
235012.000000
235935.000000
236832.000000
237682.000000
238561.000000
239459.000000
240388.000000
241342.000000
242271.000000
243205.000000
244145.000000
245063.000000
245973.000000
246846.000000
247712.000000
248606.000000
249537.000000
250478.000000
251383.000000
252270.000000
253193.000000
254145.000000
255078.000000
255940.000000
256756.000000
257540.000000
258342.000000
259242.000000
260256.000000
261294.000000
262323.000000
263372.000000
264438.000000
265521.000000
266575.000000
267537.000000
268473.000000
269386.000000
270303.000000
271235.000000
272177.000000
273195.000000
274245.000000
275227.000000
276158.000000
277114.000000
278076.000000
279034.000000
279969.000000
280859.000000
281741.000000
282608.000000
283501.000000
284360.000000
285243.000000
286177.000000
287111.000000
288016.000000
288927.000000
289842.000000
290788.000000
291717.000000
292686.000000
293653.000000
294597.000000
295495.000000
296310.000000
297114.000000
297935.000000
298772.000000
299620.000000
300479.000000
301432.000000
302434.000000
303415.000000
304325.000000
305206.000000
306087.000000
306986.000000
307871.000000
308755.000000
309662.000000
310597.000000
311509.000000
312404.000000
313270.000000
314171.000000
315117.000000
316090.000000
317030.000000
317976.000000
318934.000000
319859.000000
320783.000000
321709.000000
322619.000000
323489.000000
324382.000000
325283.000000
326200.000000
327103.000000
328015.000000
328964.000000
329931.000000
330863.000000
331750.000000
332650.000000
333579.000000
334489.000000
335349.000000
336179.000000
337001.000000
337878.000000
338813.000000
339777.000000
340715.000000
341618.000000
342556.000000
343520.000000
344511.000000
345480.000000
346428.000000
347350.000000
348233.000000
349070.000000
349879.000000
350689.000000
351534.000000
352445.000000
353380.000000
354350.000000
355348.000000
356283.000000
357194.000000
358101.000000
359004.000000
359862.000000
360682.000000
361482.000000
362266.000000
363137.000000
364069.000000
365093.000000
366163.000000
367190.000000
368175.000000
369178.000000
370165.000000
371109.000000
372016.000000
372941.000000
373780.000000
374638.000000
375517.000000
376390.000000
377297.000000
378200.000000
379081.000000
379977.000000
380914.000000
381856.000000
382758.000000
383668.000000
384601.000000
385542.000000
386441.000000
387348.000000
388253.000000
389131.000000
389983.000000
390839.000000
391719.000000
392615.000000
393497.000000
394376.000000
395275.000000
396155.000000
397020.000000
397879.000000
398754.000000
399648.000000
400557.000000
401457.000000
402361.000000
403318.000000
404301.000000
405253.000000
406161.000000
407049.000000
407946.000000
408864.000000
409768.000000
410630.000000
411482.000000
412366.000000
413294.000000
414240.000000
415169.000000
416132.000000
417108.000000
418075.000000
419022.000000
419957.000000
420890.000000
421778.000000
422656.000000
423533.000000
424459.000000
425359.000000
426224.000000
427118.000000
428084.000000
429074.000000
430032.000000
430970.000000
431902.000000
432840.000000
433764.000000
434702.000000
435635.000000
436512.000000
437335.000000
438141.000000
438942.000000
439775.000000
440597.000000
441431.000000
442400.000000
443475.000000
444538.000000
445584.000000
446613.000000
447585.000000
448479.000000
449319.000000
450122.000000
450940.000000
451830.000000
452809.000000
453821.000000
454806.000000
455796.000000
456785.000000
457785.000000
458772.000000
459735.000000
460649.000000
461520.000000
462398.000000
463249.000000
464137.000000
464952.000000
465813.000000
466684.000000
467570.000000
468534.000000
469523.000000
470467.000000
471426.000000
472374.000000
473295.000000
474195.000000
475103.000000
476035.000000
476946.000000
477848.000000
478765.000000
479715.000000
480663.000000
481602.000000
482546.000000
483479.000000
484340.000000
485176.000000
486061.000000
487041.000000
488019.000000
488980.000000
489994.000000
491038.000000
492049.000000
493022.000000
493995.000000
494928.000000
495801.000000
496623.000000
497423.000000
498261.000000
499246.000000
500256.000000
501303.000000
502291.000000
503246.000000
504164.000000
505046.000000
505870.000000
506666.000000
507458.000000
508307.000000
509283.000000
510344.000000
511389.000000
512426.000000
513429.000000
514381.000000
515280.000000
516104.000000
516889.000000
517654.000000
518410.000000
519161.000000
519900.000000
520656.000000
521524.000000
522490.000000
523531.000000
524497.000000
525501.000000
526514.000000
527499.000000
528455.000000
529412.000000
530362.000000
531268.000000
532125.000000
532958.000000
533816.000000
534759.000000
535807.000000
536868.000000
537881.000000
538829.000000
539708.000000
540583.000000
541478.000000
542414.000000
543386.000000
544373.000000
545330.000000
546218.000000
547066.000000
547909.000000
548799.000000
549799.000000
550817.000000
551829.000000
552815.000000
553789.000000
554732.000000
555629.000000
556483.000000
557319.000000
558190.000000
559214.000000
560278.000000
561298.000000
562282.000000
563209.000000
564137.000000
565097.000000
566038.000000
566989.000000
567987.000000
569016.000000
570067.000000
571118.000000
572172.000000
573199.000000
574225.000000
575230.000000
576221.000000
577190.000000
578117.000000
579065.000000
580016.000000
580963.000000
581860.000000
582733.000000
583632.000000
584549.000000
585419.000000
586244.000000
587075.000000
587867.000000
588645.000000
589439.000000
590236.000000
591021.000000
591830.000000
592696.000000
593605.000000
594486.000000
595370.000000
596304.000000
597249.000000
598168.000000
599028.000000
599896.000000
600782.000000
601683.000000
602588.000000
603504.000000
604411.000000
605287.000000
606132.000000
606971.000000
607850.000000
608781.000000
609744.000000
610728.000000
611694.000000
612628.000000
613576.000000
614547.000000
615539.000000
616515.000000
617421.000000
618333.000000
619253.000000
620188.000000
621139.000000
622077.000000
623016.000000
623956.000000
624893.000000
625791.000000
626644.000000
627509.000000
628351.000000
629223.000000
630092.000000
630996.000000
631925.000000
632939.000000
633982.000000
635000.000000
635979.000000
636934.000000
637882.000000
638800.000000
639739.000000
640729.000000
641730.000000
642668.000000
643576.000000
644449.000000
645297.000000
646147.000000
647016.000000
647962.000000
649011.000000
650046.000000
651036.000000
652039.000000
653078.000000
654137.000000
655120.000000
656080.000000
657040.000000
657992.000000
658905.000000
659849.000000
660796.000000
661757.000000
662692.000000
663620.000000
664573.000000
665505.000000
666428.000000
667381.000000
668348.000000
669304.000000
670250.000000
671204.000000
672156.000000
673089.000000
674037.000000
675024.000000
675985.000000
676936.000000
677878.000000
678803.000000
679691.000000
680543.000000
681369.000000
682187.000000
683023.000000
683952.000000
684954.000000
685993.000000
686958.000000
687926.000000
688909.000000
689844.000000
690744.000000
691658.000000
692576.000000
693519.000000
694450.000000
695432.000000
696406.000000
697369.000000
698280.000000
699219.000000
700181.000000
701096.000000
701994.000000
702935.000000
703903.000000
704869.000000
705793.000000
706704.000000
707629.000000
708555.000000
709458.000000
710381.000000
711352.000000
712308.000000
713242.000000
714223.000000
715207.000000
716165.000000
717143.000000
718126.000000
719109.000000
720072.000000
721064.000000
722045.000000
722986.000000
723932.000000
724869.000000
725776.000000
726651.000000
727545.000000
728466.000000
729375.000000
730272.000000
731189.000000
732161.000000
733142.000000
734078.000000
734998.000000
735930.000000
736869.000000
737787.000000
738722.000000
739698.000000
740675.000000
741598.000000
742491.000000
743443.000000
744435.000000
745446.000000
746448.000000
747393.000000
748307.000000
749228.000000
750148.000000
751022.000000
751899.000000
752814.000000
753746.000000
754701.000000
755649.000000
756622.000000
757615.000000
758588.000000
759552.000000
760502.000000
761449.000000
762385.000000
763365.000000
764403.000000
765443.000000
766466.000000
767494.000000
768495.000000
769456.000000
770398.000000
771341.000000
772246.000000
773158.000000
774124.000000
775091.000000
776058.000000
777036.000000
778026.000000
778970.000000
779871.000000
780774.000000
781692.000000
782638.000000
783584.000000
784581.000000
785617.000000
786626.000000
787593.000000
788573.000000
789557.000000
790505.000000
791439.000000
792370.000000
793299.000000
794214.000000
795142.000000
796087.000000
797060.000000
798030.000000
799021.000000
800022.000000
801031.000000
801995.000000
802993.000000
804001.000000
805009.000000
806005.000000
807013.000000
808005.000000
808961.000000
809915.000000
810858.000000
811792.000000
812702.000000
813627.000000
814583.000000
815580.000000
816524.000000
817483.000000
818450.000000
819382.000000
820277.000000
821174.000000
822074.000000
822948.000000
823794.000000
824650.000000
825565.000000
826532.000000
827479.000000
828375.000000
829232.000000
830082.000000
830920.000000
831772.000000
832604.000000
833449.000000
834329.000000
835250.000000
836204.000000
837149.000000
838122.000000
839100.000000
840043.000000
840977.000000
841918.000000
842872.000000
843807.000000
844695.000000
845560.000000
846467.000000
847437.000000
848445.000000
849445.000000
850391.000000
851356.000000
852333.000000
853307.000000
854276.000000
855265.000000
856243.000000
857213.000000
858158.000000
859093.000000
859991.000000
860888.000000
861790.000000
862698.000000
863593.000000
864491.000000
865397.000000
866336.000000
867249.000000
868128.000000
869022.000000
869966.000000
870944.000000
871894.000000
872858.000000
873849.000000
874829.000000
875795.000000
876748.000000
877678.000000
878533.000000
879366.000000
880200.000000
881004.000000
881855.000000
882796.000000
883769.000000
884759.000000
885761.000000
886764.000000
887732.000000
888699.000000
889657.000000
890610.000000
891529.000000
892472.000000
893440.000000
894435.000000
895428.000000
896434.000000
897432.000000
898390.000000
899319.000000
900267.000000
901252.000000
902206.000000
903118.000000
904071.000000
905072.000000
906045.000000
906992.000000
907946.000000
908935.000000
909860.000000
910779.000000
911735.000000
912730.000000
913715.000000
914700.000000
915710.000000
916731.000000
917726.000000
918753.000000
919797.000000
920813.000000
921835.000000
922874.000000
923891.000000
924876.000000
925875.000000
926857.000000
927795.000000
928696.000000
929646.000000
930647.000000
931637.000000
932594.000000
933571.000000
934562.000000
935518.000000
936459.000000
937379.000000
938309.000000
939184.000000
940036.000000
940947.000000
941929.000000
942909.000000
943837.000000
944792.000000
945773.000000
946712.000000
947643.000000
948593.000000
949549.000000
950469.000000
951347.000000
952200.000000
953117.000000
954102.000000
955109.000000
956079.000000
956972.000000
957819.000000
958662.000000
959575.000000
960535.000000
961498.000000
962504.000000
963541.000000
964568.000000
965582.000000
966588.000000
967559.000000
968483.000000
969414.000000
970348.000000
971283.000000
972216.000000
973187.000000
974188.000000
975185.000000
976177.000000
977151.000000
978065.000000
978934.000000
979802.000000
980727.000000
981718.000000
982715.000000
983663.000000
984607.000000
985565.000000
986492.000000
987390.000000
988295.000000
989211.000000
990119.000000
991044.000000
991987.000000
992922.000000
993858.000000
994818.000000
995801.000000
996738.000000
997679.000000
998660.000000
999655.000000
1000596.000000
1001517.000000
1002476.000000
1003478.000000
1004453.000000
1005430.000000
1006414.000000
1007353.000000
1008275.000000
1009238.000000
1010196.000000
1011133.000000
1012061.000000
1012943.000000
1013800.000000
1014634.000000
1015528.000000
1016503.000000
1017536.000000
1018611.000000
1019689.000000
1020756.000000
1021787.000000
1022768.000000
1023784.000000
1024746.000000
1025661.000000
1026579.000000
1027531.000000
1028457.000000
1029392.000000
1030376.000000
1031397.000000
1032396.000000
1033401.000000
1034300.000000
1035156.000000
1036031.000000
1036929.000000
1037814.000000
1038704.000000
1039701.000000
1040737.000000
1041770.000000
1042775.000000
1043800.000000
1044839.000000
1045846.000000
1046767.000000
1047683.000000
1048544.000000
1049362.000000
1050176.000000
1050983.000000
1051815.000000
1052735.000000
1053719.000000
1054725.000000
1055761.000000
1056816.000000
1057843.000000
1058839.000000
1059781.000000
1060686.000000
1061606.000000
1062553.000000
1063522.000000
1064476.000000
1065432.000000
1066405.000000
1067387.000000
1068313.000000
1069190.000000
1070091.000000
1071025.000000
1072023.000000
1073034.000000
1074085.000000
1075159.000000
1076185.000000
1077170.000000
1078174.000000
1079208.000000
1080215.000000
1081141.000000
1082030.000000
1082955.000000
1083922.000000
1084888.000000
1085844.000000
1086816.000000
1087835.000000
1088880.000000
1089890.000000
1090925.000000
1091968.000000
1093005.000000
1093977.000000
1094893.000000
1095838.000000
1096819.000000
1097764.000000
1098703.000000
1099649.000000
1100593.000000
1101521.000000
1102476.000000
1103442.000000
1104405.000000
1105346.000000
1106258.000000
1107183.000000
1108137.000000
1109104.000000
1110062.000000
1111070.000000
1112065.000000
1113037.000000
1114006.000000
1114997.000000
1115968.000000
1116890.000000
1117821.000000
1118772.000000
1119753.000000
1120720.000000
1121675.000000
1122638.000000
1123604.000000
1124536.000000
1125477.000000
1126437.000000
1127412.000000
1128366.000000
1129320.000000
1130280.000000
1131226.000000
1132189.000000
1133150.000000
1134123.000000
1135071.000000
1136031.000000
1137002.000000
1137976.000000
1138944.000000
1139899.000000
1140871.000000
1141808.000000
1142745.000000
1143717.000000
1144754.000000
1145783.000000
1146775.000000
1147773.000000
1148724.000000
1149641.000000
1150521.000000
1151436.000000
1152461.000000
1153485.000000
1154477.000000
1155472.000000
1156469.000000
1157447.000000
1158385.000000
1159364.000000
1160369.000000
1161375.000000
1162314.000000
1163164.000000
1163975.000000
1164797.000000
1165743.000000
1166817.000000
1167911.000000
1168965.000000
1170027.000000
1171059.000000
1172093.000000
1173108.000000
1174108.000000
1175066.000000
1176056.000000
1177063.000000
1178047.000000
1179021.000000
1180031.000000
1181084.000000
1182134.000000
1183181.000000
1184205.000000
1185186.000000
1186116.000000
1187049.000000
1187980.000000
1188906.000000
1189812.000000
1190731.000000
1191673.000000
1192567.000000
1193425.000000
1194280.000000
1195132.000000
1196009.000000
1196873.000000
1197729.000000
1198631.000000
1199552.000000
1200445.000000
1201378.000000
1202296.000000
1203207.000000
1204099.000000
1205035.000000
1205991.000000
1206938.000000
1207868.000000
1208791.000000
1209720.000000
1210640.000000
1211588.000000
1212581.000000
1213587.000000
1214568.000000
1215505.000000
1216456.000000
1217409.000000
1218312.000000
1219193.000000
1220143.000000
1221120.000000
1222069.000000
1222945.000000
1223785.000000
1224612.000000
1225388.000000
1226157.000000
1226915.000000
1227650.000000
1228392.000000
