Peaks (s)
552.000000
1177.000000
1800.000000
2423.000000
3047.000000
3668.000000
4285.000000
4902.000000
5522.000000
6147.000000
6770.000000
7397.000000
8018.000000
8639.000000
9227.000000
9879.000000
10475.000000
11145.000000
11771.000000
12391.000000
13010.000000
13630.000000
14253.000000
14874.000000
15488.000000
16104.000000
16719.000000
17341.000000
17967.000000
18588.000000
19204.000000
19823.000000
20444.000000
21065.000000
21682.000000
22304.000000
22924.000000
23539.000000
24153.000000
24767.000000
25356.000000
26006.000000
26594.000000
27239.000000
27828.000000
28463.000000
29058.000000
29705.000000
30329.000000
30953.000000
31558.000000
32196.000000
32784.000000
33421.000000
34032.000000
34643.000000
35249.000000
35874.000000
36484.000000
37102.000000
37720.000000
38338.000000
38955.000000
39572.000000
40194.000000
40806.000000
41415.000000
42026.000000
42639.000000
43229.000000
43874.000000
44468.000000
45095.000000
45704.000000
46317.000000
46932.000000
47546.000000
48159.000000
48773.000000
49388.000000
50005.000000
50621.000000
51238.000000
51855.000000
52465.000000
53075.000000
53694.000000
54313.000000
54934.000000
55546.000000
56166.000000
56784.000000
57407.000000
58028.000000
58653.000000
59278.000000
59900.000000
60523.000000
61148.000000
61777.000000
62408.000000
63036.000000
63624.000000
64293.000000
64895.000000
65534.000000
66144.000000
66778.000000
67395.000000
68017.000000
68628.000000
69247.000000
69861.000000
70479.000000
71087.000000
71713.000000
72309.000000
72936.000000
73524.000000
74155.000000
74737.000000
75396.000000
75997.000000
76627.000000
77238.000000
77862.000000
78481.000000
79097.000000
79714.000000
80331.000000
80943.000000
81560.000000
82179.000000
82798.000000
83418.000000
84031.000000
84645.000000
85230.000000
85871.000000
86476.000000
87104.000000
87678.000000
88336.000000
88932.000000
89558.000000
90155.000000
90781.000000
91377.000000
92004.000000
92614.000000
93227.000000
93825.000000
94457.000000
95049.000000
95689.000000
96298.000000
96928.000000
97550.000000
98181.000000
98808.000000
99433.000000
100058.000000
100684.000000
101312.000000
101937.000000
102561.000000
103185.000000
103805.000000
104426.000000
105048.000000
105652.000000
106296.000000
106910.000000
107531.000000
108148.000000
108761.000000
109382.000000
110008.000000
110624.000000
111242.000000
111863.000000
112488.000000
113114.000000
113741.000000
114370.000000
115000.000000
115631.000000
116257.000000
116886.000000
117524.000000
118157.000000
118786.000000
119419.000000
120046.000000
120674.000000
121304.000000
121934.000000
122526.000000
123192.000000
123808.000000
124460.000000
125081.000000
125720.000000
126344.000000
126979.000000
127585.000000
128233.000000
128831.000000
129505.000000
130117.000000
130766.000000
131374.000000
132015.000000
132643.000000
133279.000000
133910.000000
134543.000000
135172.000000
135807.000000
136434.000000
137060.000000
137686.000000
138309.000000
138941.000000
139534.000000
140191.000000
140792.000000
141432.000000
142035.000000
142673.000000
143278.000000
143918.000000
144526.000000
145156.000000
145750.000000
146396.000000
146995.000000
147635.000000
148248.000000
148859.000000
149434.000000
150073.000000
150660.000000
151283.000000
151873.000000
152489.000000
153068.000000
153702.000000
154291.000000
154909.000000
155480.000000
156112.000000
156715.000000
157330.000000
157926.000000
158550.000000
159146.000000
159762.000000
160370.000000
160986.000000
161599.000000
162214.000000
162824.000000
163435.000000
164049.000000
164664.000000
165275.000000
165875.000000
166492.000000
167102.000000
167709.000000
168314.000000
168934.000000
169536.000000
170150.000000
170763.000000
171382.000000
171998.000000
172618.000000
173238.000000
173857.000000
174472.000000
175099.000000
175721.000000
176353.000000
176976.000000
177603.000000
178224.000000
178846.000000
179469.000000
180099.000000
180719.000000
181342.000000
181968.000000
182590.000000
183210.000000
183818.000000
184441.000000
185028.000000
185664.000000
186249.000000
186895.000000
187500.000000
188129.000000
188728.000000
189354.000000
189943.000000
190591.000000
191198.000000
191822.000000
192428.000000
193049.000000
193661.000000
194277.000000
194898.000000
195514.000000
196127.000000
196745.000000
197367.000000
197995.000000
198621.000000
199247.000000
199872.000000
200501.000000
201124.000000
201745.000000
202369.000000
202989.000000
203612.000000
204226.000000
204836.000000
205453.000000
206071.000000
206694.000000
207321.000000
207943.000000
208564.000000
209181.000000
209800.000000
210423.000000
211042.000000
211662.000000
212289.000000
212917.000000
213547.000000
214173.000000
214813.000000
215454.000000
216088.000000
216722.000000
217355.000000
217980.000000
218606.000000
219233.000000
219855.000000
220475.000000
221093.000000
221708.000000
222323.000000
222945.000000
223567.000000
224186.000000
224800.000000
225413.000000
226027.000000
226643.000000
227259.000000
227870.000000
228480.000000
229091.000000
229707.000000
230320.000000
230937.000000
231556.000000
232172.000000
232787.000000
233405.000000
234022.000000
234613.000000
235240.000000
235853.000000
236465.000000
237077.000000
237692.000000
238309.000000
238923.000000
239548.000000
240173.000000
240793.000000
241412.000000
242035.000000
242657.000000
243275.000000
243889.000000
244505.000000
245121.000000
245741.000000
246357.000000
246983.000000
247574.000000
248205.000000
248793.000000
249432.000000
250023.000000
250645.000000
251220.000000
251850.000000
252445.000000
253057.000000
253661.000000
254277.000000
254890.000000
255502.000000
256115.000000
256730.000000
257342.000000
257955.000000
258567.000000
259183.000000
259801.000000
260416.000000
261027.000000
261641.000000
262251.000000
262867.000000
263485.000000
264100.000000
264714.000000
265326.000000
265944.000000
266568.000000
267193.000000
267816.000000
268439.000000
269057.000000
269671.000000
270284.000000
270897.000000
271515.000000
272131.000000
272743.000000
273352.000000
273945.000000
274582.000000
275202.000000
275831.000000
276459.000000
277082.000000
277710.000000
278327.000000
278944.000000
279568.000000
280188.000000
280809.000000
281426.000000
282046.000000
282660.000000
283282.000000
283903.000000
284529.000000
285156.000000
285782.000000
286400.000000
287023.000000
287644.000000
288265.000000
288885.000000
289517.000000
290140.000000
290760.000000
291376.000000
291994.000000
292609.000000
293224.000000
293843.000000
294458.000000
295070.000000
295691.000000
296313.000000
296916.000000
297559.000000
298166.000000
298801.000000
299420.000000
300045.000000
300665.000000
301288.000000
301913.000000
302533.000000
303151.000000
303765.000000
304385.000000
305005.000000
305626.000000
306248.000000
306652.000000
307476.000000
308104.000000
308724.000000
309341.000000
309951.000000
310557.000000
311166.000000
311780.000000
312391.000000
312999.000000
313603.000000
314209.000000
314822.000000
315435.000000
316051.000000
316665.000000
317280.000000
317896.000000
318515.000000
319133.000000
319749.000000
320361.000000
320971.000000
321577.000000
322185.000000
322794.000000
323380.000000
324014.000000
324610.000000
325235.000000
325818.000000
326458.000000
327068.000000
327687.000000
328300.000000
328921.000000
329532.000000
330148.000000
330762.000000
331379.000000
332006.000000
332625.000000
333239.000000
333858.000000
334479.000000
335098.000000
335720.000000
336318.000000
336963.000000
337583.000000
338206.000000
338796.000000
339453.000000
340077.000000
340700.000000
341321.000000
341947.000000
342580.000000
343208.000000
343837.000000
344450.000000
345097.000000
345728.000000
346363.000000
346991.000000
347619.000000
348246.000000
348876.000000
349507.000000
350142.000000
350776.000000
351404.000000
352029.000000
352664.000000
353295.000000
353927.000000
354551.000000
355173.000000
355800.000000
356429.000000
357058.000000
357682.000000
358306.000000
358922.000000
359546.000000
360162.000000
360793.000000
361394.000000
362025.000000
362642.000000
363258.000000
363879.000000
364500.000000
365120.000000
365743.000000
366362.000000
366980.000000
367594.000000
368181.000000
368822.000000
369409.000000
370042.000000
370621.000000
371257.000000
371855.000000
372475.000000
373064.000000
373692.000000
374299.000000
374913.000000
375519.000000
376128.000000
376741.000000
377349.000000
377960.000000
378569.000000
379177.000000
379784.000000
380396.000000
380987.000000
381614.000000
382222.000000
382836.000000
383447.000000
384067.000000
384687.000000
385296.000000
385913.000000
386526.000000
387140.000000
387753.000000
388374.000000
388989.000000
389598.000000
390209.000000
390817.000000
391433.000000
392047.000000
392658.000000
393267.000000
393875.000000
394487.000000
395105.000000
395720.000000
396331.000000
396943.000000
397553.000000
398165.000000
398777.000000
399386.000000
399996.000000
400605.000000
401211.000000
401822.000000
402433.000000
403046.000000
403663.000000
404274.000000
404888.000000
405504.000000
406123.000000
406741.000000
407355.000000
407963.000000
408574.000000
409188.000000
409793.000000
410416.000000
411003.000000
411637.000000
412248.000000
412863.000000
413482.000000
414106.000000
414728.000000
415351.000000
415977.000000
416605.000000
417236.000000
417868.000000
418498.000000
419120.000000
419746.000000
420373.000000
420999.000000
421628.000000
422255.000000
422876.000000
423490.000000
424101.000000
424712.000000
425322.000000
425941.000000
426545.000000
427188.000000
427794.000000
428423.000000
429025.000000
429671.000000
430293.000000
430924.000000
431544.000000
432165.000000
432782.000000
433409.000000
434032.000000
434663.000000
435292.000000
435922.000000
436554.000000
437183.000000
437820.000000
438432.000000
439073.000000
439680.000000
440318.000000
440929.000000
441564.000000
442165.000000
442810.000000
443411.000000
444046.000000
444639.000000
445284.000000
445888.000000
446518.000000
447120.000000
447755.000000
448358.000000
448987.000000
449581.000000
450212.000000
450790.000000
451409.000000
452007.000000
452618.000000
453198.000000
453827.000000
454434.000000
455044.000000
455635.000000
456258.000000
456856.000000
457472.000000
458052.000000
458685.000000
459287.000000
459904.000000
460503.000000
461115.000000
461689.000000
462314.000000
462916.000000
463526.000000
464128.000000
464749.000000
465360.000000
465970.000000
466580.000000
467191.000000
467806.000000
468423.000000
469038.000000
469638.000000
470262.000000
470875.000000
471488.000000
472103.000000
472722.000000
473335.000000
473948.000000
474560.000000
475176.000000
475795.000000
476414.000000
477032.000000
477645.000000
478256.000000
478874.000000
479493.000000
480113.000000
480738.000000
481353.000000
481969.000000
482584.000000
483194.000000
483824.000000
484444.000000
485062.000000
485684.000000
486307.000000
486928.000000
487549.000000
488175.000000
488797.000000
489416.000000
490034.000000
490647.000000
491265.000000
491885.000000
492504.000000
493121.000000
493735.000000
494355.000000
494971.000000
495594.000000
496210.000000
496828.000000
497445.000000
498061.000000
498679.000000
499299.000000
499919.000000
500535.000000
501150.000000
501773.000000
502394.000000
503015.000000
503632.000000
504253.000000
504868.000000
505482.000000
506099.000000
506710.000000
507324.000000
507936.000000
508556.000000
509142.000000
509771.000000
510371.000000
510994.000000
511583.000000
512221.000000
512833.000000
513452.000000
514064.000000
514684.000000
515303.000000
515922.000000
516537.000000
517153.000000
517771.000000
518390.000000
519008.000000
519626.000000
520245.000000
520862.000000
521475.000000
522098.000000
522721.000000
523342.000000
523957.000000
524574.000000
525168.000000
525811.000000
526429.000000
527051.000000
527671.000000
528292.000000
528915.000000
529540.000000
530163.000000
530784.000000
531403.000000
532024.000000
532643.000000
533261.000000
533878.000000
534498.000000
535119.000000
535740.000000
536359.000000
536958.000000
537602.000000
538229.000000
538852.000000
539473.000000
540093.000000
540713.000000
541331.000000
541953.000000
542578.000000
543200.000000
543818.000000
544435.000000
545052.000000
545672.000000
546294.000000
546917.000000
547537.000000
548154.000000
548774.000000
549398.000000
550022.000000
550645.000000
551265.000000
551886.000000
552509.000000
553129.000000
553751.000000
554375.000000
554995.000000
555612.000000
556233.000000
556856.000000
557481.000000
558105.000000
558724.000000
559342.000000
559963.000000
560590.000000
561215.000000
561841.000000
562460.000000
563078.000000
563693.000000
564316.000000
564937.000000
565559.000000
566177.000000
566794.000000
567409.000000
568028.000000
568647.000000
569267.000000
569887.000000
570504.000000
571115.000000
571729.000000
572349.000000
572967.000000
573584.000000
574202.000000
574817.000000
575437.000000
576057.000000
576677.000000
577298.000000
577920.000000
578537.000000
579154.000000
579777.000000
580397.000000
581018.000000
581636.000000
582253.000000
582870.000000
583483.000000
584102.000000
584720.000000
585338.000000
585961.000000
586578.000000
587194.000000
587815.000000
588434.000000
589056.000000
589677.000000
590301.000000
590926.000000
591547.000000
592169.000000
592795.000000
593414.000000
594034.000000
594657.000000
595285.000000
595909.000000
596536.000000
597157.000000
597705.000000
598380.000000
599010.000000
599631.000000
600253.000000
600871.000000
601482.000000
602093.000000
602691.000000
603320.000000
603930.000000
604548.000000
605159.000000
605768.000000
606376.000000
606982.000000
607595.000000
608208.000000
608811.000000
609415.000000
610024.000000
610632.000000
611241.000000
611846.000000
612448.000000
613052.000000
613660.000000
614269.000000
614878.000000
615486.000000
616092.000000
616697.000000
617305.000000
617912.000000
618520.000000
619126.000000
619731.000000
620336.000000
620943.000000
621550.000000
622165.000000
622771.000000
623379.000000
623989.000000
624602.000000
625216.000000
625835.000000
626449.000000
627059.000000
627670.000000
628288.000000
628902.000000
629521.000000
630139.000000
630759.000000
631371.000000
631985.000000
632601.000000
633222.000000
633840.000000
634455.000000
635075.000000
635700.000000
636322.000000
636946.000000
637569.000000
638189.000000
638809.000000
639430.000000
640049.000000
640672.000000
641295.000000
641917.000000
642536.000000
643153.000000
643775.000000
644397.000000
645013.000000
645619.000000
646217.000000
646817.000000
647423.000000
648036.000000
648618.000000
649260.000000
649881.000000
650503.000000
651133.000000
651759.000000
652385.000000
653009.000000
653637.000000
654264.000000
654893.000000
655521.000000
656151.000000
656775.000000
657406.000000
658042.000000
658672.000000
659300.000000
659925.000000
660544.000000
661165.000000
661795.000000
662416.000000
663044.000000
663667.000000
664289.000000
664908.000000
665529.000000
666151.000000
666772.000000
667397.000000
668025.000000
668644.000000
669261.000000
669881.000000
670507.000000
671131.000000
671738.000000
672372.000000
672983.000000
673610.000000
674240.000000
674865.000000
675488.000000
676109.000000
676731.000000
677354.000000
677974.000000
678598.000000
679223.000000
679844.000000
680464.000000
681081.000000
681704.000000
682325.000000
682944.000000
683561.000000
684178.000000
684792.000000
685413.000000
686033.000000
686650.000000
687250.000000
687877.000000
688481.000000
689102.000000
689692.000000
690320.000000
690919.000000
691536.000000
692146.000000
692761.000000
693376.000000
693987.000000
694591.000000
695202.000000
695809.000000
696418.000000
697026.000000
697634.000000
698236.000000
698838.000000
699444.000000
700048.000000
700655.000000
701268.000000
701875.000000
702482.000000
703092.000000
703707.000000
704324.000000
704938.000000
705549.000000
706167.000000
706782.000000
707392.000000
707999.000000
708606.000000
709216.000000
709827.000000
710433.000000
711042.000000
711648.000000
712262.000000
712878.000000
713490.000000
714103.000000
714720.000000
715340.000000
715962.000000
716583.000000
717200.000000
717819.000000
718439.000000
719059.000000
719678.000000
720301.000000
720912.000000
721522.000000
722135.000000
722751.000000
723368.000000
723986.000000
724604.000000
725221.000000
725836.000000
726453.000000
727076.000000
727704.000000
728327.000000
728946.000000
729567.000000
730190.000000
730813.000000
731437.000000
732061.000000
732681.000000
733302.000000
733919.000000
734544.000000
735166.000000
735784.000000
736405.000000
737024.000000
737644.000000
738266.000000
738887.000000
739504.000000
740125.000000
740748.000000
741374.000000
741997.000000
742619.000000
743249.000000
743876.000000
744508.000000
745141.000000
745769.000000
746392.000000
747021.000000
747654.000000
748289.000000
748917.000000
749548.000000
750176.000000
750803.000000
751429.000000
752061.000000
752695.000000
753326.000000
753956.000000
754583.000000
755206.000000
755836.000000
756470.000000
757100.000000
757730.000000
758363.000000
758984.000000
759633.000000
760264.000000
760902.000000
761535.000000
762163.000000
762793.000000
763422.000000
764055.000000
764671.000000
765300.000000
765909.000000
766551.000000
767175.000000
767809.000000
768420.000000
769060.000000
769690.000000
770315.000000
770946.000000
771575.000000
772198.000000
772822.000000
773443.000000
774064.000000
774685.000000
775314.000000
775939.000000
776555.000000
777170.000000
777790.000000
778409.000000
779029.000000
779647.000000
780264.000000
780887.000000
781507.000000
782127.000000
782745.000000
783362.000000
783980.000000
784598.000000
785206.000000
785833.000000
786435.000000
787064.000000
787661.000000
788292.000000
788906.000000
789523.000000
790138.000000
790758.000000
791374.000000
791988.000000
792601.000000
793221.000000
793848.000000
794470.000000
795092.000000
795717.000000
796343.000000
796971.000000
797601.000000
798230.000000
798849.000000
799478.000000
800105.000000
800736.000000
801375.000000
802004.000000
802630.000000
803263.000000
803899.000000
804539.000000
805169.000000
805798.000000
806419.000000
807044.000000
807664.000000
808285.000000
808904.000000
809526.000000
810144.000000
810759.000000
811377.000000
811994.000000
812611.000000
813231.000000
813852.000000
814469.000000
815080.000000
815689.000000
816298.000000
816910.000000
817523.000000
818133.000000
818741.000000
819350.000000
819961.000000
820570.000000
821183.000000
821774.000000
822394.000000
822987.000000
823603.000000
824212.000000
824823.000000
825432.000000
826034.000000
826645.000000
827255.000000
827861.000000
828472.000000
829086.000000
829694.000000
830298.000000
830901.000000
831510.000000
832117.000000
832726.000000
833332.000000
833936.000000
834537.000000
835140.000000
835745.000000
836350.000000
836956.000000
837567.000000
838171.000000
838774.000000
839384.000000
839998.000000
840617.000000
841235.000000
841853.000000
842468.000000
843080.000000
843693.000000
844306.000000
844922.000000
845536.000000
846146.000000
846745.000000
847362.000000
847977.000000
848592.000000
849214.000000
849835.000000
850454.000000
851072.000000
851697.000000
852327.000000
852955.000000
853582.000000
854219.000000
854858.000000
855488.000000
856117.000000
856750.000000
857371.000000
857994.000000
858617.000000
859225.000000
859873.000000
860493.000000
861129.000000
861742.000000
862381.000000
863010.000000
863646.000000
864278.000000
864697.000000
865575.000000
866410.000000
867037.000000
867810.000000
868367.000000
869189.000000
869756.000000
870564.000000
871118.000000
871923.000000
872483.000000
873285.000000
873841.000000
874653.000000
875215.000000
876029.000000
876585.000000
877393.000000
877950.000000
878748.000000
879304.000000
880135.000000
880700.000000
881509.000000
882071.000000
882876.000000
883431.000000
884221.000000
884773.000000
885561.000000
886112.000000
886893.000000
887440.000000
888240.000000
888799.000000
889579.000000
890124.000000
890909.000000
891458.000000
892248.000000
892797.000000
893594.000000
894147.000000
894945.000000
895498.000000
896319.000000
896888.000000
897702.000000
898264.000000
899084.000000
899649.000000
900487.000000
