Peaks (s)
705.000000
1475.000000
2208.000000
2916.000000
3625.000000
4352.000000
5112.000000
5874.000000
6626.000000
7342.000000
8069.000000
8813.000000
9594.000000
10350.000000
11069.000000
11783.000000
12512.000000
13273.000000
14048.000000
14803.000000
15533.000000
16288.000000
17076.000000
17874.000000
18634.000000
19373.000000
20130.000000
20900.000000
21671.000000
22418.000000
23140.000000
23878.000000
24628.000000
25383.000000
26124.000000
26846.000000
27574.000000
28313.000000
29063.000000
29819.000000
30549.000000
31262.000000
31975.000000
32724.000000
33522.000000
34320.000000
35085.000000
35841.000000
36620.000000
37404.000000
38199.000000
38967.000000
39701.000000
40431.000000
41180.000000
41947.000000
42719.000000
43472.000000
44216.000000
44995.000000
45794.000000
46605.000000
47406.000000
48196.000000
48945.000000
49688.000000
50484.000000
51300.000000
52168.000000
53078.000000
53894.000000
54662.000000
55405.000000
56186.000000
56989.000000
57822.000000
58639.000000
59424.000000
60181.000000
60934.000000
61742.000000
62556.000000
63389.000000
64196.000000
64993.000000
65734.000000
66455.000000
67173.000000
67934.000000
68754.000000
69581.000000
70418.000000
71226.000000
71997.000000
72815.000000
73665.000000
74559.000000
75432.000000
76242.000000
76997.000000
77772.000000
78567.000000
79396.000000
80228.000000
81023.000000
81781.000000
82586.000000
83435.000000
84344.000000
85232.000000
86064.000000
86854.000000
87634.000000
88468.000000
89319.000000
90172.000000
90993.000000
91782.000000
92544.000000
93316.000000
94125.000000
94937.000000
95761.000000
96552.000000
97312.000000
98044.000000
98792.000000
99593.000000
100451.000000
101286.000000
102066.000000
102814.000000
103596.000000
104415.000000
105264.000000
106099.000000
106869.000000
107655.000000
108483.000000
109326.000000
110156.000000
110939.000000
111693.000000
112470.000000
113272.000000
114107.000000
114929.000000
115737.000000
116508.000000
117331.000000
118181.000000
119064.000000
119927.000000
120744.000000
121567.000000
122409.000000
123271.000000
124104.000000
124889.000000
125640.000000
126457.000000
127332.000000
128258.000000
129114.000000
129912.000000
130712.000000
131542.000000
132402.000000
133270.000000
134119.000000
134898.000000
135656.000000
136459.000000
137282.000000
138153.000000
139011.000000
139843.000000
140718.000000
141629.000000
142567.000000
143445.000000
144229.000000
144979.000000
145740.000000
146541.000000
147368.000000
148194.000000
148974.000000
149726.000000
150507.000000
151339.000000
152203.000000
153076.000000
153908.000000
154732.000000
155484.000000
156227.000000
157010.000000
157815.000000
158645.000000
159498.000000
160331.000000
161131.000000
161950.000000
162812.000000
163728.000000
164620.000000
165484.000000
166314.000000
167125.000000
167880.000000
168622.000000
169395.000000
170208.000000
171055.000000
171894.000000
172680.000000
173466.000000
174304.000000
175158.000000
175967.000000
176717.000000
177444.000000
178174.000000
178938.000000
179661.000000
180351.000000
181071.000000
181819.000000
182583.000000
183335.000000
184078.000000
184868.000000
185681.000000
186501.000000
187294.000000
188072.000000
188817.000000
189600.000000
190394.000000
191199.000000
192003.000000
192773.000000
193517.000000
194274.000000
195082.000000
195943.000000
196806.000000
197608.000000
198360.000000
199107.000000
199874.000000
200672.000000
201478.000000
202253.000000
202984.000000
203710.000000
204456.000000
205221.000000
206004.000000
206773.000000
207525.000000
208253.000000
209023.000000
209840.000000
210669.000000
211464.000000
212214.000000
212925.000000
213624.000000
214333.000000
215067.000000
215839.000000
216621.000000
217365.000000
218091.000000
218818.000000
219565.000000
220316.000000
221082.000000
221842.000000
222572.000000
223277.000000
223981.000000
224725.000000
225548.000000
226413.000000
227268.000000
228091.000000
228863.000000
229597.000000
230342.000000
231132.000000
231962.000000
232801.000000
233613.000000
234383.000000
235113.000000
235856.000000
236629.000000
237437.000000
238253.000000
239047.000000
239796.000000
240515.000000
241243.000000
241996.000000
242779.000000
243572.000000
244337.000000
245058.000000
245784.000000
246536.000000
247332.000000
248147.000000
248942.000000
249712.000000
250441.000000
251182.000000
251973.000000
252812.000000
253661.000000
254502.000000
255288.000000
256012.000000
256728.000000
257470.000000
258248.000000
259058.000000
259838.000000
260586.000000
261310.000000
262063.000000
262827.000000
263612.000000
264375.000000
265117.000000
265861.000000
266635.000000
267439.000000
268237.000000
268991.000000
269715.000000
270450.000000
271207.000000
271988.000000
272756.000000
273491.000000
274242.000000
275026.000000
275835.000000
276636.000000
277399.000000
278142.000000
278913.000000
279696.000000
280496.000000
281253.000000
282000.000000
282788.000000
283605.000000
284415.000000
285199.000000
285948.000000
286710.000000
287469.000000
288222.000000
288991.000000
289737.000000
290466.000000
291218.000000
292014.000000
292853.000000
293724.000000
294534.000000
295302.000000
296029.000000
296757.000000
297513.000000
298290.000000
299075.000000
299834.000000
300567.000000
301287.000000
302043.000000
302821.000000
303609.000000
304392.000000
305135.000000
305855.000000
306559.000000
307273.000000
307990.000000
308734.000000
309472.000000
310184.000000
310883.000000
311575.000000
312284.000000
313025.000000
313775.000000
314508.000000
315230.000000
315946.000000
316660.000000
317376.000000
318120.000000
318860.000000
319598.000000
320328.000000
321058.000000
321749.000000
322421.000000
323092.000000
323802.000000
324586.000000
325431.000000
326321.000000
327157.000000
327912.000000
328645.000000
329418.000000
330227.000000
331058.000000
331839.000000
332593.000000
333351.000000
334143.000000
334938.000000
335754.000000
336556.000000
337317.000000
338046.000000
338768.000000
339517.000000
340299.000000
341083.000000
341858.000000
342605.000000
343346.000000
344141.000000
344954.000000
345773.000000
346567.000000
347326.000000
348055.000000
348787.000000
349551.000000
350351.000000
351176.000000
351974.000000
352726.000000
353465.000000
354223.000000
355019.000000
355829.000000
356609.000000
357342.000000
358079.000000
358830.000000
359607.000000
360387.000000
361133.000000
361856.000000
362589.000000
363367.000000
364156.000000
364985.000000
365803.000000
366598.000000
367344.000000
368062.000000
368798.000000
369559.000000
370344.000000
371147.000000
371949.000000
372714.000000
373467.000000
374259.000000
375103.000000
375942.000000
376740.000000
377502.000000
378278.000000
379066.000000
379868.000000
380634.000000
381378.000000
382149.000000
382961.000000
383799.000000
384611.000000
385387.000000
386160.000000
386952.000000
387754.000000
388550.000000
389317.000000
390090.000000
390887.000000
391694.000000
392521.000000
393293.000000
394037.000000
394789.000000
395590.000000
396421.000000
397251.000000
398058.000000
398863.000000
399713.000000
400637.000000
401494.000000
402296.000000
403111.000000
403955.000000
404812.000000
405675.000000
406506.000000
407349.000000
408258.000000
409181.000000
410070.000000
410889.000000
411660.000000
412428.000000
413258.000000
414106.000000
414933.000000
415742.000000
416516.000000
417303.000000
418131.000000
418951.000000
419749.000000
420522.000000
421294.000000
422104.000000
422909.000000
423712.000000
424476.000000
425232.000000
426015.000000
426801.000000
427610.000000
428401.000000
429155.000000
429906.000000
430690.000000
431490.000000
432308.000000
433113.000000
433900.000000
434695.000000
435501.000000
436329.000000
437158.000000
437955.000000
438721.000000
439474.000000
440237.000000
441005.000000
441773.000000
442535.000000
443294.000000
444058.000000
444838.000000
445640.000000
446418.000000
447162.000000
447880.000000
448615.000000
449366.000000
450148.000000
450892.000000
451620.000000
452359.000000
453120.000000
453901.000000
454660.000000
455395.000000
456131.000000
456880.000000
457636.000000
458382.000000
459107.000000
459814.000000
460533.000000
461284.000000
462062.000000
462816.000000
463533.000000
464251.000000
464988.000000
465744.000000
466488.000000
467209.000000
467925.000000
468664.000000
469432.000000
470221.000000
470979.000000
471696.000000
472413.000000
473143.000000
473898.000000
474639.000000
475361.000000
476061.000000
476772.000000
477501.000000
478263.000000
479011.000000
479729.000000
480446.000000
481177.000000
481937.000000
482694.000000
483426.000000
484134.000000
484837.000000
485553.000000
486276.000000
487002.000000
487716.000000
488413.000000
489128.000000
489860.000000
490611.000000
491364.000000
492079.000000
492774.000000
493466.000000
494174.000000
494892.000000
495625.000000
496333.000000
497026.000000
497740.000000
498477.000000
499237.000000
499997.000000
500729.000000
501440.000000
502158.000000
502886.000000
503640.000000
504396.000000
505137.000000
505847.000000
506559.000000
507286.000000
508056.000000
508840.000000
509601.000000
510329.000000
511043.000000
511769.000000
512507.000000
513270.000000
514037.000000
514768.000000
515483.000000
516239.000000
517017.000000
517824.000000
518605.000000
519358.000000
520083.000000
520863.000000
521692.000000
522531.000000
523341.000000
524114.000000
524862.000000
525666.000000
526504.000000
527381.000000
528216.000000
528994.000000
529769.000000
530580.000000
531428.000000
532289.000000
533097.000000
533874.000000
534647.000000
535453.000000
536295.000000
537137.000000
537933.000000
538716.000000
539525.000000
540359.000000
541199.000000
541988.000000
542754.000000
543535.000000
544340.000000
545158.000000
545940.000000
546687.000000
547463.000000
548265.000000
549120.000000
549959.000000
550790.000000
551633.000000
552534.000000
553406.000000
554249.000000
555055.000000
555845.000000
556699.000000
557570.000000
558439.000000
559267.000000
560054.000000
560839.000000
561644.000000
562465.000000
563267.000000
564018.000000
564774.000000
565574.000000
566415.000000
567222.000000
567975.000000
568720.000000
569483.000000
570260.000000
571023.000000
571755.000000
572502.000000
573272.000000
574064.000000
574836.000000
575587.000000
576354.000000
577118.000000
577874.000000
578603.000000
579316.000000
580040.000000
580779.000000
581553.000000
582334.000000
583086.000000
583816.000000
584564.000000
585338.000000
586129.000000
586892.000000
587630.000000
588362.000000
589130.000000
589924.000000
590722.000000
591492.000000
592240.000000
593003.000000
593767.000000
594521.000000
595252.000000
595962.000000
596674.000000
597401.000000
598137.000000
598857.000000
599569.000000
600294.000000
601028.000000
601760.000000
602473.000000
603185.000000
603905.000000
604645.000000
605385.000000
606122.000000
606834.000000
607551.000000
608278.000000
609022.000000
609767.000000
610500.000000
611203.000000
611894.000000
612588.000000
613296.000000
614017.000000
614729.000000
615436.000000
616162.000000
616921.000000
617704.000000
618474.000000
619219.000000
619952.000000
620724.000000
621532.000000
622369.000000
623170.000000
623923.000000
624683.000000
625456.000000
626239.000000
627019.000000
627773.000000
628540.000000
629341.000000
630162.000000
630956.000000
631719.000000
632452.000000
633152.000000
633850.000000
634584.000000
635384.000000
636206.000000
637023.000000
637778.000000
638489.000000
639215.000000
639983.000000
640788.000000
641592.000000
642364.000000
643100.000000
643822.000000
644566.000000
645329.000000
646133.000000
646892.000000
647638.000000
648397.000000
649178.000000
650001.000000
650797.000000
651546.000000
652277.000000
653018.000000
653799.000000
654608.000000
655421.000000
656203.000000
656966.000000
657754.000000
658556.000000
659377.000000
660165.000000
660910.000000
661629.000000
662348.000000
663083.000000
663839.000000
664600.000000
665330.000000
666054.000000
666802.000000
667575.000000
668350.000000
669099.000000
669836.000000
670589.000000
671375.000000
672157.000000
672910.000000
673635.000000
674362.000000
675117.000000
675890.000000
676672.000000
677420.000000
678141.000000
678881.000000
679623.000000
680371.000000
681121.000000
681852.000000
682566.000000
683294.000000
684033.000000
684788.000000
685533.000000
686259.000000
686972.000000
687687.000000
688412.000000
689167.000000
689953.000000
690728.000000
691468.000000
692191.000000
692939.000000
693708.000000
694502.000000
695314.000000
696094.000000
696836.000000
697578.000000
698354.000000
699148.000000
699960.000000
700759.000000
701539.000000
702302.000000
703095.000000
703917.000000
704757.000000
705569.000000
706365.000000
707124.000000
707862.000000
708610.000000
709424.000000
710308.000000
711202.000000
712091.000000
712912.000000
713689.000000
714475.000000
715282.000000
716100.000000
716931.000000
717719.000000
718493.000000
719284.000000
720089.000000
720908.000000
721714.000000
722499.000000
723257.000000
724025.000000
724797.000000
725586.000000
726372.000000
727138.000000
727890.000000
728655.000000
729460.000000
730278.000000
731093.000000
731881.000000
732647.000000
733447.000000
734293.000000
735161.000000
735994.000000
736766.000000
737532.000000
738326.000000
739145.000000
739992.000000
740806.000000
741602.000000
742462.000000
743328.000000
744169.000000
744992.000000
745862.000000
746732.000000
747552.000000
748331.000000
749174.000000
750040.000000
750907.000000
751731.000000
752537.000000
753358.000000
754189.000000
754982.000000
755743.000000
756517.000000
757290.000000
758075.000000
758849.000000
759615.000000
760416.000000
761240.000000
762078.000000
762885.000000
763660.000000
764462.000000
765272.000000
766123.000000
766939.000000
767727.000000
768531.000000
769361.000000
770218.000000
771061.000000
771866.000000
772662.000000
773502.000000
774392.000000
775309.000000
776200.000000
777059.000000
777948.000000
778840.000000
779678.000000
780479.000000
781285.000000
782129.000000
783021.000000
783911.000000
784755.000000
785652.000000
786577.000000
787499.000000
788377.000000
789225.000000
790094.000000
790979.000000
791870.000000
792740.000000
793589.000000
794445.000000
795287.000000
796123.000000
796921.000000
797681.000000
798473.000000
799302.000000
800149.000000
800984.000000
801778.000000
802579.000000
803406.000000
804236.000000
805070.000000
805902.000000
806702.000000
807510.000000
808332.000000
809164.000000
809980.000000
810769.000000
811540.000000
812344.000000
813177.000000
814023.000000
814838.000000
815620.000000
816404.000000
817212.000000
818019.000000
818824.000000
819624.000000
820447.000000
821300.000000
822124.000000
822912.000000
823701.000000
824519.000000
825346.000000
826146.000000
826896.000000
827665.000000
828438.000000
829214.000000
830006.000000
830767.000000
831502.000000
832246.000000
833042.000000
833862.000000
834646.000000
835363.000000
836075.000000
836776.000000
837501.000000
838236.000000
838952.000000
839647.000000
840326.000000
840991.000000
841673.000000
842370.000000
843085.000000
843791.000000
844507.000000
845235.000000
845978.000000
846724.000000
847449.000000
848165.000000
848892.000000
849652.000000
850427.000000
851183.000000
851928.000000
852679.000000
853437.000000
854220.000000
855011.000000
855784.000000
856544.000000
857334.000000
858134.000000
858945.000000
859728.000000
860497.000000
861288.000000
862103.000000
862887.000000
863682.000000
864474.000000
865271.000000
866090.000000
866847.000000
867602.000000
868375.000000
869161.000000
869951.000000
870726.000000
871507.000000
872292.000000
873077.000000
873868.000000
874626.000000
875367.000000
876110.000000
876867.000000
877659.000000
878457.000000
879225.000000
879992.000000
880801.000000
881630.000000
882453.000000
883239.000000
884005.000000
884788.000000
885597.000000
886429.000000
887233.000000
888017.000000
888816.000000
889628.000000
890453.000000
891265.000000
892058.000000
892869.000000
893686.000000
894517.000000
895335.000000
896121.000000
896900.000000
897716.000000
898529.000000
899349.000000
