Peaks (s)
569.000000
2051.000000
3508.000000
5034.000000
6480.000000
7954.000000
9510.000000
10988.000000
12447.000000
13966.000000
15318.000000
16805.000000
18330.000000
19849.000000
21381.000000
22776.000000
24316.000000
25854.000000
27213.000000
28713.000000
30264.000000
31758.000000
33189.000000
34725.000000
36218.000000
37796.000000
39268.000000
40824.000000
42382.000000
43878.000000
45423.000000
47083.000000
48648.000000
50166.000000
51722.000000
53225.000000
54753.000000
56188.000000
57673.000000
59222.000000
60720.000000
62292.000000
63793.000000
65314.000000
66767.000000
68270.000000
69734.000000
71301.000000
72729.000000
74141.000000
75515.000000
76977.000000
78444.000000
79818.000000
81107.000000
82641.000000
84132.000000
85593.000000
87023.000000
88473.000000
89957.000000
91479.000000
92937.000000
94499.000000
96051.000000
97445.000000
98902.000000
100359.000000
101879.000000
103343.000000
104911.000000
106386.000000
107878.000000
109308.000000
110773.000000
112259.000000
113734.000000
115202.000000
116550.000000
118041.000000
119457.000000
120867.000000
122285.000000
123709.000000
125197.000000
126592.000000
128011.000000
129519.000000
130999.000000
132469.000000
133819.000000
135417.000000
136834.000000
138348.000000
139771.000000
141173.000000
142634.000000
144006.000000
145436.000000
146917.000000
148306.000000
149731.000000
151204.000000
152584.000000
154051.000000
155503.000000
156944.000000
158386.000000
159771.000000
161251.000000
162662.000000
164188.000000
165623.000000
167125.000000
168576.000000
170074.000000
171512.000000
172967.000000
174413.000000
175940.000000
177418.000000
178890.000000
180339.000000
181768.000000
183154.000000
184622.000000
186031.000000
187516.000000
188944.000000
190368.000000
191829.000000
193219.000000
194683.000000
196104.000000
197564.000000
198983.000000
200461.000000
201844.000000
203233.000000
204676.000000
206091.000000
207565.000000
208970.000000
210412.000000
211848.000000
213245.000000
214657.000000
216061.000000
217500.000000
218873.000000
220316.000000
221713.000000
223118.000000
224517.000000
225936.000000
227443.000000
228868.000000
230404.000000
231895.000000
233377.000000
234815.000000
236348.000000
237782.000000
239227.000000
240735.000000
242185.000000
243695.000000
245101.000000
246565.000000
248062.000000
249510.000000
251033.000000
252500.000000
254003.000000
255500.000000
257013.000000
258396.000000
259942.000000
261466.000000
263042.000000
264580.000000
266051.000000
267601.000000
269053.000000
270557.000000
271988.000000
273472.000000
274853.000000
276344.000000
277809.000000
279236.000000
280755.000000
282192.000000
283666.000000
285098.000000
286580.000000
288011.000000
289500.000000
290931.000000
292413.000000
293856.000000
295322.000000
296769.000000
298211.000000
299629.000000
301125.000000
302503.000000
303947.000000
305373.000000
306850.000000
308367.000000
309864.000000
311400.000000
312874.000000
314361.000000
315907.000000
317474.000000
319044.000000
320580.000000
322150.000000
323644.000000
325142.000000
326650.000000
328135.000000
329659.000000
331233.000000
332737.000000
334237.000000
335764.000000
337287.000000
338898.000000
340378.000000
341844.000000
343338.000000
344883.000000
346305.000000
347763.000000
349238.000000
350670.000000
351725.000000
353237.000000
354708.000000
356120.000000
357071.000000
358539.000000
359991.000000
361404.000000
362783.000000
364196.000000
365574.000000
366906.000000
368234.000000
369634.000000
370958.000000
372330.000000
373617.000000
374977.000000
376321.000000
377583.000000
378932.000000
380267.000000
381684.000000
383039.000000
384439.000000
385840.000000
387298.000000
388719.000000
390049.000000
391523.000000
392948.000000
394484.000000
395940.000000
397416.000000
398832.000000
400216.000000
401677.000000
403130.000000
404556.000000
406058.000000
407436.000000
408776.000000
410179.000000
411677.000000
413066.000000
414523.000000
415974.000000
417472.000000
418980.000000
420371.000000
421808.000000
423234.000000
424725.000000
426193.000000
427625.000000
429126.000000
430580.000000
432028.000000
433450.000000
434855.000000
436309.000000
437698.000000
439137.000000
440570.000000
442003.000000
443433.000000
444869.000000
446295.000000
447680.000000
449184.000000
450636.000000
452144.000000
453598.000000
455100.000000
456534.000000
457973.000000
459423.000000
460964.000000
462436.000000
463906.000000
465391.000000
466829.000000
468274.000000
469712.000000
471140.000000
472610.000000
474052.000000
475562.000000
477055.000000
478500.000000
479944.000000
481423.000000
482874.000000
484363.000000
485800.000000
487236.000000
488620.000000
490054.000000
491434.000000
492852.000000
494193.000000
495615.000000
496973.000000
498402.000000
499712.000000
501143.000000
502534.000000
503890.000000
505296.000000
506689.000000
508102.000000
509472.000000
510851.000000
512225.000000
513572.000000
514960.000000
516316.000000
517699.000000
519045.000000
520472.000000
521882.000000
523290.000000
524718.000000
526165.000000
527628.000000
529092.000000
530568.000000
532055.000000
533502.000000
534971.000000
536479.000000
537988.000000
539486.000000
540937.000000
542407.000000
543868.000000
545300.000000
546618.000000
548093.000000
549508.000000
550950.000000
552396.000000
553868.000000
555204.000000
556655.000000
558094.000000
559508.000000
560953.000000
562371.000000
563813.000000
565238.000000
566746.000000
568156.000000
569599.000000
571019.000000
572538.000000
574007.000000
575522.000000
576963.000000
578439.000000
579879.000000
581352.000000
582818.000000
584255.000000
585691.000000
587098.000000
588571.000000
590011.000000
591416.000000
592866.000000
594201.000000
595669.000000
597058.000000
598516.000000
599945.000000
601353.000000
602796.000000
604212.000000
605664.000000
607036.000000
608423.000000
609792.000000
611197.000000
612574.000000
614005.000000
615353.000000
616769.000000
618086.000000
619506.000000
620895.000000
622368.000000
623760.000000
625164.000000
626570.000000
627981.000000
629335.000000
630765.000000
632089.000000
633489.000000
634859.000000
636228.000000
637590.000000
638960.000000
640309.000000
641700.000000
643064.000000
644448.000000
645756.000000
647158.000000
648437.000000
649840.000000
651198.000000
652558.000000
653924.000000
655263.000000
656657.000000
658004.000000
659401.000000
660717.000000
662119.000000
663452.000000
664871.000000
666211.000000
667605.000000
668989.000000
670420.000000
671884.000000
673315.000000
674767.000000
676152.000000
677573.000000
678978.000000
680387.000000
681782.000000
683221.000000
684560.000000
686007.000000
687375.000000
688756.000000
690190.000000
691553.000000
692910.000000
694274.000000
695606.000000
696958.000000
698261.000000
699650.000000
700900.000000
702266.000000
703524.000000
704805.000000
706184.000000
707534.000000
708944.000000
710274.000000
711655.000000
712656.000000
713564.000000
715105.000000
716598.000000
717903.000000
719132.000000
720477.000000
721872.000000
723130.000000
724456.000000
725803.000000
726835.000000
728298.000000
729623.000000
731031.000000
732373.000000
733800.000000
735191.000000
736634.000000
738072.000000
739510.000000
740902.000000
742320.000000
743690.000000
745140.000000
746484.000000
747935.000000
749323.000000
750763.000000
752124.000000
753554.000000
754916.000000
756375.000000
757775.000000
759222.000000
760649.000000
762113.000000
763508.000000
764943.000000
766307.000000
767722.000000
769121.000000
770555.000000
771988.000000
773396.000000
774846.000000
776268.000000
777718.000000
779161.000000
780597.000000
782005.000000
783424.000000
784837.000000
786270.000000
787684.000000
789138.000000
790533.000000
791968.000000
793367.000000
794832.000000
796091.000000
797581.000000
799004.000000
800453.000000
801857.000000
803217.000000
804577.000000
805591.000000
807095.000000
808469.000000
809934.000000
811330.000000
812723.000000
814133.000000
815447.000000
816834.000000
818205.000000
819656.000000
821021.000000
822477.000000
823854.000000
825297.000000
826680.000000
828070.000000
829513.000000
830868.000000
832285.000000
833600.000000
835040.000000
836457.000000
837896.000000
839390.000000
840830.000000
842354.000000
843799.000000
845242.000000
846657.000000
848123.000000
849424.000000
850930.000000
852235.000000
853667.000000
855161.000000
856599.000000
857985.000000
859392.000000
860861.000000
862273.000000
863738.000000
865135.000000
866551.000000
867941.000000
869407.000000
870774.000000
872129.000000
873455.000000
874611.000000
875589.000000
877047.000000
878352.000000
879730.000000
880979.000000
882357.000000
883644.000000
884927.000000
886306.000000
887569.000000
888968.000000
890311.000000
891686.000000
893119.000000
894494.000000
895836.000000
897327.000000
898640.000000
900038.000000
901215.000000
902552.000000
903883.000000
905090.000000
906362.000000
907735.000000
909090.000000
910425.000000
911780.000000
913190.000000
914605.000000
916064.000000
917434.000000
918852.000000
920234.000000
921617.000000
923038.000000
924378.000000
925801.000000
927105.000000
928455.000000
929910.000000
931209.000000
932609.000000
934070.000000
935525.000000
936930.000000
938331.000000
939868.000000
941299.000000
942712.000000
944083.000000
945509.000000
946933.000000
948330.000000
949727.000000
951142.000000
952470.000000
953862.000000
954818.000000
955706.000000
957230.000000
958628.000000
959882.000000
961301.000000
962687.000000
964051.000000
965446.000000
966851.000000
968236.000000
969628.000000
971047.000000
972419.000000
973775.000000
975185.000000
976513.000000
977819.000000
979183.000000
980507.000000
981931.000000
983273.000000
984685.000000
986054.000000
987359.000000
988822.000000
990118.000000
991295.000000
992328.000000
993900.000000
995276.000000
996588.000000
997947.000000
999343.000000
1000701.000000
1002136.000000
1003501.000000
1004911.000000
1006272.000000
1007646.000000
1008959.000000
1010345.000000
1011672.000000
1013078.000000
1014478.000000
1015925.000000
1017365.000000
1018793.000000
1020270.000000
1021703.000000
1023170.000000
1024608.000000
1026045.000000
1027507.000000
1028962.000000
1030336.000000
1031800.000000
1033221.000000
1034629.000000
1036082.000000
1037607.000000
1039036.000000
1040500.000000
1041835.000000
1043300.000000
1044555.000000
1045680.000000
1047154.000000
1048582.000000
1050093.000000
1051503.000000
1052923.000000
1054364.000000
1055780.000000
1057268.000000
1058727.000000
1060105.000000
1061485.000000
1062844.000000
1064160.000000
1065588.000000
1066978.000000
1068389.000000
1069811.000000
1071193.000000
1072607.000000
1073952.000000
1075414.000000
1076805.000000
1078283.000000
1079704.000000
1081153.000000
1082568.000000
1084009.000000
1085385.000000
1086828.000000
1088292.000000
1089730.000000
1091137.000000
1092538.000000
1094016.000000
1095501.000000
1096995.000000
1098426.000000
1099889.000000
1101304.000000
1102792.000000
1104233.000000
1105725.000000
1107148.000000
1108577.000000
1109956.000000
1111446.000000
1112848.000000
1114296.000000
1115663.000000
1117049.000000
1118270.000000
1119574.000000
1120537.000000
1121954.000000
1123336.000000
1124317.000000
1125529.000000
1126933.000000
1128144.000000
1129519.000000
1130865.000000
1132181.000000
1133594.000000
1134884.000000
1136277.000000
1137695.000000
1139098.000000
1140436.000000
1141813.000000
1143065.000000
1144410.000000
1145799.000000
1147124.000000
1148529.000000
1149816.000000
1151245.000000
1152592.000000
1154042.000000
1155427.000000
1156885.000000
1158273.000000
1159721.000000
1161157.000000
1162617.000000
1164044.000000
1165493.000000
1166976.000000
1168436.000000
1169882.000000
1171328.000000
1172801.000000
1174272.000000
1175785.000000
1177265.000000
1178735.000000
1180210.000000
1181695.000000
1183102.000000
1184562.000000
1186030.000000
1187567.000000
1189048.000000
1190529.000000
1191948.000000
1193437.000000
1194858.000000
1196419.000000
1197810.000000
1199306.000000
1200670.000000
1202096.000000
1203376.000000
1204764.000000
1206074.000000
1207500.000000
1208805.000000
1210207.000000
1211509.000000
1212878.000000
1214171.000000
1215576.000000
1216851.000000
1218222.000000
1219554.000000
1220875.000000
1222038.000000
1223085.000000
1224423.000000
1225777.000000
1227085.000000
1228400.000000
1229779.000000
1231118.000000
1232506.000000
1233878.000000
1235273.000000
1236612.000000
1238069.000000
1239435.000000
1240815.000000
1241861.000000
1242765.000000
1244267.000000
1245704.000000
1247059.000000
1248309.000000
1249592.000000
1250985.000000
1252271.000000
1253625.000000
1254870.000000
