Peaks (s)
1083.000000
1996.000000
2914.000000
3834.000000
4711.000000
5644.000000
6619.000000
7618.000000
8591.000000
9506.000000
10515.000000
11515.000000
12482.000000
13388.000000
14363.000000
15362.000000
16368.000000
17380.000000
18311.000000
19279.000000
20289.000000
21294.000000
22280.000000
23203.000000
24094.000000
25055.000000
26038.000000
27024.000000
28023.000000
28967.000000
29890.000000
30882.000000
31886.000000
32886.000000
33879.000000
34829.000000
35827.000000
36841.000000
37839.000000
38803.000000
39720.000000
40706.000000
41695.000000
42680.000000
43619.000000
44543.000000
45526.000000
46497.000000
47466.000000
48386.000000
49280.000000
50228.000000
51125.000000
51976.000000
52818.000000
53660.000000
54556.000000
55523.000000
56539.000000
57542.000000
58480.000000
59412.000000
60406.000000
61402.000000
62390.000000
63354.000000
64260.000000
65157.000000
66095.000000
67039.000000
67990.000000
68946.000000
69881.000000
70828.000000
71821.000000
72829.000000
73819.000000
74746.000000
75722.000000
76710.000000
77683.000000
78656.000000
79559.000000
80456.000000
81397.000000
82346.000000
83312.000000
84284.000000
85206.000000
86131.000000
87102.000000
88085.000000
89074.000000
90041.000000
90958.000000
91900.000000
92856.000000
93812.000000
94754.000000
95640.000000
96553.000000
97494.000000
98459.000000
99425.000000
100370.000000
101283.000000
102246.000000
103219.000000
104178.000000
105094.000000
105985.000000
106928.000000
107892.000000
108848.000000
109755.000000
110639.000000
111566.000000
112519.000000
113463.000000
114381.000000
115274.000000
116217.000000
117176.000000
118133.000000
119068.000000
119958.000000
120881.000000
121824.000000
122766.000000
123706.000000
124602.000000
125483.000000
126406.000000
127353.000000
128304.000000
129253.000000
130155.000000
131077.000000
132045.000000
133012.000000
133935.000000
134840.000000
135805.000000
136767.000000
137710.000000
138602.000000
139500.000000
140450.000000
141414.000000
142336.000000
143206.000000
144078.000000
144924.000000
145752.000000
146622.000000
147547.000000
148523.000000
149496.000000
150425.000000
151328.000000
152299.000000
153300.000000
154295.000000
155282.000000
156226.000000
157194.000000
158181.000000
159169.000000
160118.000000
161030.000000
161996.000000
162972.000000
163953.000000
164917.000000
165839.000000
166811.000000
167807.000000
168812.000000
169793.000000
170736.000000
171724.000000
172722.000000
173713.000000
174692.000000
175630.000000
176629.000000
177644.000000
178659.000000
179648.000000
180571.000000
181515.000000
182502.000000
183489.000000
184484.000000
185441.000000
186385.000000
187400.000000
188426.000000
189446.000000
190452.000000
191411.000000
192405.000000
193423.000000
194440.000000
195451.000000
196412.000000
197354.000000
198353.000000
199368.000000
200362.000000
201346.000000
202278.000000
203249.000000
204232.000000
205223.000000
206201.000000
207139.000000
208128.000000
209153.000000
210176.000000
211184.000000
212137.000000
213082.000000
214070.000000
215062.000000
216038.000000
216987.000000
217912.000000
218893.000000
219883.000000
220887.000000
221869.000000
222808.000000
223790.000000
224784.000000
225763.000000
226712.000000
227611.000000
228518.000000
229494.000000
230482.000000
231476.000000
232420.000000
233347.000000
234338.000000
235344.000000
236344.000000
237285.000000
238195.000000
239159.000000
240150.000000
241149.000000
242157.000000
243155.000000
244138.000000
245077.000000
246055.000000
247028.000000
248004.000000
248953.000000
249866.000000
250811.000000
251813.000000
252822.000000
253825.000000
254784.000000
255743.000000
256759.000000
257772.000000
258732.000000
259654.000000
260625.000000
261609.000000
262591.000000
263561.000000
264487.000000
265429.000000
266408.000000
267377.000000
268297.000000
269198.000000
270150.000000
271113.000000
272072.000000
272984.000000
273903.000000
274851.000000
275815.000000
276750.000000
277651.000000
278581.000000
279526.000000
280471.000000
281359.000000
282230.000000
283150.000000
284085.000000
285030.000000
285983.000000
286898.000000
287818.000000
288781.000000
289739.000000
290674.000000
291570.000000
292441.000000
293371.000000
294329.000000
295286.000000
296201.000000
297084.000000
297966.000000
298890.000000
299835.000000
300814.000000
301788.000000
302720.000000
303663.000000
304672.000000
305686.000000
306685.000000
307686.000000
308627.000000
309589.000000
310603.000000
311618.000000
312611.000000
313562.000000
314554.000000
315578.000000
316604.000000
317619.000000
318563.000000
319511.000000
320512.000000
321525.000000
322531.000000
323511.000000
324449.000000
325408.000000
326405.000000
327425.000000
328372.000000
329347.000000
330353.000000
331354.000000
332353.000000
333350.000000
334297.000000
335209.000000
336096.000000
336942.000000
337870.000000
338925.000000
339980.000000
341010.000000
342054.000000
343078.000000
344082.000000
345132.000000
346188.000000
347238.000000
348225.000000
349270.000000
350298.000000
351334.000000
352360.000000
353375.000000
354378.000000
355341.000000
356262.000000
357200.000000
358165.000000
359138.000000
360145.000000
361157.000000
362170.000000
363149.000000
364153.000000
365177.000000
366203.000000
367223.000000
368258.000000
369294.000000
370289.000000
371232.000000
372267.000000
373289.000000
374314.000000
375346.000000
376342.000000
377288.000000
378291.000000
379322.000000
380331.000000
381326.000000
382313.000000
383233.000000
384119.000000
384997.000000
385919.000000
386885.000000
387877.000000
388881.000000
389887.000000
390849.000000
391831.000000
392841.000000
393845.000000
394842.000000
395826.000000
396757.000000
397733.000000
398727.000000
399702.000000
400678.000000
401609.000000
402559.000000
403545.000000
404546.000000
405543.000000
406517.000000
407460.000000
408370.000000
409329.000000
410316.000000
411314.000000
412320.000000
413281.000000
414230.000000
415243.000000
416271.000000
417277.000000
418284.000000
419233.000000
420164.000000
421130.000000
422098.000000
423053.000000
423974.000000
424892.000000
425857.000000
426807.000000
427713.000000
428615.000000
429585.000000
430563.000000
431524.000000
432427.000000
433330.000000
434266.000000
435204.000000
436099.000000
437012.000000
437950.000000
438882.000000
439771.000000
440652.000000
441561.000000
442450.000000
443317.000000
444139.000000
444955.000000
445806.000000
446669.000000
447550.000000
448418.000000
449264.000000
450177.000000
451110.000000
451993.000000
452854.000000
453733.000000
454609.000000
455464.000000
456318.000000
457253.000000
458211.000000
459175.000000
460152.000000
461083.000000
462003.000000
462951.000000
463902.000000
464846.000000
465764.000000
466651.000000
467589.000000
468528.000000
469485.000000
470390.000000
471293.000000
472262.000000
473275.000000
474283.000000
475300.000000
476292.000000
477260.000000
478258.000000
479253.000000
480211.000000
481127.000000
482015.000000
482971.000000
483937.000000
484944.000000
485916.000000
486839.000000
487788.000000
488801.000000
489822.000000
490826.000000
491789.000000
492782.000000
493801.000000
494816.000000
495803.000000
496762.000000
497765.000000
498791.000000
499812.000000
500815.000000
501775.000000
502797.000000
503826.000000
504834.000000
505791.000000
506764.000000
507758.000000
508746.000000
509709.000000
510609.000000
511500.000000
512451.000000
513430.000000
514425.000000
515347.000000
516281.000000
517266.000000
518241.000000
519179.000000
520054.000000
520972.000000
521891.000000
522817.000000
523693.000000
524561.000000
525482.000000
526445.000000
527408.000000
528381.000000
529303.000000
530250.000000
531212.000000
532176.000000
533130.000000
534072.000000
534949.000000
535856.000000
536780.000000
537724.000000
538694.000000
539646.000000
540556.000000
541460.000000
542415.000000
543400.000000
544355.000000
545320.000000
546238.000000
547160.000000
548138.000000
549124.000000
550098.000000
551013.000000
551917.000000
552862.000000
553821.000000
554784.000000
555776.000000
556734.000000
557654.000000
558635.000000
559620.000000
560614.000000
561598.000000
562552.000000
563549.000000
564583.000000
565617.000000
566631.000000
567594.000000
568598.000000
569624.000000
570635.000000
571607.000000
572552.000000
573562.000000
574565.000000
575557.000000
576496.000000
577447.000000
578437.000000
579424.000000
580401.000000
581300.000000
582198.000000
583083.000000
583944.000000
584798.000000
585709.000000
586677.000000
587666.000000
588657.000000
589610.000000
590565.000000
591579.000000
592591.000000
593594.000000
594554.000000
595514.000000
596493.000000
597475.000000
598457.000000
599385.000000
600293.000000
601266.000000
602261.000000
603251.000000
604238.000000
605189.000000
606170.000000
607164.000000
608153.000000
609124.000000
610061.000000
610991.000000
611944.000000
612911.000000
613883.000000
614837.000000
615781.000000
616798.000000
617816.000000
618794.000000
619732.000000
620702.000000
621678.000000
622650.000000
623572.000000
624484.000000
625451.000000
626431.000000
627378.000000
628272.000000
629170.000000
630115.000000
631090.000000
632068.000000
633001.000000
633917.000000
634882.000000
635852.000000
636814.000000
637729.000000
638663.000000
639608.000000
640539.000000
641422.000000
642273.000000
643104.000000
643907.000000
644660.000000
645454.000000
646543.000000
647562.000000
648561.000000
649537.000000
650501.000000
651489.000000
652480.000000
653443.000000
654369.000000
655357.000000
656344.000000
657326.000000
658251.000000
659149.000000
660042.000000
660950.000000
661928.000000
662922.000000
663920.000000
664916.000000
665866.000000
666776.000000
667740.000000
668702.000000
669650.000000
670598.000000
671555.000000
672474.000000
673409.000000
674376.000000
675336.000000
676300.000000
677268.000000
678207.000000
679114.000000
680081.000000
681052.000000
682038.000000
683027.000000
684017.000000
684948.000000
685938.000000
686932.000000
687918.000000
688913.000000
689900.000000
690828.000000
691798.000000
692798.000000
693833.000000
694873.000000
695896.000000
696874.000000
697848.000000
698886.000000
699929.000000
700963.000000
701946.000000
702896.000000
703915.000000
704937.000000
705957.000000
706974.000000
707930.000000
708930.000000
709954.000000
710966.000000
711966.000000
712934.000000
713936.000000
714951.000000
715960.000000
716967.000000
717930.000000
718861.000000
719852.000000
720869.000000
721891.000000
722915.000000
723934.000000
724919.000000
725953.000000
726978.000000
727994.000000
728949.000000
729871.000000
730861.000000
731890.000000
732932.000000
733964.000000
734949.000000
735936.000000
736991.000000
738050.000000
739055.000000
740062.000000
741101.000000
742126.000000
743133.000000
744086.000000
745080.000000
746092.000000
747097.000000
748110.000000
749096.000000
750033.000000
751007.000000
752015.000000
753021.000000
754018.000000
754952.000000
755854.000000
756744.000000
757721.000000
758719.000000
759692.000000
760598.000000
761509.000000
762449.000000
763376.000000
764282.000000
765261.000000
766249.000000
767247.000000
768241.000000
769208.000000
770153.000000
771133.000000
772107.000000
773066.000000
773993.000000
774866.000000
775760.000000
776673.000000
777583.000000
778495.000000
779391.000000
780258.000000
781159.000000
782058.000000
782947.000000
783829.000000
784674.000000
785564.000000
786472.000000
787403.000000
788335.000000
789213.000000
790069.000000
790973.000000
791889.000000
792821.000000
793775.000000
794695.000000
795642.000000
796636.000000
797623.000000
798579.000000
799469.000000
800344.000000
801220.000000
802153.000000
803113.000000
804085.000000
805033.000000
805938.000000
806829.000000
807704.000000
808571.000000
809503.000000
810383.000000
811257.000000
812100.000000
812929.000000
813827.000000
814819.000000
815726.000000
816667.000000
817688.000000
818743.000000
819716.000000
820616.000000
821581.000000
822567.000000
823515.000000
824444.000000
825329.000000
826211.000000
827122.000000
828029.000000
828904.000000
829832.000000
830798.000000
831773.000000
832753.000000
833744.000000
834697.000000
835611.000000
836568.000000
837556.000000
838574.000000
839600.000000
840635.000000
841676.000000
842707.000000
843687.000000
844716.000000
845751.000000
846766.000000
847770.000000
848711.000000
849696.000000
850692.000000
851704.000000
852723.000000
853735.000000
854699.000000
855633.000000
856550.000000
857416.000000
858192.000000
858967.000000
859829.000000
860814.000000
861857.000000
862858.000000
863814.000000
864822.000000
865848.000000
866823.000000
867743.000000
868731.000000
869786.000000
870837.000000
871837.000000
872827.000000
873795.000000
874714.000000
875651.000000
876606.000000
877562.000000
878522.000000
879483.000000
880414.000000
881330.000000
882285.000000
883234.000000
884177.000000
885114.000000
886018.000000
887009.000000
888008.000000
889050.000000
890081.000000
891111.000000
892121.000000
893122.000000
894173.000000
895233.000000
896295.000000
897347.000000
898363.000000
899350.000000
900378.000000
901422.000000
902451.000000
903476.000000
904456.000000
905440.000000
906464.000000
907496.000000
908517.000000
909507.000000
910537.000000
911610.000000
912652.000000
913685.000000
914660.000000
915671.000000
916711.000000
917747.000000
918760.000000
919714.000000
920721.000000
921762.000000
922816.000000
923851.000000
924822.000000
925811.000000
926829.000000
927858.000000
928880.000000
929833.000000
930825.000000
931805.000000
932744.000000
933666.000000
934640.000000
935617.000000
936601.000000
937555.000000
938475.000000
939452.000000
940437.000000
941424.000000
942383.000000
943326.000000
944302.000000
945291.000000
946276.000000
947225.000000
948172.000000
949159.000000
950150.000000
951127.000000
952053.000000
953000.000000
953982.000000
954971.000000
955955.000000
956903.000000
957829.000000
958802.000000
959782.000000
960752.000000
961668.000000
962598.000000
963576.000000
964568.000000
965556.000000
966495.000000
967457.000000
968447.000000
969444.000000
970399.000000
971353.000000
972345.000000
973332.000000
974277.000000
975200.000000
976155.000000
977102.000000
978047.000000
978940.000000
979822.000000
980717.000000
981588.000000
982496.000000
983438.000000
984392.000000
985346.000000
986292.000000
987284.000000
988285.000000
989260.000000
990218.000000
991224.000000
992243.000000
993240.000000
994211.000000
995205.000000
996235.000000
997273.000000
998312.000000
999282.000000
1000303.000000
1001329.000000
1002323.000000
1003259.000000
1004259.000000
1005250.000000
1006230.000000
1007175.000000
1008163.000000
1009175.000000
1010160.000000
1011080.000000
1012053.000000
1013056.000000
1014066.000000
1015030.000000
1015999.000000
1016978.000000
1017953.000000
1018888.000000
1019819.000000
1020797.000000
1021791.000000
1022790.000000
1023759.000000
1024731.000000
1025738.000000
1026736.000000
1027720.000000
1028643.000000
1029555.000000
1030501.000000
1031469.000000
1032451.000000
1033407.000000
1034344.000000
1035327.000000
1036328.000000
1037334.000000
1038301.000000
1039273.000000
1040285.000000
1041304.000000
1042315.000000
1043275.000000
1044259.000000
1045267.000000
1046275.000000
1047244.000000
1048198.000000
1049207.000000
1050224.000000
1051230.000000
1052171.000000
1053114.000000
1054097.000000
1055091.000000
1056089.000000
1057039.000000
1058016.000000
1059031.000000
1060060.000000
1061048.000000
1061997.000000
1062997.000000
1064007.000000
1065003.000000
1065968.000000
1066915.000000
1067922.000000
1068938.000000
1069950.000000
1070910.000000
1071888.000000
1072897.000000
1073909.000000
1074916.000000
1075894.000000
1076883.000000
1077891.000000
1078895.000000
1079903.000000
1080881.000000
1081841.000000
1082854.000000
1083842.000000
1084842.000000
1085805.000000
1086767.000000
1087780.000000
1088817.000000
1089832.000000
1090797.000000
1091811.000000
1092840.000000
1093843.000000
1094774.000000
1095712.000000
1096655.000000
1097573.000000
1098549.000000
1099551.000000
1100560.000000
1101578.000000
1102538.000000
1103540.000000
1104544.000000
1105541.000000
1106488.000000
1107462.000000
1108440.000000
1109425.000000
1110422.000000
1111430.000000
1112424.000000
1113361.000000
1114377.000000
1115401.000000
1116430.000000
1117416.000000
1118383.000000
1119397.000000
1120430.000000
1121456.000000
1122445.000000
1123448.000000
1124483.000000
1125528.000000
1126526.000000
1127519.000000
1128563.000000
1129615.000000
1130660.000000
1131633.000000
1132573.000000
1133561.000000
1134575.000000
1135601.000000
1136602.000000
1137560.000000
1138566.000000
1139609.000000
1140644.000000
1141646.000000
1142595.000000
1143572.000000
1144570.000000
1145567.000000
1146552.000000
1147483.000000
1148449.000000
1149414.000000
1150393.000000
1151335.000000
1152239.000000
1153113.000000
1154023.000000
1154985.000000
1155982.000000
1156995.000000
1158005.000000
1158970.000000
1159990.000000
1161022.000000
1162045.000000
1163036.000000
1164042.000000
1165054.000000
1166066.000000
1167034.000000
1167970.000000
1168952.000000
1169932.000000
1170902.000000
1171830.000000
1172795.000000
1173774.000000
1174748.000000
1175671.000000
1176597.000000
1177564.000000
1178543.000000
1179518.000000
1180453.000000
1181396.000000
1182389.000000
1183383.000000
1184349.000000
1185322.000000
1186341.000000
1187352.000000
1188325.000000
1189263.000000
1190222.000000
1191189.000000
1192135.000000
1193060.000000
1194022.000000
1195000.000000
1195970.000000
1196899.000000
1197835.000000
1198794.000000
1199749.000000
1200694.000000
1201616.000000
1202572.000000
1203565.000000
1204572.000000
1205537.000000
1206489.000000
1207507.000000
1208532.000000
1209527.000000
1210484.000000
1211488.000000
1212504.000000
1213503.000000
1214451.000000
1215453.000000
1216478.000000
1217497.000000
1218472.000000
1219484.000000
1220506.000000
1221519.000000
1222488.000000
1223478.000000
1224517.000000
1225518.000000
1226468.000000
