Peaks (s)
366.000000
1346.000000
2321.000000
3323.000000
4251.000000
5169.000000
6148.000000
7146.000000
8061.000000
8924.000000
9688.000000
10438.000000
11749.000000
12950.000000
14056.000000
15063.000000
16062.000000
17008.000000
18006.000000
19006.000000
19974.000000
20893.000000
21873.000000
22908.000000
23937.000000
24855.000000
25815.000000
26803.000000
27789.000000
28706.000000
29675.000000
30655.000000
31616.000000
32539.000000
33511.000000
34486.000000
35404.000000
36359.000000
37311.000000
38266.000000
39159.000000
40093.000000
41041.000000
41992.000000
42903.000000
43859.000000
44822.000000
45754.000000
46667.000000
47614.000000
48570.000000
49480.000000
50408.000000
51364.000000
52331.000000
53234.000000
54178.000000
55143.000000
56056.000000
56989.000000
57980.000000
58932.000000
59862.000000
60838.000000
61826.000000
62754.000000
63703.000000
64681.000000
65641.000000
66565.000000
67560.000000
68563.000000
69501.000000
70496.000000
71494.000000
72444.000000
73401.000000
74393.000000
75357.000000
76253.000000
77208.000000
78185.000000
79101.000000
80037.000000
81019.000000
81984.000000
82891.000000
83877.000000
84853.000000
85751.000000
86687.000000
87638.000000
88532.000000
89426.000000
90325.000000
91243.000000
92106.000000
92962.000000
93705.000000
94430.000000
95243.000000
96471.000000
97453.000000
98313.000000
99348.000000
100287.000000
101085.000000
101959.000000
103091.000000
104019.000000
104973.000000
105960.000000
106897.000000
107787.000000
108743.000000
109744.000000
110644.000000
111629.000000
112651.000000
113589.000000
114580.000000
115584.000000
116568.000000
117527.000000
118516.000000
119478.000000
120403.000000
121388.000000
122382.000000
123303.000000
124275.000000
125264.000000
126218.000000
127161.000000
128141.000000
129119.000000
130038.000000
131013.000000
131973.000000
132865.000000
133805.000000
134770.000000
135665.000000
136585.000000
137538.000000
138447.000000
139352.000000
140307.000000
141236.000000
142117.000000
143051.000000
143915.000000
144741.000000
145473.000000
146271.000000
147567.000000
148774.000000
149786.000000
150610.000000
151551.000000
152635.000000
153500.000000
154262.000000
154996.000000
155716.000000
156432.000000
157237.000000
158535.000000
159719.000000
160676.000000
161661.000000
162649.000000
163642.000000
164594.000000
165535.000000
166512.000000
167483.000000
168380.000000
169295.000000
170246.000000
171223.000000
172198.000000
173109.000000
174029.000000
174960.000000
175802.000000
176557.000000
177300.000000
178101.000000
179234.000000
180120.000000
181217.000000
182224.000000
183151.000000
184045.000000
184962.000000
185921.000000
186884.000000
187788.000000
188738.000000
189716.000000
190689.000000
191620.000000
192587.000000
193597.000000
194588.000000
195508.000000
196431.000000
197402.000000
198402.000000
199411.000000
200358.000000
201333.000000
202342.000000
203367.000000
204352.000000
205411.000000
206458.000000
207479.000000
208421.000000
209346.000000
210351.000000
211416.000000
212497.000000
213446.000000
214450.000000
215486.000000
216495.000000
217448.000000
218457.000000
219496.000000
220505.000000
221442.000000
222466.000000
223491.000000
224509.000000
225468.000000
226484.000000
227502.000000
228515.000000
229435.000000
230397.000000
231390.000000
232381.000000
233294.000000
234275.000000
235281.000000
236249.000000
237223.000000
238247.000000
239281.000000
240252.000000
241266.000000
242285.000000
243286.000000
244232.000000
245223.000000
246217.000000
247150.000000
248111.000000
249094.000000
250082.000000
251000.000000
251969.000000
252967.000000
253946.000000
254881.000000
255858.000000
256800.000000
257713.000000
258473.000000
259174.000000
259882.000000
261202.000000
262289.000000
263320.000000
264215.000000
264932.000000
265615.000000
266288.000000
266966.000000
267761.000000
269092.000000
270304.000000
271340.000000
272203.000000
273231.000000
274361.000000
275200.000000
276027.000000
277173.000000
278244.000000
279116.000000
279840.000000
280564.000000
281381.000000
282708.000000
283941.000000
285114.000000
286142.000000
287077.000000
287999.000000
288989.000000
289999.000000
291023.000000
292017.000000
292932.000000
293885.000000
294868.000000
295877.000000
296862.000000
297791.000000
298764.000000
299773.000000
300775.000000
301731.000000
302724.000000
303737.000000
304742.000000
305691.000000
306666.000000
307664.000000
308651.000000
309627.000000
310636.000000
311659.000000
312663.000000
313641.000000
314648.000000
315678.000000
316791.000000
317852.000000
318886.000000
319873.000000
320871.000000
321903.000000
322936.000000
323931.000000
324901.000000
325919.000000
326956.000000
327963.000000
328975.000000
330025.000000
331083.000000
332032.000000
333028.000000
334051.000000
335060.000000
335998.000000
337019.000000
338099.000000
339226.000000
340372.000000
341465.000000
342418.000000
343371.000000
344371.000000
345401.000000
346358.000000
347398.000000
348502.000000
349529.000000
350595.000000
351704.000000
352772.000000
353783.000000
354850.000000
355915.000000
356885.000000
357934.000000
358982.000000
359952.000000
360947.000000
361994.000000
362985.000000
363950.000000
364949.000000
365930.000000
366832.000000
367842.000000
368901.000000
369892.000000
370909.000000
371971.000000
372935.000000
373871.000000
374867.000000
375876.000000
376788.000000
377789.000000
378801.000000
379735.000000
380663.000000
381545.000000
382443.000000
383407.000000
384462.000000
385479.000000
386454.000000
387540.000000
388578.000000
389565.000000
390570.000000
391604.000000
392634.000000
393578.000000
394556.000000
395591.000000
396616.000000
397557.000000
398552.000000
399600.000000
400664.000000
401634.000000
402673.000000
403730.000000
404747.000000
405811.000000
406941.000000
408000.000000
408912.000000
409857.000000
410860.000000
411904.000000
412832.000000
413748.000000
414786.000000
415906.000000
416945.000000
417882.000000
418841.000000
419880.000000
420937.000000
421982.000000
422926.000000
423902.000000
424932.000000
426112.000000
427125.000000
428134.000000
429156.000000
430106.000000
431088.000000
432119.000000
433142.000000
434101.000000
435116.000000
436167.000000
437179.000000
438187.000000
439240.000000
440290.000000
441272.000000
442304.000000
443353.000000
444351.000000
445349.000000
446372.000000
447394.000000
448370.000000
449380.000000
450414.000000
451438.000000
452401.000000
453413.000000
454422.000000
455380.000000
456339.000000
457360.000000
458408.000000
459348.000000
460326.000000
461374.000000
462541.000000
463579.000000
464621.000000
465658.000000
466635.000000
467574.000000
468593.000000
469656.000000
470566.000000
471396.000000
472161.000000
473404.000000
474643.000000
475757.000000
476782.000000
477798.000000
478753.000000
479808.000000
481097.000000
482281.000000
483372.000000
484310.000000
485329.000000
486347.000000
487346.000000
488279.000000
489273.000000
490280.000000
491253.000000
492228.000000
493232.000000
494225.000000
495133.000000
496096.000000
497079.000000
498055.000000
499020.000000
499998.000000
500944.000000
501908.000000
502931.000000
503973.000000
504970.000000
505953.000000
506970.000000
507972.000000
508976.000000
509977.000000
510977.000000
511986.000000
512932.000000
513894.000000
514910.000000
515912.000000
516867.000000
517825.000000
518838.000000
519854.000000
520877.000000
521830.000000
522781.000000
523804.000000
524857.000000
525836.000000
526829.000000
527851.000000
528858.000000
529812.000000
530783.000000
531791.000000
532803.000000
533737.000000
534719.000000
535747.000000
536842.000000
537840.000000
538867.000000
539864.000000
540782.000000
541741.000000
542742.000000
543693.000000
544655.000000
545665.000000
546609.000000
547597.000000
548606.000000
549546.000000
550505.000000
551428.000000
552175.000000
552884.000000
553579.000000
554304.000000
555577.000000
556647.000000
557630.000000
558620.000000
559544.000000
560471.000000
561461.000000
562456.000000
563366.000000
564346.000000
565379.000000
566443.000000
567425.000000
568439.000000
569456.000000
570438.000000
571387.000000
572389.000000
573390.000000
574338.000000
575320.000000
576370.000000
577460.000000
578430.000000
579493.000000
580542.000000
581621.000000
582589.000000
583619.000000
584665.000000
585646.000000
586618.000000
587654.000000
588642.000000
589571.000000
590573.000000
591598.000000
592565.000000
593537.000000
594590.000000
595648.000000
596632.000000
597694.000000
598865.000000
600034.000000
601064.000000
602115.000000
603129.000000
604061.000000
604994.000000
606038.000000
607165.000000
608189.000000
609164.000000
610250.000000
611368.000000
612423.000000
613453.000000
614617.000000
615764.000000
616808.000000
617774.000000
618792.000000
619872.000000
621078.000000
622165.000000
623227.000000
624275.000000
625286.000000
626275.000000
627359.000000
628638.000000
629787.000000
630899.000000
631974.000000
633009.000000
634007.000000
635028.000000
636048.000000
637010.000000
637956.000000
639009.000000
640345.000000
641485.000000
642464.000000
643485.000000
644536.000000
645572.000000
646523.000000
