Peaks (s)
960.000000
1745.000000
2510.000000
3305.000000
4105.000000
4875.000000
5673.000000
6488.000000
7265.000000
8046.000000
8804.000000
9520.000000
10239.000000
10957.000000
11643.000000
12322.000000
13020.000000
13743.000000
14524.000000
15324.000000
16096.000000
16898.000000
17715.000000
18487.000000
19238.000000
20010.000000
20808.000000
21562.000000
22329.000000
23111.000000
23878.000000
24663.000000
25489.000000
26315.000000
27120.000000
27948.000000
28767.000000
29533.000000
30305.000000
31086.000000
31841.000000
32570.000000
33330.000000
34112.000000
34868.000000
35653.000000
36493.000000
37289.000000
38056.000000
38840.000000
39620.000000
40368.000000
41103.000000
41864.000000
42646.000000
43402.000000
44177.000000
44986.000000
45781.000000
46562.000000
47363.000000
48165.000000
48917.000000
49662.000000
50415.000000
51175.000000
51919.000000
52696.000000
53494.000000
54274.000000
55076.000000
55912.000000
56714.000000
57501.000000
58316.000000
59154.000000
59955.000000
60745.000000
61546.000000
62332.000000
63078.000000
63849.000000
64663.000000
65463.000000
66217.000000
66999.000000
67808.000000
68578.000000
69373.000000
70181.000000
70945.000000
71722.000000
72510.000000
73289.000000
74046.000000
74836.000000
75661.000000
76439.000000
77218.000000
78012.000000
78785.000000
79549.000000
80332.000000
81092.000000
81843.000000
82608.000000
83361.000000
84075.000000
84833.000000
85617.000000
86372.000000
87135.000000
87933.000000
88693.000000
89429.000000
90184.000000
90939.000000
91654.000000
92389.000000
93163.000000
93921.000000
94641.000000
95388.000000
96175.000000
96950.000000
97702.000000
98503.000000
99319.000000
100082.000000
100826.000000
101584.000000
102352.000000
103082.000000
103816.000000
104602.000000
105422.000000
106206.000000
107018.000000
107855.000000
108632.000000
109401.000000
110168.000000
110904.000000
111637.000000
112386.000000
113147.000000
113885.000000
114683.000000
115499.000000
116270.000000
117047.000000
117839.000000
118589.000000
119319.000000
120059.000000
120810.000000
121536.000000
122283.000000
123068.000000
123836.000000
124596.000000
125408.000000
126212.000000
126969.000000
127739.000000
128521.000000
129263.000000
129997.000000
130784.000000
131599.000000
132370.000000
133131.000000
133928.000000
134739.000000
135502.000000
136270.000000
137050.000000
137821.000000
138549.000000
139287.000000
140059.000000
140849.000000
141599.000000
142361.000000
143166.000000
143970.000000
144721.000000
145463.000000
146232.000000
147025.000000
147769.000000
148514.000000
149304.000000
150099.000000
150851.000000
151634.000000
152422.000000
153135.000000
153808.000000
154501.000000
155236.000000
156074.000000
156871.000000
157670.000000
158505.000000
159332.000000
160100.000000
160860.000000
161636.000000
162416.000000
163175.000000
163973.000000
164793.000000
165579.000000
166376.000000
167190.000000
167954.000000
168707.000000
169454.000000
170188.000000
170897.000000
171629.000000
172406.000000
173178.000000
173943.000000
174760.000000
175594.000000
176378.000000
177172.000000
177984.000000
178745.000000
179460.000000
180173.000000
180930.000000
181761.000000
182549.000000
183322.000000
184139.000000
184953.000000
185740.000000
186536.000000
187339.000000
188104.000000
188866.000000
189650.000000
190408.000000
191139.000000
191891.000000
192670.000000
193413.000000
194166.000000
194950.000000
195726.000000
196489.000000
197298.000000
198100.000000
198853.000000
199613.000000
200372.000000
201112.000000
201868.000000
202663.000000
203448.000000
204191.000000
204942.000000
205750.000000
206612.000000
207407.000000
208183.000000
208973.000000
209744.000000
210498.000000
211263.000000
212030.000000
212761.000000
213505.000000
214309.000000
215109.000000
215872.000000
216663.000000
217453.000000
218173.000000
218859.000000
219550.000000
220273.000000
221080.000000
221958.000000
222756.000000
223564.000000
224378.000000
225160.000000
225923.000000
226724.000000
227550.000000
228344.000000
229177.000000
230012.000000
230795.000000
231539.000000
232322.000000
233159.000000
233956.000000
234736.000000
235539.000000
236336.000000
237097.000000
237886.000000
238689.000000
239447.000000
240225.000000
241020.000000
241798.000000
242555.000000
243332.000000
244099.000000
244857.000000
245662.000000
246468.000000
247232.000000
248004.000000
248782.000000
249527.000000
250300.000000
251084.000000
251864.000000
252669.000000
253488.000000
254272.000000
255061.000000
255891.000000
256720.000000
257510.000000
258321.000000
259146.000000
259915.000000
260683.000000
261459.000000
262216.000000
262972.000000
263766.000000
264571.000000
265367.000000
266199.000000
267027.000000
267800.000000
268585.000000
269366.000000
270105.000000
270872.000000
271642.000000
272398.000000
273152.000000
273946.000000
274744.000000
275545.000000
276378.000000
277191.000000
277964.000000
278749.000000
279529.000000
280275.000000
281041.000000
281809.000000
282552.000000
283319.000000
284111.000000
284871.000000
285667.000000
286467.000000
287225.000000
287991.000000
288790.000000
289558.000000
290330.000000
291121.000000
291916.000000
292680.000000
293461.000000
294222.000000
294979.000000
295781.000000
296592.000000
297367.000000
298172.000000
298982.000000
299749.000000
300521.000000
301316.000000
302097.000000
302852.000000
303626.000000
304390.000000
305116.000000
305841.000000
306601.000000
307396.000000
308156.000000
308960.000000
309790.000000
310577.000000
311332.000000
312120.000000
312919.000000
313661.000000
314362.000000
315085.000000
315879.000000
316731.000000
317547.000000
318367.000000
319190.000000
319969.000000
320732.000000
321466.000000
322151.000000
322832.000000
323532.000000
324283.000000
325113.000000
325928.000000
326713.000000
327544.000000
328369.000000
329138.000000
329911.000000
330684.000000
331429.000000
332197.000000
332975.000000
333747.000000
334516.000000
335342.000000
336178.000000
336980.000000
337808.000000
338621.000000
339382.000000
340141.000000
340929.000000
341721.000000
342484.000000
343272.000000
344073.000000
344854.000000
345650.000000
346459.000000
347231.000000
348006.000000
348803.000000
349586.000000
350378.000000
351197.000000
351981.000000
352778.000000
353601.000000
354377.000000
355172.000000
355995.000000
356803.000000
357631.000000
358487.000000
359313.000000
360097.000000
360888.000000
361659.000000
362421.000000
363218.000000
364034.000000
364819.000000
365630.000000
366470.000000
367268.000000
368074.000000
368881.000000
369657.000000
370449.000000
371245.000000
372009.000000
372783.000000
373584.000000
374354.000000
375134.000000
375939.000000
376715.000000
377488.000000
378277.000000
379074.000000
379848.000000
380641.000000
381424.000000
382167.000000
382912.000000
383680.000000
384445.000000
385211.000000
386013.000000
386808.000000
387581.000000
388382.000000
389170.000000
389929.000000
390696.000000
391507.000000
392294.000000
393077.000000
393885.000000
394718.000000
395504.000000
396301.000000
397089.000000
397836.000000
398580.000000
399316.000000
400032.000000
400730.000000
401460.000000
402274.000000
403060.000000
403832.000000
404645.000000
405445.000000
406196.000000
406968.000000
407679.000000
408370.000000
409071.000000
409811.000000
410567.000000
411303.000000
412019.000000
412733.000000
413437.000000
414216.000000
415127.000000
416040.000000
416876.000000
417697.000000
418536.000000
419369.000000
420166.000000
420981.000000
421805.000000
422588.000000
423389.000000
424199.000000
424985.000000
425776.000000
426577.000000
427348.000000
428090.000000
428856.000000
429633.000000
430378.000000
431152.000000
431936.000000
432687.000000
433444.000000
434224.000000
434988.000000
435774.000000
436596.000000
437398.000000
438154.000000
438936.000000
439755.000000
440540.000000
441347.000000
442179.000000
443001.000000
443787.000000
444583.000000
445376.000000
446136.000000
446925.000000
447733.000000
448521.000000
449317.000000
450134.000000
450927.000000
451702.000000
452503.000000
453341.000000
454129.000000
454916.000000
455723.000000
456513.000000
457297.000000
458124.000000
458969.000000
459763.000000
460568.000000
461401.000000
462247.000000
463060.000000
463895.000000
464743.000000
465554.000000
466356.000000
467177.000000
468010.000000
468813.000000
469635.000000
470455.000000
471220.000000
471986.000000
472785.000000
473617.000000
474402.000000
475196.000000
476017.000000
476824.000000
477625.000000
478463.000000
479282.000000
480058.000000
480833.000000
481544.000000
482231.000000
482933.000000
483710.000000
484569.000000
485392.000000
486241.000000
487117.000000
487943.000000
488742.000000
489543.000000
490331.000000
491087.000000
491862.000000
492674.000000
493470.000000
494257.000000
495070.000000
495872.000000
496644.000000
497435.000000
498246.000000
499023.000000
499765.000000
500523.000000
501289.000000
502012.000000
502765.000000
503545.000000
504316.000000
505057.000000
505815.000000
506574.000000
507305.000000
508067.000000
508820.000000
509528.000000
510246.000000
510994.000000
511755.000000
512508.000000
513310.000000
514116.000000
514874.000000
515632.000000
516413.000000
517166.000000
517928.000000
518722.000000
519501.000000
520263.000000
521063.000000
521895.000000
522692.000000
523464.000000
524266.000000
525071.000000
525829.000000
526606.000000
527402.000000
528165.000000
528927.000000
529717.000000
530517.000000
531287.000000
532079.000000
532875.000000
533643.000000
534411.000000
535207.000000
536004.000000
536778.000000
537555.000000
538346.000000
539090.000000
539846.000000
540629.000000
541414.000000
542172.000000
542957.000000
543755.000000
544512.000000
545285.000000
546080.000000
546867.000000
547632.000000
548412.000000
549202.000000
549950.000000
550709.000000
551492.000000
552266.000000
553012.000000
553784.000000
554560.000000
555300.000000
556046.000000
556818.000000
557573.000000
558320.000000
559119.000000
559935.000000
560710.000000
561464.000000
562238.000000
563031.000000
563798.000000
564536.000000
565295.000000
566083.000000
566850.000000
567624.000000
568419.000000
569193.000000
569928.000000
570685.000000
571467.000000
572227.000000
572976.000000
573752.000000
574541.000000
575298.000000
576075.000000
576872.000000
577629.000000
578386.000000
579095.000000
579777.000000
580468.000000
581168.000000
581897.000000
582657.000000
583393.000000
584117.000000
584885.000000
585683.000000
586426.000000
587173.000000
587948.000000
588732.000000
589475.000000
590230.000000
591008.000000
591768.000000
592503.000000
593273.000000
594080.000000
594862.000000
595605.000000
596370.000000
597151.000000
597911.000000
598656.000000
599431.000000
600206.000000
600951.000000
601708.000000
602476.000000
603235.000000
603962.000000
604671.000000
605417.000000
606189.000000
606939.000000
607679.000000
608433.000000
609196.000000
609916.000000
610629.000000
611358.000000
612120.000000
612857.000000
613602.000000
614383.000000
615154.000000
615888.000000
616632.000000
617392.000000
618150.000000
618871.000000
619612.000000
620385.000000
621151.000000
621877.000000
622622.000000
623401.000000
624157.000000
624905.000000
625683.000000
626448.000000
627195.000000
627985.000000
628781.000000
629526.000000
630285.000000
631067.000000
631828.000000
632562.000000
633326.000000
634116.000000
634872.000000
635634.000000
636414.000000
637191.000000
637951.000000
638746.000000
639550.000000
640306.000000
641058.000000
641834.000000
642597.000000
643331.000000
644091.000000
644867.000000
645627.000000
646368.000000
647135.000000
647920.000000
648664.000000
649384.000000
650128.000000
650894.000000
651601.000000
652287.000000
653001.000000
653755.000000
654480.000000
655194.000000
655920.000000
656635.000000
657330.000000
658047.000000
658775.000000
659492.000000
660187.000000
660897.000000
661628.000000
662346.000000
663048.000000
663771.000000
664500.000000
665203.000000
665909.000000
666636.000000
667350.000000
668039.000000
668740.000000
669457.000000
670165.000000
670844.000000
671533.000000
672249.000000
672954.000000
673629.000000
674332.000000
675064.000000
675776.000000
676466.000000
677200.000000
677954.000000
678667.000000
679388.000000
680111.000000
680829.000000
681517.000000
682223.000000
682938.000000
683650.000000
684359.000000
685123.000000
685908.000000
686630.000000
687351.000000
688090.000000
688837.000000
689550.000000
690284.000000
691038.000000
691781.000000
692487.000000
693193.000000
693895.000000
694577.000000
695266.000000
696004.000000
696775.000000
697494.000000
698228.000000
698994.000000
699753.000000
700452.000000
701160.000000
701828.000000
702475.000000
703130.000000
703796.000000
704496.000000
705236.000000
705951.000000
706638.000000
707367.000000
708139.000000
708878.000000
709587.000000
710324.000000
711060.000000
711761.000000
712437.000000
713128.000000
713838.000000
714522.000000
715222.000000
715957.000000
716697.000000
717390.000000
718047.000000
718680.000000
719326.000000
720000.000000
720772.000000
721555.000000
722280.000000
723002.000000
723743.000000
724482.000000
725189.000000
725885.000000
726597.000000
727305.000000
727988.000000
728670.000000
729379.000000
730104.000000
730795.000000
731470.000000
732162.000000
732856.000000
733521.000000
734199.000000
734867.000000
735528.000000
736202.000000
736876.000000
737533.000000
738180.000000
738846.000000
739511.000000
740153.000000
740811.000000
741461.000000
742111.000000
742740.000000
743381.000000
744039.000000
744695.000000
745334.000000
745974.000000
746585.000000
747205.000000
747825.000000
748451.000000
749089.000000
749717.000000
750351.000000
750984.000000
751624.000000
752271.000000
752901.000000
753538.000000
754169.000000
754789.000000
755417.000000
756054.000000
756692.000000
757321.000000
757977.000000
758623.000000
759272.000000
759942.000000
760620.000000
761283.000000
761947.000000
762630.000000
763325.000000
764010.000000
764717.000000
765426.000000
766109.000000
766809.000000
767507.000000
768188.000000
768878.000000
769584.000000
770281.000000
770953.000000
771632.000000
772305.000000
772972.000000
773656.000000
774341.000000
775018.000000
775712.000000
776422.000000
777107.000000
777790.000000
778503.000000
779174.000000
779823.000000
780496.000000
781222.000000
781990.000000
782706.000000
783458.000000
784242.000000
784984.000000
785752.000000
786549.000000
787335.000000
788124.000000
788938.000000
789740.000000
790510.000000
791308.000000
792115.000000
792875.000000
793652.000000
794452.000000
795231.000000
796018.000000
796850.000000
797692.000000
798482.000000
799285.000000
800077.000000
800833.000000
801608.000000
802429.000000
803219.000000
804042.000000
804900.000000
805719.000000
806539.000000
807394.000000
808227.000000
809021.000000
809848.000000
810695.000000
811492.000000
812281.000000
813087.000000
813861.000000
814597.000000
815364.000000
816188.000000
817019.000000
817832.000000
818678.000000
819517.000000
820306.000000
821117.000000
821927.000000
822696.000000
823493.000000
824305.000000
825083.000000
825880.000000
826707.000000
827489.000000
828264.000000
829084.000000
829897.000000
830679.000000
831494.000000
832319.000000
833092.000000
833886.000000
834683.000000
835442.000000
836197.000000
836970.000000
837737.000000
838485.000000
839284.000000
840109.000000
840900.000000
841707.000000
842538.000000
843317.000000
844124.000000
844965.000000
845791.000000
846605.000000
847449.000000
848269.000000
849064.000000
849884.000000
850663.000000
851399.000000
852100.000000
852776.000000
853453.000000
854169.000000
854973.000000
855780.000000
856558.000000
857317.000000
858092.000000
858844.000000
859614.000000
860370.000000
861110.000000
861863.000000
862592.000000
863323.000000
864043.000000
864763.000000
865506.000000
866261.000000
866997.000000
867756.000000
868496.000000
869266.000000
870070.000000
870845.000000
871628.000000
872399.000000
873141.000000
873902.000000
874696.000000
875477.000000
876236.000000
877022.000000
877821.000000
878576.000000
879334.000000
880104.000000
880845.000000
881588.000000
882368.000000
883141.000000
883901.000000
884701.000000
885504.000000
886262.000000
887051.000000
887857.000000
888626.000000
889382.000000
890157.000000
890923.000000
891677.000000
892484.000000
893320.000000
894107.000000
894907.000000
895715.000000
896484.000000
897260.000000
898054.000000
898805.000000
899525.000000
900220.000000
900964.000000
901824.000000
902724.000000
903541.000000
904375.000000
905212.000000
905974.000000
906737.000000
907527.000000
908313.000000
909100.000000
909953.000000
910870.000000
911725.000000
912615.000000
913482.000000
914309.000000
915167.000000
916014.000000
916811.000000
917626.000000
918422.000000
919194.000000
920006.000000
920860.000000
921688.000000
922498.000000
923258.000000
923947.000000
924652.000000
925395.000000
926166.000000
926926.000000
927692.000000
928455.000000
929180.000000
929927.000000
930645.000000
931378.000000
932116.000000
932836.000000
933554.000000
934265.000000
934960.000000
935706.000000
936446.000000
937238.000000
938065.000000
938839.000000
939592.000000
940405.000000
941263.000000
942050.000000
942824.000000
943626.000000
944404.000000
945178.000000
945997.000000
946871.000000
947682.000000
948510.000000
949354.000000
950147.000000
950877.000000
951578.000000
952308.000000
953208.000000
954154.000000
955010.000000
955846.000000
956717.000000
957546.000000
958384.000000
959278.000000
960150.000000
960970.000000
961811.000000
962698.000000
963538.000000
964434.000000
965348.000000
966185.000000
967029.000000
967853.000000
968643.000000
969463.000000
970293.000000
971117.000000
972012.000000
972880.000000
973720.000000
974564.000000
975357.000000
976164.000000
976974.000000
977745.000000
978536.000000
979376.000000
980202.000000
981021.000000
981858.000000
982668.000000
983497.000000
984337.000000
985128.000000
985931.000000
986771.000000
987578.000000
988357.000000
989160.000000
989958.000000
990725.000000
991534.000000
992377.000000
993169.000000
993966.000000
994797.000000
995600.000000
996385.000000
997182.000000
997977.000000
998737.000000
999539.000000
1000369.000000
1001157.000000
1001966.000000
1002766.000000
1003536.000000
1004343.000000
1005158.000000
1005929.000000
1006701.000000
1007411.000000
1008089.000000
1008771.000000
1009452.000000
1010164.000000
1011023.000000
1011896.000000
1012729.000000
1013574.000000
1014461.000000
1015340.000000
1016181.000000
1017024.000000
1017862.000000
1018718.000000
1019572.000000
1020375.000000
1021180.000000
1022003.000000
1022828.000000
1023631.000000
1024468.000000
1025356.000000
1026232.000000
1027084.000000
1027905.000000
1028711.000000
1029572.000000
1030485.000000
1031357.000000
1032241.000000
1033147.000000
1034036.000000
1034911.000000
1035794.000000
1036625.000000
1037452.000000
1038298.000000
1039124.000000
1039948.000000
1040804.000000
1041650.000000
1042487.000000
1043367.000000
1044238.000000
1045087.000000
1045951.000000
1046779.000000
1047592.000000
1048409.000000
1049215.000000
1050014.000000
1050869.000000
1051741.000000
1052567.000000
1053420.000000
1054271.000000
1055086.000000
1055929.000000
1056787.000000
1057610.000000
1058457.000000
1059315.000000
1060135.000000
1060975.000000
1061818.000000
1062623.000000
1063446.000000
1064274.000000
1065097.000000
1065977.000000
1066850.000000
1067708.000000
1068585.000000
1069438.000000
1070263.000000
1071101.000000
1071927.000000
1072740.000000
1073584.000000
1074405.000000
1075245.000000
1076113.000000
1076940.000000
1077770.000000
1078611.000000
1079422.000000
1080246.000000
1081101.000000
1081945.000000
1082758.000000
1083617.000000
1084465.000000
1085330.000000
1086221.000000
1087069.000000
1087885.000000
1088655.000000
1089413.000000
1090154.000000
1090924.000000
1091771.000000
1092691.000000
1093554.000000
1094439.000000
1095346.000000
1096211.000000
1097072.000000
1097935.000000
1098772.000000
1099573.000000
1100385.000000
1101205.000000
1101998.000000
1102821.000000
1103637.000000
1104447.000000
1105285.000000
1106127.000000
1106951.000000
1107811.000000
1108661.000000
1109496.000000
1110339.000000
1111164.000000
1111973.000000
1112810.000000
1113667.000000
1114493.000000
1115342.000000
1116183.000000
1116991.000000
1117829.000000
1118661.000000
1119473.000000
1120312.000000
1121158.000000
1121970.000000
1122812.000000
1123658.000000
1124471.000000
1125299.000000
1126132.000000
1126942.000000
1127783.000000
1128655.000000
1129499.000000
1130341.000000
1131204.000000
1132044.000000
1132882.000000
1133758.000000
1134612.000000
1135437.000000
1136280.000000
1137125.000000
1137934.000000
1138767.000000
1139615.000000
1140422.000000
1141231.000000
1142047.000000
1142837.000000
1143645.000000
1144485.000000
1145320.000000
1146161.000000
1147035.000000
1147870.000000
1148679.000000
1149486.000000
1150271.000000
1151043.000000
1151824.000000
1152603.000000
1153362.000000
1154151.000000
1154948.000000
1155722.000000
1156524.000000
1157324.000000
1158089.000000
1158884.000000
1159691.000000
1160465.000000
1161264.000000
1162079.000000
1162850.000000
1163635.000000
1164416.000000
1165179.000000
1165957.000000
1166774.000000
1167600.000000
1168411.000000
1169253.000000
1170089.000000
1170882.000000
1171691.000000
1172479.000000
1173232.000000
1174011.000000
1174813.000000
1175617.000000
1176425.000000
1177271.000000
1178112.000000
1178935.000000
1179792.000000
1180635.000000
1181435.000000
1182246.000000
1183046.000000
1183809.000000
1184588.000000
1185384.000000
1186174.000000
1186997.000000
1187869.000000
1188696.000000
1189541.000000
1190392.000000
1191205.000000
1192026.000000
1192847.000000
1193638.000000
1194417.000000
1195220.000000
1196043.000000
1196837.000000
1197661.000000
1198484.000000
1199273.000000
1200082.000000
1200871.000000
1201606.000000
1202292.000000
1202974.000000
1203675.000000
1204449.000000
1205194.000000
1205980.000000
1206771.000000
1207530.000000
1208309.000000
1209114.000000
1209916.000000
1210723.000000
1211557.000000
1212372.000000
1213172.000000
1213988.000000
1214797.000000
1215607.000000
1216440.000000
1217256.000000
1218078.000000
1218909.000000
1219708.000000
1220514.000000
1221337.000000
1222141.000000
1222957.000000
1223802.000000
1224621.000000
1225476.000000
1226336.000000
1227146.000000
1227970.000000
1228793.000000
1229583.000000
1230386.000000
1231232.000000
1232062.000000
1232899.000000
1233774.000000
1234624.000000
1235469.000000
1236328.000000
1237150.000000
1237971.000000
1238799.000000
1239602.000000
1240390.000000
1241199.000000
1242022.000000
1242800.000000
1243608.000000
1244433.000000
1245227.000000
1246042.000000
1246869.000000
1247655.000000
1248450.000000
1249269.000000
1250066.000000
1250886.000000
1251725.000000
1252527.000000
1253354.000000
1254186.000000
1254984.000000
1255808.000000
1256628.000000
1257410.000000
1258210.000000
1259032.000000
1259828.000000
1260658.000000
1261503.000000
1262320.000000
1263159.000000
1264006.000000
1264808.000000
1265591.000000
1266363.000000
1267123.000000
1267831.000000
1268507.000000
1269216.000000
1270009.000000
1270830.000000
1271618.000000
1272437.000000
1273228.000000
1274022.000000
1274853.000000
1275695.000000
1276479.000000
1277253.000000
1278059.000000
1278840.000000
1279584.000000
1280300.000000
1281039.000000
1281790.000000
1282756.000000
1283747.000000
1284702.000000
1285576.000000
1286467.000000
1287353.000000
1288202.000000
1289058.000000
1289929.000000
1290773.000000
1291624.000000
1292517.000000
1293450.000000
1294326.000000
1295191.000000
1296017.000000
1296807.000000
1297605.000000
1298405.000000
1299216.000000
1300061.000000
1300895.000000
1301700.000000
1302536.000000
1303364.000000
1304167.000000
1304991.000000
1305816.000000
1306598.000000
1307407.000000
1308235.000000
1309011.000000
1309808.000000
1310631.000000
1311410.000000
1312217.000000
1313043.000000
1313823.000000
1314605.000000
1315412.000000
1316180.000000
1316912.000000
1317623.000000
1318297.000000
1318950.000000
1319638.000000
1320440.000000
1321244.000000
1322090.000000
