Peaks (s)
630.000000
1291.000000
1961.000000
2634.000000
3304.000000
3959.000000
4605.000000
5252.000000
5901.000000
6541.000000
7170.000000
7794.000000
8430.000000
9089.000000
9755.000000
10411.000000
11072.000000
11741.000000
12425.000000
13094.000000
13752.000000
14410.000000
15069.000000
15730.000000
16387.000000
17029.000000
17668.000000
18311.000000
18966.000000
19629.000000
20277.000000
20919.000000
21565.000000
22222.000000
22884.000000
23537.000000
24181.000000
24824.000000
25469.000000
26117.000000
26754.000000
27388.000000
28025.000000
28671.000000
29320.000000
29967.000000
30615.000000
31277.000000
31934.000000
32578.000000
33219.000000
33865.000000
34520.000000
35167.000000
35805.000000
36443.000000
37089.000000
37738.000000
38381.000000
39023.000000
39673.000000
40328.000000
40972.000000
41607.000000
42243.000000
42882.000000
43525.000000
44157.000000
44785.000000
45417.000000
46076.000000
46756.000000
47420.000000
48073.000000
48729.000000
49389.000000
50045.000000
50687.000000
51321.000000
51958.000000
52601.000000
53240.000000
53875.000000
54506.000000
55143.000000
55801.000000
56455.000000
57108.000000
57758.000000
58412.000000
59077.000000
59738.000000
60383.000000
61018.000000
61651.000000
62284.000000
62924.000000
63570.000000
64212.000000
64847.000000
65491.000000
66143.000000
66803.000000
67455.000000
68093.000000
68732.000000
69374.000000
70021.000000
70670.000000
71307.000000
71938.000000
72579.000000
73232.000000
73898.000000
74549.000000
75193.000000
75834.000000
76481.000000
77131.000000
77774.000000
78412.000000
79061.000000
79726.000000
80395.000000
81049.000000
81702.000000
82361.000000
83034.000000
83694.000000
84345.000000
84997.000000
85651.000000
86294.000000
86932.000000
87576.000000
88220.000000
88862.000000
89498.000000
90142.000000
90799.000000
91479.000000
92154.000000
92809.000000
93467.000000
94127.000000
94767.000000
95399.000000
96028.000000
96668.000000
97327.000000
97985.000000
98633.000000
99272.000000
99925.000000
100578.000000
101220.000000
101856.000000
102489.000000
103125.000000
103758.000000
104388.000000
105017.000000
105655.000000
106286.000000
106917.000000
107548.000000
108187.000000
108822.000000
109449.000000
110076.000000
110708.000000
111338.000000
111966.000000
112587.000000
113216.000000
113859.000000
114492.000000
115123.000000
115753.000000
116392.000000
117026.000000
117651.000000
118276.000000
118909.000000
119547.000000
120176.000000
120798.000000
121422.000000
122051.000000
122676.000000
123299.000000
123924.000000
124560.000000
125192.000000
125820.000000
126447.000000
127080.000000
127712.000000
128336.000000
128957.000000
129581.000000
130203.000000
130822.000000
131437.000000
132058.000000
132692.000000
133323.000000
133950.000000
134581.000000
135225.000000
135876.000000
136514.000000
137143.000000
137771.000000
138403.000000
139030.000000
139650.000000
140265.000000
140874.000000
141469.000000
142064.000000
142665.000000
143266.000000
143865.000000
144480.000000
145118.000000
145765.000000
146404.000000
147035.000000
147665.000000
148304.000000
148949.000000
149596.000000
150229.000000
150857.000000
151491.000000
152128.000000
152752.000000
153357.000000
153954.000000
154554.000000
155159.000000
155782.000000
156428.000000
157097.000000
157751.000000
158400.000000
159044.000000
159693.000000
160347.000000
161009.000000
161661.000000
162301.000000
162940.000000
163585.000000
164248.000000
164908.000000
165555.000000
166200.000000
166853.000000
167518.000000
168171.000000
168818.000000
169483.000000
170154.000000
170811.000000
171457.000000
172107.000000
172770.000000
173439.000000
174097.000000
174746.000000
175401.000000
176064.000000
176713.000000
177354.000000
177995.000000
178640.000000
179296.000000
179943.000000
180583.000000
181231.000000
181885.000000
182535.000000
183180.000000
183827.000000
184482.000000
185130.000000
185768.000000
186406.000000
187055.000000
187713.000000
188362.000000
189016.000000
189684.000000
190354.000000
191009.000000
191664.000000
192325.000000
192987.000000
193633.000000
194275.000000
194928.000000
195600.000000
196265.000000
196920.000000
197570.000000
198230.000000
198903.000000
199577.000000
200235.000000
200888.000000
201534.000000
202189.000000
202856.000000
203521.000000
204168.000000
204813.000000
205465.000000
206122.000000
206775.000000
207419.000000
208057.000000
208703.000000
209363.000000
210017.000000
210662.000000
211305.000000
211954.000000
212604.000000
213246.000000
213883.000000
214522.000000
215168.000000
215827.000000
216476.000000
217124.000000
217787.000000
218459.000000
219123.000000
219777.000000
220425.000000
221080.000000
221736.000000
222383.000000
223017.000000
223647.000000
224292.000000
224955.000000
225619.000000
226269.000000
226916.000000
227583.000000
228260.000000
228939.000000
229596.000000
230245.000000
230891.000000
231543.000000
232205.000000
232857.000000
233503.000000
234150.000000
234807.000000
235469.000000
236121.000000
236773.000000
237433.000000
238100.000000
238752.000000
239394.000000
240032.000000
240676.000000
241321.000000
241963.000000
242599.000000
243235.000000
243881.000000
244543.000000
245192.000000
245832.000000
246466.000000
247106.000000
247751.000000
248390.000000
249026.000000
249658.000000
250304.000000
250966.000000
251639.000000
252293.000000
252933.000000
253572.000000
254222.000000
254881.000000
255535.000000
256179.000000
256815.000000
257457.000000
258112.000000
258772.000000
259426.000000
260066.000000
260698.000000
261331.000000
261965.000000
262610.000000
263242.000000
263871.000000
264500.000000
265141.000000
265789.000000
266438.000000
267081.000000
267717.000000
268356.000000
269007.000000
269660.000000
270308.000000
270945.000000
271573.000000
272205.000000
272841.000000
273473.000000
274101.000000
274725.000000
275360.000000
276005.000000
276641.000000
277278.000000
277920.000000
278573.000000
279220.000000
279855.000000
280486.000000
281121.000000
281752.000000
282376.000000
282996.000000
283620.000000
284250.000000
284875.000000
285498.000000
286122.000000
286750.000000
287381.000000
288006.000000
288635.000000
289271.000000
289912.000000
290542.000000
291169.000000
291800.000000
292436.000000
293062.000000
293683.000000
294308.000000
294935.000000
295556.000000
296178.000000
296807.000000
297439.000000
298071.000000
298696.000000
299326.000000
299961.000000
300599.000000
301230.000000
301851.000000
302468.000000
303088.000000
303718.000000
304341.000000
304960.000000
305582.000000
306216.000000
306855.000000
307484.000000
308107.000000
308728.000000
309355.000000
309983.000000
310601.000000
311218.000000
311834.000000
312460.000000
313083.000000
313703.000000
314328.000000
314960.000000
315585.000000
316205.000000
316824.000000
317446.000000
318065.000000
318678.000000
319292.000000
319909.000000
320532.000000
321151.000000
321769.000000
322393.000000
323029.000000
323674.000000
324310.000000
324939.000000
325577.000000
326219.000000
326857.000000
327482.000000
328100.000000
328725.000000
329355.000000
329998.000000
330632.000000
331259.000000
331889.000000
332528.000000
333166.000000
333795.000000
334421.000000
335044.000000
335671.000000
336297.000000
336916.000000
337530.000000
338149.000000
338773.000000
339391.000000
340008.000000
340628.000000
341255.000000
341882.000000
342505.000000
343123.000000
343747.000000
344380.000000
345024.000000
345662.000000
346291.000000
346915.000000
347548.000000
348187.000000
348822.000000
349449.000000
350078.000000
350723.000000
351384.000000
352032.000000
352670.000000
353311.000000
353953.000000
354597.000000
355229.000000
355857.000000
356493.000000
357144.000000
357782.000000
358412.000000
359040.000000
359673.000000
360317.000000
360974.000000
361618.000000
362251.000000
362887.000000
363532.000000
364178.000000
364814.000000
365446.000000
366081.000000
366725.000000
367373.000000
368011.000000
368641.000000
369274.000000
369912.000000
370555.000000
371185.000000
371808.000000
372433.000000
373064.000000
373691.000000
374316.000000
374940.000000
375570.000000
376205.000000
376832.000000
377461.000000
378092.000000
378736.000000
379380.000000
380020.000000
380655.000000
381286.000000
381920.000000
382555.000000
383184.000000
383804.000000
384424.000000
385052.000000
385689.000000
386317.000000
386940.000000
387575.000000
388218.000000
388856.000000
389486.000000
390116.000000
390752.000000
391383.000000
392003.000000
392617.000000
393229.000000
393850.000000
394467.000000
395086.000000
395702.000000
396327.000000
396955.000000
397589.000000
398216.000000
398837.000000
399453.000000
400074.000000
400701.000000
401324.000000
401951.000000
402583.000000
403218.000000
403844.000000
404464.000000
405081.000000
405705.000000
406334.000000
406959.000000
407581.000000
408209.000000
408843.000000
409467.000000
410086.000000
410705.000000
411334.000000
411966.000000
412584.000000
413200.000000
413820.000000
414445.000000
415062.000000
415676.000000
416289.000000
416913.000000
417539.000000
418158.000000
418777.000000
419397.000000
420018.000000
420639.000000
421254.000000
421862.000000
422475.000000
423090.000000
423700.000000
424304.000000
424911.000000
425528.000000
426143.000000
426759.000000
427375.000000
428001.000000
428633.000000
429258.000000
429875.000000
430495.000000
431122.000000
431747.000000
432362.000000
432974.000000
433592.000000
434217.000000
434838.000000
435459.000000
436083.000000
436709.000000
437324.000000
437937.000000
438545.000000
439160.000000
439787.000000
440429.000000
441061.000000
441689.000000
442317.000000
442956.000000
443607.000000
444247.000000
444879.000000
445512.000000
446153.000000
446791.000000
447418.000000
448039.000000
448662.000000
449290.000000
449915.000000
450534.000000
451147.000000
451764.000000
452389.000000
453014.000000
453636.000000
454258.000000
454885.000000
455507.000000
456123.000000
456746.000000
457379.000000
458002.000000
458620.000000
459241.000000
459858.000000
460471.000000
461081.000000
461694.000000
462313.000000
462926.000000
463538.000000
464158.000000
464783.000000
465409.000000
466031.000000
466651.000000
467278.000000
467913.000000
468544.000000
469174.000000
469791.000000
470412.000000
471037.000000
471665.000000
472288.000000
472908.000000
473539.000000
474173.000000
474805.000000
475431.000000
476057.000000
476693.000000
477330.000000
477959.000000
478580.000000
479204.000000
479836.000000
480473.000000
481098.000000
481719.000000
482336.000000
482959.000000
483588.000000
484209.000000
484825.000000
485441.000000
486069.000000
486708.000000
487348.000000
487976.000000
488615.000000
489270.000000
489915.000000
490546.000000
491172.000000
491803.000000
492439.000000
493068.000000
493690.000000
494305.000000
494923.000000
495546.000000
496167.000000
496782.000000
497395.000000
498017.000000
498640.000000
499257.000000
499871.000000
500496.000000
501131.000000
501760.000000
502382.000000
503006.000000
503636.000000
504257.000000
504875.000000
505493.000000
506116.000000
506734.000000
507350.000000
507964.000000
508587.000000
509207.000000
509822.000000
510439.000000
511063.000000
511686.000000
512304.000000
512923.000000
513551.000000
514171.000000
514786.000000
515400.000000
516020.000000
516637.000000
517253.000000
517868.000000
518491.000000
519121.000000
519753.000000
520380.000000
521003.000000
521636.000000
522272.000000
522895.000000
523515.000000
524136.000000
524776.000000
525413.000000
526035.000000
526652.000000
527275.000000
527908.000000
528541.000000
529167.000000
529806.000000
530443.000000
531076.000000
531699.000000
532327.000000
532965.000000
533605.000000
534238.000000
534864.000000
535480.000000
536088.000000
536681.000000
537266.000000
537846.000000
538430.000000
539026.000000
539646.000000
540296.000000
540934.000000
541559.000000
542184.000000
542819.000000
543440.000000
544056.000000
544664.000000
545282.000000
545905.000000
546525.000000
547139.000000
547760.000000
548392.000000
549017.000000
549634.000000
550249.000000
550872.000000
551501.000000
552121.000000
552739.000000
553357.000000
553966.000000
554570.000000
555174.000000
555785.000000
556401.000000
557017.000000
557633.000000
558261.000000
558893.000000
559519.000000
560140.000000
560759.000000
561386.000000
562017.000000
562636.000000
563244.000000
563856.000000
564482.000000
565107.000000
565728.000000
566352.000000
566986.000000
567626.000000
568257.000000
568881.000000
569504.000000
570126.000000
570748.000000
571361.000000
571968.000000
572577.000000
573195.000000
573830.000000
574466.000000
575096.000000
575722.000000
576354.000000
576988.000000
577610.000000
578226.000000
578845.000000
579467.000000
580079.000000
580683.000000
581291.000000
581904.000000
582515.000000
583112.000000
583697.000000
584280.000000
584862.000000
585442.000000
586024.000000
586616.000000
587225.000000
587854.000000
588490.000000
589123.000000
589746.000000
590360.000000
590970.000000
591586.000000
592209.000000
592839.000000
593466.000000
594087.000000
594704.000000
595324.000000
595956.000000
596597.000000
597230.000000
597857.000000
598487.000000
599127.000000
599774.000000
600403.000000
601029.000000
601652.000000
602278.000000
602904.000000
603523.000000
604136.000000
604746.000000
605363.000000
605988.000000
606612.000000
607235.000000
607865.000000
608505.000000
609142.000000
609768.000000
610387.000000
611006.000000
611630.000000
612255.000000
612869.000000
613478.000000
614096.000000
614726.000000
615367.000000
616010.000000
616643.000000
617278.000000
617921.000000
618561.000000
619190.000000
619816.000000
620442.000000
621074.000000
621692.000000
622305.000000
622916.000000
623528.000000
624141.000000
624755.000000
625369.000000
625988.000000
626617.000000
627253.000000
627879.000000
628504.000000
629135.000000
629772.000000
630401.000000
631021.000000
631639.000000
632256.000000
632874.000000
633488.000000
634101.000000
634721.000000
635345.000000
635974.000000
636595.000000
637213.000000
637835.000000
638459.000000
639084.000000
639697.000000
640307.000000
640922.000000
641543.000000
642161.000000
642774.000000
643387.000000
644008.000000
644634.000000
645257.000000
645878.000000
646500.000000
647125.000000
647745.000000
648362.000000
648978.000000
649601.000000
650221.000000
650834.000000
651442.000000
652054.000000
652672.000000
653292.000000
653907.000000
654522.000000
655138.000000
655762.000000
656390.000000
657014.000000
657633.000000
658255.000000
658886.000000
659518.000000
660144.000000
660772.000000
661408.000000
662042.000000
662671.000000
663293.000000
663921.000000
664551.000000
665174.000000
665793.000000
666424.000000
667057.000000
667697.000000
668328.000000
668961.000000
669599.000000
670242.000000
670874.000000
671501.000000
672127.000000
672760.000000
673387.000000
674006.000000
674624.000000
675247.000000
675879.000000
676500.000000
677116.000000
677736.000000
678365.000000
679002.000000
679635.000000
680267.000000
680893.000000
681528.000000
682175.000000
682831.000000
683494.000000
684141.000000
684783.000000
685430.000000
686083.000000
686728.000000
687363.000000
687998.000000
688640.000000
689298.000000
689958.000000
690615.000000
691269.000000
691914.000000
692534.000000
693153.000000
693769.000000
694383.000000
695007.000000
695645.000000
696297.000000
696941.000000
697579.000000
698206.000000
698840.000000
699476.000000
700109.000000
700738.000000
701364.000000
701996.000000
702633.000000
703264.000000
703888.000000
704525.000000
705173.000000
705815.000000
706451.000000
707095.000000
707744.000000
708387.000000
709022.000000
709653.000000
710287.000000
710919.000000
711544.000000
712164.000000
712791.000000
713429.000000
714061.000000
714689.000000
715322.000000
715962.000000
716605.000000
717240.000000
717872.000000
718513.000000
719146.000000
719774.000000
720400.000000
721035.000000
721674.000000
722305.000000
722930.000000
723561.000000
724201.000000
724840.000000
725472.000000
726097.000000
726727.000000
727372.000000
728009.000000
728639.000000
729268.000000
729909.000000
730557.000000
731196.000000
731829.000000
732468.000000
733121.000000
733754.000000
734383.000000
735013.000000
735651.000000
736282.000000
736908.000000
737536.000000
738176.000000
738824.000000
739462.000000
740096.000000
740737.000000
741390.000000
742045.000000
742688.000000
743327.000000
743975.000000
744627.000000
745289.000000
745944.000000
746585.000000
747223.000000
747868.000000
748529.000000
749183.000000
749827.000000
750470.000000
751123.000000
751780.000000
752424.000000
753061.000000
753697.000000
754339.000000
754981.000000
755619.000000
756257.000000
756898.000000
757541.000000
758180.000000
758815.000000
759447.000000
760082.000000
760715.000000
761343.000000
761966.000000
762592.000000
763239.000000
763881.000000
764518.000000
765151.000000
765795.000000
766457.000000
767100.000000
767735.000000
768373.000000
769015.000000
769657.000000
770289.000000
770917.000000
771547.000000
772188.000000
772825.000000
773466.000000
774101.000000
774753.000000
775391.000000
776022.000000
776650.000000
777280.000000
777903.000000
778530.000000
779153.000000
779785.000000
780412.000000
781042.000000
781665.000000
782295.000000
782938.000000
783566.000000
784192.000000
784822.000000
785461.000000
786103.000000
786745.000000
787381.000000
788029.000000
788691.000000
789368.000000
790021.000000
790681.000000
791349.000000
792010.000000
792662.000000
793303.000000
793935.000000
794576.000000
795222.000000
795880.000000
796531.000000
797173.000000
797829.000000
798500.000000
799168.000000
799820.000000
800466.000000
801114.000000
801763.000000
802404.000000
803035.000000
803664.000000
804302.000000
804949.000000
805587.000000
806225.000000
806868.000000
807521.000000
808203.000000
808865.000000
809517.000000
810170.000000
810829.000000
811490.000000
812139.000000
812783.000000
813432.000000
814092.000000
814753.000000
815411.000000
816056.000000
816696.000000
817334.000000
817984.000000
818644.000000
819305.000000
819956.000000
820610.000000
821257.000000
821909.000000
822557.000000
823201.000000
823835.000000
824484.000000
825144.000000
825808.000000
826460.000000
827098.000000
827738.000000
828387.000000
829045.000000
829698.000000
830344.000000
830995.000000
831657.000000
832330.000000
832987.000000
833636.000000
834281.000000
834937.000000
835593.000000
836246.000000
836890.000000
837532.000000
838180.000000
838835.000000
839483.000000
840120.000000
840755.000000
841398.000000
842052.000000
842710.000000
843354.000000
844002.000000
844665.000000
845328.000000
845976.000000
846618.000000
847264.000000
847915.000000
848565.000000
849203.000000
849840.000000
850489.000000
851135.000000
851773.000000
852406.000000
853043.000000
853692.000000
854357.000000
855007.000000
855648.000000
856286.000000
856934.000000
857581.000000
858224.000000
858861.000000
859503.000000
860154.000000
860812.000000
861456.000000
862093.000000
862731.000000
863376.000000
864026.000000
864669.000000
865308.000000
865960.000000
866616.000000
867263.000000
867901.000000
868536.000000
869177.000000
869823.000000
870462.000000
871094.000000
871737.000000
872402.000000
873053.000000
873700.000000
874346.000000
874998.000000
875652.000000
876295.000000
876938.000000
877589.000000
878237.000000
878872.000000
879507.000000
880146.000000
880797.000000
881449.000000
882090.000000
882730.000000
883380.000000
884025.000000
884661.000000
885292.000000
885924.000000
886557.000000
887187.000000
887817.000000
888444.000000
889077.000000
889723.000000
890365.000000
891000.000000
891645.000000
892294.000000
892937.000000
893573.000000
894202.000000
894832.000000
895464.000000
896088.000000
896725.000000
897367.000000
898022.000000
898668.000000
899308.000000
899945.000000
900585.000000
901229.000000
901863.000000
902493.000000
903130.000000
903763.000000
904394.000000
905021.000000
905654.000000
906301.000000
906935.000000
907567.000000
908201.000000
908842.000000
909481.000000
910112.000000
910737.000000
911365.000000
912000.000000
912637.000000
913268.000000
913894.000000
914533.000000
915192.000000
915841.000000
916485.000000
917139.000000
917811.000000
918463.000000
919103.000000
919741.000000
920388.000000
921030.000000
921660.000000
922289.000000
922927.000000
923577.000000
924222.000000
924869.000000
925521.000000
926183.000000
926836.000000
927487.000000
928145.000000
928795.000000
929435.000000
930070.000000
930707.000000
931349.000000
931984.000000
932618.000000
933254.000000
933900.000000
934542.000000
935180.000000
935819.000000
936470.000000
937115.000000
937754.000000
938394.000000
939041.000000
939690.000000
940330.000000
940964.000000
941610.000000
942263.000000
942906.000000
943543.000000
944189.000000
944854.000000
945524.000000
946185.000000
946843.000000
947508.000000
948171.000000
948825.000000
949473.000000
950128.000000
950787.000000
951431.000000
952069.000000
952718.000000
953374.000000
954017.000000
954652.000000
955291.000000
955943.000000
956595.000000
957244.000000
957892.000000
958547.000000
959205.000000
959851.000000
960494.000000
961142.000000
961802.000000
962456.000000
963102.000000
963746.000000
964403.000000
965060.000000
965707.000000
966350.000000
966998.000000
967661.000000
968319.000000
968964.000000
969601.000000
970245.000000
970900.000000
971558.000000
972205.000000
972847.000000
973486.000000
974130.000000
974787.000000
975446.000000
976089.000000
976731.000000
977383.000000
978035.000000
978679.000000
979315.000000
979957.000000
980604.000000
981242.000000
981874.000000
982511.000000
983145.000000
983781.000000
984421.000000
985054.000000
985699.000000
986356.000000
987007.000000
987650.000000
988301.000000
988957.000000
989602.000000
990237.000000
990869.000000
991508.000000
992138.000000
992763.000000
993387.000000
994023.000000
994681.000000
995337.000000
995983.000000
996624.000000
997274.000000
997922.000000
998562.000000
999193.000000
999826.000000
1000470.000000
1001105.000000
1001738.000000
1002372.000000
1003018.000000
1003669.000000
1004316.000000
1004959.000000
1005613.000000
1006275.000000
1006924.000000
1007563.000000
1008208.000000
1008854.000000
1009495.000000
1010130.000000
1010758.000000
1011388.000000
1012006.000000
1012612.000000
1013224.000000
1013842.000000
1014461.000000
1015097.000000
1015746.000000
1016385.000000
1017019.000000
1017652.000000
1018290.000000
1018920.000000
1019545.000000
1020164.000000
1020792.000000
1021429.000000
1022058.000000
1022692.000000
1023338.000000
1023987.000000
1024638.000000
1025283.000000
1025931.000000
1026580.000000
1027218.000000
1027850.000000
1028489.000000
1029127.000000
1029757.000000
1030389.000000
1031024.000000
1031679.000000
1032330.000000
1032978.000000
1033625.000000
1034287.000000
1034954.000000
1035615.000000
1036260.000000
1036897.000000
1037545.000000
1038194.000000
1038833.000000
1039465.000000
1040095.000000
1040737.000000
1041395.000000
1042056.000000
1042711.000000
1043360.000000
1044019.000000
1044679.000000
1045324.000000
1045973.000000
1046628.000000
1047283.000000
1047924.000000
1048559.000000
1049203.000000
1049856.000000
1050506.000000
1051146.000000
1051784.000000
1052446.000000
1053129.000000
1053838.000000
1054510.000000
1055170.000000
1055823.000000
1056482.000000
1057149.000000
1057807.000000
1058455.000000
1059105.000000
1059770.000000
1060456.000000
1061127.000000
1061779.000000
1062437.000000
1063103.000000
1063771.000000
1064428.000000
1065071.000000
1065720.000000
1066375.000000
1067032.000000
1067676.000000
1068320.000000
1068972.000000
1069639.000000
1070293.000000
1070936.000000
1071578.000000
1072226.000000
1072889.000000
1073541.000000
1074198.000000
1074865.000000
1075526.000000
1076178.000000
1076826.000000
1077487.000000
1078157.000000
1078816.000000
1079465.000000
1080120.000000
1080780.000000
1081423.000000
1082059.000000
1082703.000000
1083345.000000
1083983.000000
1084624.000000
1085280.000000
1085966.000000
1086639.000000
1087304.000000
1087963.000000
1088631.000000
1089290.000000
1089935.000000
1090574.000000
1091214.000000
1091870.000000
1092517.000000
1093160.000000
1093812.000000
1094477.000000
1095131.000000
1095781.000000
1096439.000000
1097109.000000
1097759.000000
1098400.000000
1099036.000000
1099680.000000
1100336.000000
1100983.000000
1101618.000000
1102253.000000
1102894.000000
1103539.000000
1104178.000000
1104812.000000
1105458.000000
1106115.000000
1106762.000000
1107403.000000
1108055.000000
1108707.000000
1109349.000000
1109985.000000
1110626.000000
1111267.000000
1111905.000000
1112539.000000
1113172.000000
1113815.000000
1114468.000000
1115112.000000
1115751.000000
1116396.000000
1117048.000000
1117689.000000
1118326.000000
1118960.000000
1119598.000000
1120235.000000
1120873.000000
1121510.000000
1122158.000000
1122820.000000
1123480.000000
1124131.000000
1124799.000000
1125466.000000
1126115.000000
1126762.000000
1127412.000000
1128059.000000
1128697.000000
1129334.000000
1129979.000000
1130627.000000
1131272.000000
1131908.000000
1132554.000000
1133211.000000
1133856.000000
1134500.000000
1135152.000000
1135811.000000
1136463.000000
1137108.000000
1137756.000000
1138421.000000
1139088.000000
1139748.000000
1140410.000000
1141087.000000
1141753.000000
1142402.000000
1143053.000000
1143709.000000
1144371.000000
1145019.000000
1145658.000000
1146303.000000
1146967.000000
1147631.000000
1148281.000000
1148934.000000
1149604.000000
1150280.000000
1150946.000000
1151592.000000
1152239.000000
1152892.000000
1153532.000000
1154170.000000
1154808.000000
1155458.000000
1156111.000000
1156754.000000
1157401.000000
1158056.000000
1158722.000000
1159380.000000
1160022.000000
1160657.000000
1161294.000000
1161939.000000
1162573.000000
1163206.000000
1163841.000000
1164489.000000
1165144.000000
1165802.000000
1166450.000000
1167126.000000
1167816.000000
1168488.000000
1169148.000000
1169805.000000
1170467.000000
1171127.000000
1171770.000000
1172404.000000
1173042.000000
1173690.000000
1174335.000000
1174977.000000
1175622.000000
1176299.000000
1176988.000000
1177661.000000
1178320.000000
1178986.000000
1179656.000000
1180320.000000
1180965.000000
1181602.000000
1182240.000000
1182887.000000
1183527.000000
1184170.000000
1184821.000000
1185510.000000
1186219.000000
1186907.000000
1187574.000000
1188245.000000
1188912.000000
1189563.000000
1190206.000000
1190851.000000
1191496.000000
1192131.000000
1192763.000000
1193405.000000
1194058.000000
1194704.000000
1195347.000000
1196004.000000
1196665.000000
1197308.000000
1197945.000000
1198580.000000
1199221.000000
1199860.000000
1200487.000000
1201113.000000
1201745.000000
1202388.000000
1203032.000000
1203669.000000
1204312.000000
1204966.000000
1205610.000000
1206249.000000
1206890.000000
1207539.000000
1208191.000000
1208831.000000
1209464.000000
1210100.000000
1210745.000000
1211399.000000
1212049.000000
1212696.000000
1213348.000000
1214010.000000
1214661.000000
1215305.000000
1215945.000000
1216600.000000
1217269.000000
1217933.000000
1218585.000000
1219232.000000
1219879.000000
1220544.000000
1221215.000000
1221886.000000
1222544.000000
1223188.000000
1223836.000000
1224494.000000
1225153.000000
1225805.000000
1226451.000000
1227108.000000
1227792.000000
1228486.000000
1229169.000000
1229837.000000
1230491.000000
1231144.000000
1231812.000000
1232485.000000
1233159.000000
1233815.000000
1234462.000000
1235116.000000
1235783.000000
1236445.000000
1237103.000000
1237758.000000
1238431.000000
1239107.000000
1239768.000000
1240425.000000
1241095.000000
1241775.000000
1242433.000000
1243078.000000
1243731.000000
1244383.000000
1245040.000000
1245686.000000
1246329.000000
1246988.000000
1247668.000000
1248348.000000
1249010.000000
1249662.000000
1250320.000000
1250998.000000
1251707.000000
1252377.000000
1253036.000000
1253687.000000
1254352.000000
1255024.000000
1255691.000000
1256351.000000
1257005.000000
1257645.000000
1258267.000000
1258887.000000
1259511.000000
1260141.000000
1260814.000000
1261505.000000
1262175.000000
