Peaks (s)
512.000000
1249.000000
1978.000000
2685.000000
3369.000000
4047.000000
4708.000000
5383.000000
6090.000000
6784.000000
7480.000000
8218.000000
8995.000000
9792.000000
10537.000000
11267.000000
12011.000000
12754.000000
13492.000000
14213.000000
14932.000000
15660.000000
16399.000000
17169.000000
17942.000000
18687.000000
19434.000000
20181.000000
20934.000000
21688.000000
22416.000000
23151.000000
23891.000000
24639.000000
25390.000000
26129.000000
26864.000000
27612.000000
28348.000000
29100.000000
29879.000000
30648.000000
31419.000000
32195.000000
32952.000000
33687.000000
34429.000000
35180.000000
35919.000000
36658.000000
37383.000000
38086.000000
38802.000000
39522.000000
40258.000000
41007.000000
41777.000000
42561.000000
43398.000000
44233.000000
45059.000000
45831.000000
46599.000000
47368.000000
48111.000000
48845.000000
49577.000000
50326.000000
51092.000000
51881.000000
52719.000000
53506.000000
54267.000000
55026.000000
55787.000000
56528.000000
57257.000000
57982.000000
58726.000000
59500.000000
60308.000000
61091.000000
61832.000000
62579.000000
63320.000000
64054.000000
64774.000000
65484.000000
66214.000000
66963.000000
67756.000000
68531.000000
69268.000000
70012.000000
70770.000000
71551.000000
72305.000000
73037.000000
73770.000000
74492.000000
75233.000000
75965.000000
76701.000000
77470.000000
78263.000000
79077.000000
79854.000000
80633.000000
81413.000000
82195.000000
82962.000000
83714.000000
84456.000000
85216.000000
85975.000000
86736.000000
87490.000000
88230.000000
88976.000000
89718.000000
90467.000000
91200.000000
91922.000000
92660.000000
93412.000000
94173.000000
94919.000000
95649.000000
96376.000000
97094.000000
97812.000000
98519.000000
99218.000000
99930.000000
100672.000000
101414.000000
102142.000000
102874.000000
103615.000000
104365.000000
105136.000000
105874.000000
106597.000000
107328.000000
108064.000000
108814.000000
109552.000000
110275.000000
111014.000000
111766.000000
112531.000000
113275.000000
114009.000000
114757.000000
115498.000000
116246.000000
116974.000000
117711.000000
118456.000000
119209.000000
119957.000000
120692.000000
121437.000000
122189.000000
122953.000000
123706.000000
124459.000000
125220.000000
125996.000000
126787.000000
127561.000000
128311.000000
129066.000000
129832.000000
130619.000000
131426.000000
132204.000000
132982.000000
133793.000000
134619.000000
135408.000000
136166.000000
136945.000000
137771.000000
138617.000000
139396.000000
140146.000000
140900.000000
141648.000000
142404.000000
143171.000000
143930.000000
144687.000000
145433.000000
146178.000000
146908.000000
147630.000000
148355.000000
149097.000000
149826.000000
150539.000000
151258.000000
151986.000000
152713.000000
153428.000000
154127.000000
154827.000000
155522.000000
156224.000000
156920.000000
157623.000000
158345.000000
159091.000000
159839.000000
160572.000000
161305.000000
162072.000000
162820.000000
163554.000000
164271.000000
164981.000000
165686.000000
166384.000000
167070.000000
167760.000000
168480.000000
169250.000000
170012.000000
170742.000000
171474.000000
172213.000000
172953.000000
173673.000000
174389.000000
175098.000000
175800.000000
176495.000000
177187.000000
177905.000000
178655.000000
179404.000000
180142.000000
180876.000000
181596.000000
182310.000000
183017.000000
183708.000000
184403.000000
185107.000000
185827.000000
186552.000000
187284.000000
188049.000000
188844.000000
189594.000000
190325.000000
191051.000000
191777.000000
192502.000000
193199.000000
193889.000000
194571.000000
195268.000000
195968.000000
196659.000000
197371.000000
198110.000000
198881.000000
199620.000000
200360.000000
201103.000000
201861.000000
202628.000000
203357.000000
204081.000000
204808.000000
205526.000000
206232.000000
206926.000000
207623.000000
208320.000000
209049.000000
209781.000000
210492.000000
211214.000000
211965.000000
212728.000000
213462.000000
214182.000000
214912.000000
215680.000000
216476.000000
217249.000000
217997.000000
218781.000000
219579.000000
220373.000000
221158.000000
221919.000000
222696.000000
223470.000000
224245.000000
225021.000000
225798.000000
226574.000000
227356.000000
228111.000000
228858.000000
229603.000000
230373.000000
231203.000000
232056.000000
232832.000000
233602.000000
234394.000000
235201.000000
235964.000000
236719.000000
237477.000000
238236.000000
239027.000000
239783.000000
240538.000000
241300.000000
242085.000000
242881.000000
243647.000000
244405.000000
245172.000000
245957.000000
246749.000000
247496.000000
248245.000000
248985.000000
249745.000000
250480.000000
251197.000000
251930.000000
252691.000000
253502.000000
254281.000000
255050.000000
255834.000000
256627.000000
257462.000000
258224.000000
258975.000000
259737.000000
260521.000000
261278.000000
262020.000000
262766.000000
263516.000000
264311.000000
265082.000000
265832.000000
266605.000000
267387.000000
268184.000000
268942.000000
269691.000000
270462.000000
271247.000000
272028.000000
272795.000000
273546.000000
274310.000000
275068.000000
275830.000000
276578.000000
277342.000000
278123.000000
278911.000000
279684.000000
280448.000000
281214.000000
281974.000000
282731.000000
283473.000000
284217.000000
284975.000000
285767.000000
286585.000000
287390.000000
288179.000000
288997.000000
289834.000000
290673.000000
291453.000000
292241.000000
293065.000000
293877.000000
294648.000000
295389.000000
296131.000000
296893.000000
297673.000000
298442.000000
299199.000000
299962.000000
300746.000000
301564.000000
302356.000000
303112.000000
303864.000000
304613.000000
305379.000000
306180.000000
306956.000000
307703.000000
308465.000000
309253.000000
310041.000000
310799.000000
311576.000000
312404.000000
313241.000000
314049.000000
314816.000000
315594.000000
316380.000000
317162.000000
317934.000000
318696.000000
319478.000000
320270.000000
321038.000000
321783.000000
322526.000000
323278.000000
324036.000000
324774.000000
325518.000000
326300.000000
327118.000000
327898.000000
328639.000000
329372.000000
330118.000000
330883.000000
331661.000000
332409.000000
333160.000000
333945.000000
334733.000000
335509.000000
336264.000000
337028.000000
337786.000000
338539.000000
339276.000000
340011.000000
340761.000000
341524.000000
342274.000000
343009.000000
343742.000000
344493.000000
345247.000000
346003.000000
346747.000000
347491.000000
348240.000000
348996.000000
349736.000000
350460.000000
351190.000000
351926.000000
352694.000000
353464.000000
354245.000000
355017.000000
355757.000000
356484.000000
357206.000000
357916.000000
358623.000000
359321.000000
360018.000000
360743.000000
361484.000000
362272.000000
363031.000000
363786.000000
364544.000000
365302.000000
366038.000000
366763.000000
367483.000000
368190.000000
368898.000000
369593.000000
370285.000000
370981.000000
371702.000000
372498.000000
373245.000000
373974.000000
374712.000000
375462.000000
376209.000000
376939.000000
377663.000000
378397.000000
379143.000000
379863.000000
380564.000000
381260.000000
381955.000000
382655.000000
383355.000000
384042.000000
384727.000000
385417.000000
386143.000000
386883.000000
387609.000000
388332.000000
389064.000000
389828.000000
390578.000000
391306.000000
392043.000000
392794.000000
393524.000000
394245.000000
394968.000000
395694.000000
396472.000000
397312.000000
398103.000000
398860.000000
399631.000000
400404.000000
401202.000000
401995.000000
402761.000000
403563.000000
404397.000000
405190.000000
405951.000000
406727.000000
407506.000000
408284.000000
409034.000000
409789.000000
410551.000000
411347.000000
412108.000000
412858.000000
413618.000000
414388.000000
415162.000000
415910.000000
416644.000000
417384.000000
418129.000000
418877.000000
419608.000000
420335.000000
421070.000000
421815.000000
422578.000000
423322.000000
424072.000000
424828.000000
425587.000000
426331.000000
427064.000000
427812.000000
428572.000000
429323.000000
430060.000000
430791.000000
431533.000000
432281.000000
433013.000000
433737.000000
434454.000000
435166.000000
435903.000000
436639.000000
437396.000000
438149.000000
438903.000000
439666.000000
440438.000000
441205.000000
441956.000000
442713.000000
443467.000000
444234.000000
444988.000000
445736.000000
446484.000000
447249.000000
448015.000000
448760.000000
449501.000000
450248.000000
451001.000000
451784.000000
452549.000000
453303.000000
454065.000000
454829.000000
455588.000000
456332.000000
457097.000000
457848.000000
458596.000000
459319.000000
460047.000000
460783.000000
461562.000000
462346.000000
463101.000000
463863.000000
464640.000000
465410.000000
466165.000000
466905.000000
467641.000000
468368.000000
469081.000000
469777.000000
470482.000000
471222.000000
472009.000000
472785.000000
473547.000000
474344.000000
475160.000000
475966.000000
476726.000000
477473.000000
478213.000000
478949.000000
479682.000000
480406.000000
481137.000000
481893.000000
482690.000000
483471.000000
484251.000000
485056.000000
485921.000000
486840.000000
487651.000000
488415.000000
489188.000000
489963.000000
490784.000000
491586.000000
492406.000000
493268.000000
494166.000000
494994.000000
495777.000000
496601.000000
497438.000000
498291.000000
499082.000000
499836.000000
500584.000000
501342.000000
502080.000000
502805.000000
503531.000000
504256.000000
504979.000000
505686.000000
506384.000000
507069.000000
507730.000000
508403.000000
509083.000000
509760.000000
510451.000000
511153.000000
511875.000000
512585.000000
513294.000000
514011.000000
514738.000000
515485.000000
516214.000000
516942.000000
517681.000000
518419.000000
519157.000000
519880.000000
520606.000000
521338.000000
522071.000000
522805.000000
523535.000000
524272.000000
525010.000000
525752.000000
526477.000000
527191.000000
527909.000000
528634.000000
529349.000000
530050.000000
530748.000000
531445.000000
532167.000000
532963.000000
533752.000000
534519.000000
535317.000000
536141.000000
536966.000000
537748.000000
538518.000000
539301.000000
540087.000000
540871.000000
541641.000000
542428.000000
543219.000000
544041.000000
544889.000000
545676.000000
546456.000000
547244.000000
548026.000000
548791.000000
549538.000000
550300.000000
551068.000000
551876.000000
552649.000000
553416.000000
554211.000000
555017.000000
555826.000000
556593.000000
557363.000000
558151.000000
558926.000000
559692.000000
560458.000000
561236.000000
562042.000000
562852.000000
563624.000000
564413.000000
565228.000000
566026.000000
566792.000000
567558.000000
568328.000000
569098.000000
569847.000000
570594.000000
571358.000000
572128.000000
572887.000000
573623.000000
574354.000000
575092.000000
575849.000000
576612.000000
577364.000000
578108.000000
578869.000000
579617.000000
580366.000000
581099.000000
581835.000000
582603.000000
583410.000000
584206.000000
584960.000000
585725.000000
586513.000000
587291.000000
588044.000000
588799.000000
589565.000000
590340.000000
591094.000000
591834.000000
592575.000000
593336.000000
594121.000000
594906.000000
595659.000000
596408.000000
597165.000000
597955.000000
598752.000000
599500.000000
600232.000000
600983.000000
601746.000000
602552.000000
603374.000000
604178.000000
604984.000000
605811.000000
606630.000000
607420.000000
608190.000000
608983.000000
609806.000000
610632.000000
611438.000000
612233.000000
613040.000000
613860.000000
614635.000000
615426.000000
616232.000000
617067.000000
617855.000000
618635.000000
619429.000000
620235.000000
621026.000000
621794.000000
622586.000000
623431.000000
624353.000000
625167.000000
625956.000000
626777.000000
627644.000000
628476.000000
629243.000000
630019.000000
630812.000000
631629.000000
632433.000000
633234.000000
634063.000000
634881.000000
635682.000000
636444.000000
637200.000000
637974.000000
638766.000000
639533.000000
640326.000000
641175.000000
642050.000000
642868.000000
643653.000000
644467.000000
645294.000000
646066.000000
646817.000000
647574.000000
648351.000000
649147.000000
649931.000000
650693.000000
651496.000000
652312.000000
653118.000000
653905.000000
654707.000000
655521.000000
656329.000000
657098.000000
657856.000000
658632.000000
659450.000000
660267.000000
661046.000000
661804.000000
662569.000000
663358.000000
664202.000000
665044.000000
665864.000000
666692.000000
667504.000000
668279.000000
669046.000000
669807.000000
670581.000000
671358.000000
672113.000000
672872.000000
673643.000000
674450.000000
675223.000000
675979.000000
676749.000000
677525.000000
678314.000000
679069.000000
679815.000000
680561.000000
681299.000000
682033.000000
682760.000000
683492.000000
684220.000000
684963.000000
685709.000000
686431.000000
687154.000000
687885.000000
688629.000000
689358.000000
690079.000000
690805.000000
691540.000000
692277.000000
693008.000000
693726.000000
694447.000000
695178.000000
695910.000000
696628.000000
697350.000000
698072.000000
698812.000000
699533.000000
700252.000000
700987.000000
701741.000000
702492.000000
703232.000000
703978.000000
704750.000000
705521.000000
706272.000000
707012.000000
707772.000000
708545.000000
709333.000000
710097.000000
710860.000000
711651.000000
712443.000000
713206.000000
713968.000000
714748.000000
715527.000000
716290.000000
717043.000000
717802.000000
718554.000000
719302.000000
720028.000000
720756.000000
721493.000000
722255.000000
722999.000000
723738.000000
724494.000000
725271.000000
726056.000000
726813.000000
727569.000000
728342.000000
729107.000000
729860.000000
730603.000000
731351.000000
732097.000000
732854.000000
733593.000000
734323.000000
735056.000000
735799.000000
736561.000000
737314.000000
738076.000000
738867.000000
739682.000000
740462.000000
741239.000000
742027.000000
742815.000000
743583.000000
744348.000000
745113.000000
745891.000000
746644.000000
747395.000000
748154.000000
748941.000000
749741.000000
750520.000000
751314.000000
752132.000000
752957.000000
753739.000000
754533.000000
755337.000000
756160.000000
756948.000000
757721.000000
758530.000000
759374.000000
760185.000000
760953.000000
761726.000000
762498.000000
763283.000000
764045.000000
764799.000000
765577.000000
766374.000000
767168.000000
767936.000000
768693.000000
769463.000000
770258.000000
771060.000000
771820.000000
772590.000000
773359.000000
774160.000000
774928.000000
775680.000000
776449.000000
777230.000000
778021.000000
778778.000000
779540.000000
780292.000000
781045.000000
781784.000000
782520.000000
783265.000000
784034.000000
784800.000000
785541.000000
786280.000000
787023.000000
787762.000000
788510.000000
789267.000000
790024.000000
790820.000000
791624.000000
792478.000000
793277.000000
794061.000000
794841.000000
795607.000000
796355.000000
797102.000000
797861.000000
798647.000000
799445.000000
800216.000000
801036.000000
801873.000000
802670.000000
803455.000000
804259.000000
805072.000000
805872.000000
806640.000000
807409.000000
808188.000000
808976.000000
809750.000000
810501.000000
811281.000000
812046.000000
812799.000000
813533.000000
814268.000000
815029.000000
815792.000000
816548.000000
817295.000000
818043.000000
818788.000000
819536.000000
820270.000000
821008.000000
821748.000000
822513.000000
823300.000000
824067.000000
824831.000000
825600.000000
826375.000000
827129.000000
827864.000000
828626.000000
829378.000000
830145.000000
830888.000000
831628.000000
832372.000000
833115.000000
833855.000000
834592.000000
835345.000000
836113.000000
836886.000000
837641.000000
838377.000000
839113.000000
839862.000000
840649.000000
841464.000000
842255.000000
843037.000000
843813.000000
844567.000000
845324.000000
846100.000000
846890.000000
847674.000000
848444.000000
849227.000000
850030.000000
850823.000000
851609.000000
852373.000000
853166.000000
853949.000000
854734.000000
855492.000000
856255.000000
857030.000000
857827.000000
858628.000000
859395.000000
860151.000000
860905.000000
861670.000000
862441.000000
863190.000000
863946.000000
864705.000000
865474.000000
866247.000000
866997.000000
867753.000000
868517.000000
869278.000000
870025.000000
870770.000000
871526.000000
872307.000000
873097.000000
873867.000000
874645.000000
875433.000000
876211.000000
876960.000000
877713.000000
878471.000000
879222.000000
879954.000000
880684.000000
881431.000000
882198.000000
882945.000000
883691.000000
884442.000000
885192.000000
885940.000000
886680.000000
887423.000000
888169.000000
888910.000000
889636.000000
890360.000000
891078.000000
891779.000000
892479.000000
893170.000000
893839.000000
894520.000000
895201.000000
895891.000000
896588.000000
897290.000000
898006.000000
898717.000000
899422.000000
900136.000000
900854.000000
901566.000000
902283.000000
902991.000000
903685.000000
904383.000000
905082.000000
905791.000000
906501.000000
907232.000000
908006.000000
908804.000000
909616.000000
910385.000000
911145.000000
911917.000000
912686.000000
913465.000000
914227.000000
914976.000000
915743.000000
916533.000000
917353.000000
918140.000000
918933.000000
919746.000000
920558.000000
921340.000000
922111.000000
922908.000000
923711.000000
924493.000000
925242.000000
925999.000000
926763.000000
927572.000000
928360.000000
929117.000000
929908.000000
930785.000000
931701.000000
932513.000000
933304.000000
934104.000000
934930.000000
935708.000000
936474.000000
937255.000000
938073.000000
938885.000000
939652.000000
940449.000000
941259.000000
942084.000000
942868.000000
943648.000000
944450.000000
945288.000000
946077.000000
946846.000000
947634.000000
948433.000000
949222.000000
949989.000000
950746.000000
951509.000000
952291.000000
953073.000000
953824.000000
954575.000000
955330.000000
956117.000000
956904.000000
957664.000000
958428.000000
959213.000000
960005.000000
960768.000000
961515.000000
962268.000000
963024.000000
963814.000000
964583.000000
965354.000000
966166.000000
967025.000000
967858.000000
968643.000000
969421.000000
970187.000000
970954.000000
971699.000000
972455.000000
973239.000000
974061.000000
974900.000000
975709.000000
976518.000000
977344.000000
978168.000000
978965.000000
979734.000000
980512.000000
981286.000000
982042.000000
982793.000000
983533.000000
984292.000000
985073.000000
985861.000000
986612.000000
987355.000000
988113.000000
988883.000000
989672.000000
990435.000000
991208.000000
991992.000000
992776.000000
993535.000000
994280.000000
995032.000000
995791.000000
996573.000000
997360.000000
998130.000000
998918.000000
999693.000000
1000487.000000
1001319.000000
1002108.000000
1002853.000000
1003598.000000
1004333.000000
1005064.000000
1005787.000000
1006518.000000
1007255.000000
1008004.000000
1008739.000000
1009505.000000
1010290.000000
1011085.000000
1011862.000000
1012634.000000
1013407.000000
1014169.000000
1014920.000000
1015665.000000
1016423.000000
1017196.000000
1018001.000000
1018808.000000
1019584.000000
1020371.000000
1021156.000000
1021920.000000
1022668.000000
1023415.000000
1024169.000000
1024942.000000
1025723.000000
1026491.000000
1027270.000000
1028054.000000
1028849.000000
1029613.000000
1030382.000000
1031136.000000
1031898.000000
1032647.000000
1033383.000000
1034128.000000
1034894.000000
1035696.000000
1036472.000000
1037239.000000
1038012.000000
1038785.000000
1039530.000000
1040272.000000
1041038.000000
1041834.000000
1042662.000000
1043461.000000
1044245.000000
1045061.000000
1045869.000000
1046662.000000
1047422.000000
1048194.000000
1049013.000000
1049820.000000
1050593.000000
1051368.000000
1052161.000000
1052977.000000
1053772.000000
1054539.000000
1055320.000000
1056120.000000
1056938.000000
1057727.000000
1058540.000000
1059386.000000
1060183.000000
1060938.000000
1061694.000000
1062455.000000
1063235.000000
1063991.000000
1064737.000000
1065495.000000
1066252.000000
1067028.000000
1067789.000000
1068528.000000
1069264.000000
1069991.000000
1070724.000000
1071448.000000
1072180.000000
1072962.000000
1073804.000000
1074596.000000
1075357.000000
1076130.000000
1076912.000000
1077695.000000
1078456.000000
1079204.000000
1079954.000000
1080705.000000
1081464.000000
1082249.000000
1083069.000000
1083900.000000
1084711.000000
1085512.000000
1086324.000000
1087126.000000
1087895.000000
1088660.000000
1089479.000000
1090309.000000
1091127.000000
1091904.000000
1092671.000000
1093444.000000
1094226.000000
1095002.000000
1095760.000000
1096508.000000
1097266.000000
1098024.000000
1098814.000000
1099615.000000
1100383.000000
1101165.000000
1101941.000000
1102707.000000
1103480.000000
1104221.000000
1104962.000000
1105715.000000
1106484.000000
1107269.000000
1108056.000000
1108810.000000
1109549.000000
1110285.000000
1111017.000000
1111740.000000
1112452.000000
1113157.000000
1113850.000000
1114541.000000
1115219.000000
1115887.000000
1116544.000000
1117205.000000
1117906.000000
1118620.000000
1119334.000000
1120057.000000
1120792.000000
1121543.000000
1122285.000000
1123011.000000
1123751.000000
1124487.000000
1125223.000000
1125964.000000
1126685.000000
1127413.000000
1128151.000000
1128907.000000
1129678.000000
1130437.000000
1131210.000000
1132000.000000
1132806.000000
1133596.000000
1134354.000000
1135096.000000
1135846.000000
1136606.000000
1137389.000000
1138152.000000
1138898.000000
1139652.000000
1140412.000000
1141188.000000
1141941.000000
1142670.000000
1143409.000000
1144148.000000
1144886.000000
1145631.000000
1146384.000000
1147177.000000
1148000.000000
1148809.000000
1149587.000000
1150373.000000
1151170.000000
1151971.000000
1152749.000000
1153510.000000
1154307.000000
1155094.000000
1155861.000000
1156615.000000
1157393.000000
1158178.000000
1158980.000000
1159750.000000
1160512.000000
1161281.000000
1162066.000000
1162853.000000
1163634.000000
1164391.000000
1165148.000000
1165920.000000
1166701.000000
1167492.000000
1168257.000000
1169002.000000
1169749.000000
1170492.000000
1171226.000000
1171950.000000
1172691.000000
1173453.000000
1174237.000000
1175032.000000
1175793.000000
1176567.000000
1177361.000000
1178166.000000
1178926.000000
1179686.000000
1180439.000000
1181196.000000
1181945.000000
1182688.000000
1183431.000000
1184190.000000
1184979.000000
1185750.000000
1186541.000000
1187358.000000
1188173.000000
1188970.000000
1189744.000000
1190511.000000
1191294.000000
1192102.000000
1192873.000000
1193625.000000
1194369.000000
1195108.000000
1195851.000000
1196608.000000
1197347.000000
1198106.000000
1198883.000000
1199639.000000
1200388.000000
