Peaks (s)
657.000000
1585.000000
2813.000000
4066.000000
5371.000000
6609.000000
7781.000000
9001.000000
10207.000000
11288.000000
12279.000000
13317.000000
14544.000000
15698.000000
16867.000000
18074.000000
19228.000000
20398.000000
21498.000000
22522.000000
23705.000000
24846.000000
25928.000000
27091.000000
28312.000000
29561.000000
30842.000000
32073.000000
33074.000000
34150.000000
35332.000000
36371.000000
37524.000000
38767.000000
39900.000000
41062.000000
42263.000000
43396.000000
44473.000000
45685.000000
46894.000000
47950.000000
49096.000000
50326.000000
51418.000000
52359.000000
53244.000000
54328.000000
55569.000000
56821.000000
57976.000000
59179.000000
60340.000000
61357.000000
62449.000000
63455.000000
64457.000000
65458.000000
66422.000000
67360.000000
68344.000000
69265.000000
70232.000000
71404.000000
72630.000000
73861.000000
75070.000000
76272.000000
77379.000000
78404.000000
79564.000000
80822.000000
82094.000000
83247.000000
84481.000000
85758.000000
87072.000000
88246.000000
89485.000000
90752.000000
91976.000000
93009.000000
93979.000000
95282.000000
96576.000000
97812.000000
99067.000000
100351.000000
101531.000000
102650.000000
103889.000000
105143.000000
106217.000000
107170.000000
108202.000000
109500.000000
110776.000000
112000.000000
113201.000000
114456.000000
115670.000000
116738.000000
117800.000000
119088.000000
120370.000000
121651.000000
122937.000000
124221.000000
125493.000000
126689.000000
127874.000000
128970.000000
130107.000000
131357.000000
132623.000000
133757.000000
134954.000000
136222.000000
137396.000000
138502.000000
139736.000000
140989.000000
142146.000000
143115.000000
144086.000000
145363.000000
146620.000000
147880.000000
149109.000000
150369.000000
151635.000000
152863.000000
154017.000000
155263.000000
156517.000000
157633.000000
158815.000000
160088.000000
161329.000000
162409.000000
163304.000000
164208.000000
165474.000000
166717.000000
167961.000000
169208.000000
170464.000000
171724.000000
172981.000000
174189.000000
175388.000000
176630.000000
177849.000000
178955.000000
180103.000000
181288.000000
182481.000000
183665.000000
184800.000000
185841.000000
186801.000000
187957.000000
189194.000000
190292.000000
191456.000000
192648.000000
193701.000000
194687.000000
195771.000000
196930.000000
198037.000000
199128.000000
200258.000000
201390.000000
202408.000000
203441.000000
204594.000000
205690.000000
206695.000000
207797.000000
209002.000000
210160.000000
211205.000000
212317.000000
213498.000000
214640.000000
215668.000000
216671.000000
217722.000000
218832.000000
219814.000000
220703.000000
221658.000000
222510.000000
223321.000000
224192.000000
225428.000000
226647.000000
227871.000000
229087.000000
230265.000000
231407.000000
232391.000000
233255.000000
234089.000000
234961.000000
236117.000000
237342.000000
238581.000000
239826.000000
241055.000000
242273.000000
243490.000000
244705.000000
245764.000000
246763.000000
247933.000000
249121.000000
250292.000000
251395.000000
252506.000000
253605.000000
254728.000000
255799.000000
256892.000000
257804.000000
258678.000000
259954.000000
261208.000000
262485.000000
263779.000000
264985.000000
266219.000000
267389.000000
268445.000000
269687.000000
270907.000000
272026.000000
273200.000000
274461.000000
275700.000000
276775.000000
277974.000000
279203.000000
280336.000000
281452.000000
282740.000000
284005.000000
285246.000000
286501.000000
287741.000000
288944.000000
290161.000000
291439.000000
292676.000000
293834.000000
295038.000000
296234.000000
297291.000000
298374.000000
299594.000000
300811.000000
301960.000000
303210.000000
304498.000000
305654.000000
306787.000000
307964.000000
309137.000000
310115.000000
310981.000000
311808.000000
312717.000000
313972.000000
315208.000000
316459.000000
317704.000000
318954.000000
320188.000000
321369.000000
322531.000000
323704.000000
324771.000000
325760.000000
326839.000000
328077.000000
329275.000000
330393.000000
331599.000000
332783.000000
333998.000000
335076.000000
336129.000000
337369.000000
338620.000000
339820.000000
341081.000000
342378.000000
343601.000000
344737.000000
345968.000000
347172.000000
348328.000000
349538.000000
350788.000000
351909.000000
353123.000000
354379.000000
355578.000000
356851.000000
358126.000000
359398.000000
360618.000000
361858.000000
363110.000000
364273.000000
365521.000000
366794.000000
368031.000000
369267.000000
370471.000000
371574.000000
372603.000000
373871.000000
375120.000000
376369.000000
377629.000000
378887.000000
380139.000000
381340.000000
382576.000000
383658.000000
384823.000000
386068.000000
387235.000000
388475.000000
389726.000000
390912.000000
392065.000000
393282.000000
394466.000000
395506.000000
396590.000000
397784.000000
398984.000000
400069.000000
401029.000000
402150.000000
403411.000000
404636.000000
405713.000000
406832.000000
408006.000000
409062.000000
410158.000000
411361.000000
412474.000000
413585.000000
414725.000000
415708.000000
416701.000000
417801.000000
418964.000000
420058.000000
421247.000000
422394.000000
423465.000000
424429.000000
425406.000000
426393.000000
427426.000000
428342.000000
429232.000000
430478.000000
431711.000000
432934.000000
434079.000000
435106.000000
436164.000000
437290.000000
438449.000000
439466.000000
440492.000000
441649.000000
442795.000000
443896.000000
445127.000000
446319.000000
447392.000000
448530.000000
449708.000000
450827.000000
451836.000000
452940.000000
454180.000000
455366.000000
456399.000000
457455.000000
458491.000000
459438.000000
460430.000000
461573.000000
462790.000000
463867.000000
464976.000000
466158.000000
467281.000000
468424.000000
469632.000000
470807.000000
471886.000000
473042.000000
474242.000000
475361.000000
476494.000000
477628.000000
478713.000000
479680.000000
480686.000000
481940.000000
483168.000000
484307.000000
485488.000000
486691.000000
487834.000000
489020.000000
490196.000000
491306.000000
492239.000000
493098.000000
494019.000000
495289.000000
496548.000000
497783.000000
498963.000000
500124.000000
501240.000000
502265.000000
503377.000000
504627.000000
505838.000000
506964.000000
507926.000000
508943.000000
510119.000000
511303.000000
512390.000000
513487.000000
514664.000000
515859.000000
516951.000000
518114.000000
519335.000000
520465.000000
521439.000000
522482.000000
523720.000000
524853.000000
525943.000000
527138.000000
528306.000000
529377.000000
530490.000000
531669.000000
532824.000000
533903.000000
535073.000000
536243.000000
537399.000000
538510.000000
539614.000000
540775.000000
541891.000000
542842.000000
543703.000000
544622.000000
545823.000000
547063.000000
548279.000000
549455.000000
550635.000000
551820.000000
552938.000000
553954.000000
555062.000000
556227.000000
557401.000000
558478.000000
559455.000000
560520.000000
561677.000000
562872.000000
564029.000000
565286.000000
566520.000000
567694.000000
568906.000000
570092.000000
571138.000000
572206.000000
573389.000000
574557.000000
575747.000000
576981.000000
578184.000000
579328.000000
580505.000000
581652.000000
582797.000000
583952.000000
585131.000000
586217.000000
587381.000000
588586.000000
589660.000000
590643.000000
591745.000000
592996.000000
594164.000000
595370.000000
596599.000000
597766.000000
598839.000000
599995.000000
601172.000000
602217.000000
603260.000000
604389.000000
605611.000000
606688.000000
607542.000000
608338.000000
609097.000000
609843.000000
611090.000000
612332.000000
613540.000000
614741.000000
615916.000000
617023.000000
618076.000000
619125.000000
620207.000000
621312.000000
622403.000000
623456.000000
624505.000000
625586.000000
626581.000000
627625.000000
