Peaks (s)
385.000000
1369.000000
2288.000000
3258.000000
4241.000000
5157.000000
6096.000000
7074.000000
7994.000000
8932.000000
9900.000000
10818.000000
11774.000000
12769.000000
13734.000000
14650.000000
15614.000000
16554.000000
17454.000000
18401.000000
19329.000000
20238.000000
21193.000000
22120.000000
23069.000000
24064.000000
24974.000000
25953.000000
26937.000000
27871.000000
28733.000000
29616.000000
30471.000000
31362.000000
32240.000000
33107.000000
34048.000000
34931.000000
35878.000000
36892.000000
37896.000000
38809.000000
39770.000000
40738.000000
41613.000000
42504.000000
43420.000000
44315.000000
45181.000000
46050.000000
46962.000000
47954.000000
48883.000000
49802.000000
50771.000000
51651.000000
52564.000000
53466.000000
54390.000000
55329.000000
56221.000000
57160.000000
58123.000000
59009.000000
59904.000000
60849.000000
61801.000000
62676.000000
63581.000000
64574.000000
65554.000000
66463.000000
67397.000000
68357.000000
69299.000000
70193.000000
71130.000000
72086.000000
72971.000000
73884.000000
74839.000000
75764.000000
76703.000000
77679.000000
78620.000000
79584.000000
80575.000000
81524.000000
82476.000000
83471.000000
84444.000000
85369.000000
86332.000000
87284.000000
88203.000000
89181.000000
90151.000000
91106.000000
92075.000000
93050.000000
93965.000000
94861.000000
95782.000000
96717.000000
97564.000000
98439.000000
99376.000000
100350.000000
101231.000000
102129.000000
103065.000000
103980.000000
104833.000000
105724.000000
106672.000000
107575.000000
108470.000000
109407.000000
110354.000000
111242.000000
112118.000000
113032.000000
113978.000000
114872.000000
115801.000000
116738.000000
117624.000000
118506.000000
119402.000000
120298.000000
121132.000000
121974.000000
122800.000000
123611.000000
124438.000000
125322.000000
126288.000000
127218.000000
128117.000000
129067.000000
130033.000000
130947.000000
131846.000000
132764.000000
133665.000000
134535.000000
135465.000000
136475.000000
137400.000000
138335.000000
139360.000000
140371.000000
141290.000000
142192.000000
143153.000000
144103.000000
145002.000000
145935.000000
146887.000000
147789.000000
148704.000000
149656.000000
150593.000000
151478.000000
152395.000000
153277.000000
154120.000000
154904.000000
155748.000000
156678.000000
157644.000000
158557.000000
159567.000000
160855.000000
161890.000000
162964.000000
164020.000000
165003.000000
166044.000000
167093.000000
168037.000000
169015.000000
169954.000000
171057.000000
172018.000000
173039.000000
174102.000000
175086.000000
176083.000000
177136.000000
178154.000000
179075.000000
180078.000000
181101.000000
181998.000000
182946.000000
183935.000000
184850.000000
185748.000000
186665.000000
187665.000000
188573.000000
189574.000000
190593.000000
191515.000000
192514.000000
193541.000000
194481.000000
195453.000000
196446.000000
197444.000000
198380.000000
199405.000000
200419.000000
201372.000000
202394.000000
203443.000000
204394.000000
205389.000000
206413.000000
207352.000000
208350.000000
209377.000000
210359.000000
211364.000000
212438.000000
213434.000000
214398.000000
215422.000000
216431.000000
217369.000000
218261.000000
219228.000000
220188.000000
221090.000000
222077.000000
223115.000000
224059.000000
225063.000000
226110.000000
227068.000000
228045.000000
229058.000000
229995.000000
230902.000000
231879.000000
232898.000000
233886.000000
234818.000000
235807.000000
236828.000000
237793.000000
238788.000000
239805.000000
240775.000000
241726.000000
242729.000000
243730.000000
244658.000000
245612.000000
246494.000000
247423.000000
248341.000000
249244.000000
250218.000000
251282.000000
252219.000000
253224.000000
254271.000000
255233.000000
256242.000000
257285.000000
258226.000000
259205.000000
260247.000000
261240.000000
262229.000000
263304.000000
264300.000000
265324.000000
266452.000000
267499.000000
268467.000000
269496.000000
270559.000000
271521.000000
272533.000000
273570.000000
274538.000000
275585.000000
276659.000000
277650.000000
278718.000000
279815.000000
280803.000000
281858.000000
282926.000000
283901.000000
284935.000000
285962.000000
286901.000000
287896.000000
288968.000000
290009.000000
290986.000000
291860.000000
292716.000000
293647.000000
294683.000000
295701.000000
296685.000000
297631.000000
298644.000000
299679.000000
300668.000000
301630.000000
302655.000000
303691.000000
304672.000000
305652.000000
306658.000000
307649.000000
308583.000000
309592.000000
310669.000000
311637.000000
312607.000000
313634.000000
314711.000000
315652.000000
316645.000000
317673.000000
318645.000000
319561.000000
320524.000000
321529.000000
322505.000000
323429.000000
324382.000000
325377.000000
326342.000000
327256.000000
328246.000000
329276.000000
330222.000000
331196.000000
332243.000000
333268.000000
334214.000000
335161.000000
336116.000000
337047.000000
337965.000000
338990.000000
340039.000000
341017.000000
342039.000000
343008.000000
344027.000000
345076.000000
346034.000000
347029.000000
347996.000000
348906.000000
349849.000000
350837.000000
351764.000000
352742.000000
353771.000000
354761.000000
355706.000000
356702.000000
357697.000000
358599.000000
359544.000000
360526.000000
361496.000000
362424.000000
363411.000000
364453.000000
365392.000000
366367.000000
367401.000000
368432.000000
369385.000000
370399.000000
371457.000000
372434.000000
373418.000000
374473.000000
375483.000000
376431.000000
377426.000000
378414.000000
379344.000000
380328.000000
381352.000000
382306.000000
383279.000000
384231.000000
385125.000000
386007.000000
386912.000000
387860.000000
388819.000000
389717.000000
390680.000000
391678.000000
392605.000000
393520.000000
394481.000000
395429.000000
396320.000000
397242.000000
398226.000000
399174.000000
400071.000000
401012.000000
401995.000000
402939.000000
403812.000000
404731.000000
405633.000000
406480.000000
407379.000000
408236.000000
409100.000000
410043.000000
411022.000000
411915.000000
412843.000000
413848.000000
414819.000000
415733.000000
416698.000000
417707.000000
418646.000000
419594.000000
420572.000000
421576.000000
422503.000000
423492.000000
424535.000000
425531.000000
426489.000000
427517.000000
428537.000000
429497.000000
430504.000000
431495.000000
432408.000000
433291.000000
434252.000000
435229.000000
436126.000000
437077.000000
438112.000000
439097.000000
440048.000000
441068.000000
442089.000000
443010.000000
443970.000000
444976.000000
445899.000000
446829.000000
447834.000000
448834.000000
449754.000000
450713.000000
451747.000000
452802.000000
453762.000000
454750.000000
455798.000000
456813.000000
457745.000000
458778.000000
459836.000000
460786.000000
461773.000000
462768.000000
463697.000000
464714.000000
465767.000000
466706.000000
467688.000000
468708.000000
469634.000000
470580.000000
471541.000000
472431.000000
473402.000000
474376.000000
475289.000000
476226.000000
477168.000000
478041.000000
478968.000000
479926.000000
480853.000000
481740.000000
482634.000000
483552.000000
484420.000000
485362.000000
486245.000000
487174.000000
488183.000000
489161.000000
490086.000000
491049.000000
492057.000000
493008.000000
493993.000000
495025.000000
495966.000000
496820.000000
497640.000000
498469.000000
499701.000000
500781.000000
501802.000000
502872.000000
503859.000000
504942.000000
506038.000000
507047.000000
508053.000000
509104.000000
510160.000000
511123.000000
512096.000000
513109.000000
514145.000000
515112.000000
516110.000000
517145.000000
518091.000000
519054.000000
520049.000000
521015.000000
521932.000000
522899.000000
523886.000000
524806.000000
525762.000000
526754.000000
527682.000000
528659.000000
529612.000000
530523.000000
531455.000000
532421.000000
533375.000000
534299.000000
535253.000000
536233.000000
537185.000000
538100.000000
539069.000000
540039.000000
540961.000000
541905.000000
542881.000000
543804.000000
544739.000000
545698.000000
546635.000000
547538.000000
548474.000000
549444.000000
550351.000000
551326.000000
552304.000000
553225.000000
554174.000000
555142.000000
556069.000000
556985.000000
557975.000000
558982.000000
559926.000000
560894.000000
561899.000000
562856.000000
563825.000000
564821.000000
565799.000000
566744.000000
567715.000000
568699.000000
569609.000000
570574.000000
571604.000000
572571.000000
573531.000000
574529.000000
575456.000000
576363.000000
577305.000000
578183.000000
579051.000000
579960.000000
580936.000000
581902.000000
582821.000000
583795.000000
584789.000000
585723.000000
586667.000000
587635.000000
588622.000000
589539.000000
590478.000000
591455.000000
592430.000000
593377.000000
594415.000000
595458.000000
596422.000000
597448.000000
598459.000000
599358.000000
600251.000000
601201.000000
602185.000000
