Peaks (s)
864.000000
1768.000000
2708.000000
3682.000000
4637.000000
5587.000000
6579.000000
7530.000000
8438.000000
9398.000000
10384.000000
11304.000000
12248.000000
13223.000000
14179.000000
15087.000000
16045.000000
17023.000000
17943.000000
18887.000000
19858.000000
20781.000000
21709.000000
22714.000000
23708.000000
24629.000000
25605.000000
26622.000000
27571.000000
28501.000000
29487.000000
30490.000000
31429.000000
32391.000000
33393.000000
34369.000000
35289.000000
36260.000000
37273.000000
38213.000000
39172.000000
40180.000000
41150.000000
42069.000000
43035.000000
44017.000000
44935.000000
45846.000000
46788.000000
47718.000000
48613.000000
49562.000000
50518.000000
51415.000000
52360.000000
53308.000000
54205.000000
55127.000000
56069.000000
56966.000000
57869.000000
58817.000000
59719.000000
60613.000000
61572.000000
62525.000000
63409.000000
64333.000000
65260.000000
66104.000000
66929.000000
67851.000000
68797.000000
69658.000000
70625.000000
71680.000000
72615.000000
73490.000000
74421.000000
75347.000000
76192.000000
77129.000000
78131.000000
79029.000000
79968.000000
80962.000000
81877.000000
82905.000000
83908.000000
84819.000000
85859.000000
86852.000000
87775.000000
88819.000000
89840.000000
90812.000000
91897.000000
92906.000000
93870.000000
94940.000000
95892.000000
96886.000000
97969.000000
98918.000000
99781.000000
100691.000000
101816.000000
102843.000000
103731.000000
104765.000000
105867.000000
106844.000000
107763.000000
108782.000000
109787.000000
110695.000000
111659.000000
112655.000000
113601.000000
114556.000000
115560.000000
116519.000000
117443.000000
118440.000000
119448.000000
120384.000000
121270.000000
122250.000000
123267.000000
124293.000000
125249.000000
126263.000000
127273.000000
128198.000000
129153.000000
130148.000000
131115.000000
132052.000000
133030.000000
134002.000000
134937.000000
135931.000000
136940.000000
137888.000000
138839.000000
139822.000000
140773.000000
141664.000000
142521.000000
143368.000000
144406.000000
145441.000000
146448.000000
147442.000000
148387.000000
149365.000000
150335.000000
151250.000000
152173.000000
153109.000000
154032.000000
154928.000000
155865.000000
156829.000000
157730.000000
158662.000000
159607.000000
160490.000000
161400.000000
162327.000000
163206.000000
164109.000000
165068.000000
165992.000000
166899.000000
167856.000000
168793.000000
169685.000000
170630.000000
171592.000000
172514.000000
173421.000000
174357.000000
175268.000000
176162.000000
177111.000000
178037.000000
178938.000000
179879.000000
180782.000000
181673.000000
182622.000000
183548.000000
184446.000000
185427.000000
186417.000000
187339.000000
188232.000000
189164.000000
190130.000000
191033.000000
191929.000000
192892.000000
193833.000000
194744.000000
195713.000000
196664.000000
197593.000000
198564.000000
199502.000000
200410.000000
201371.000000
202331.000000
203235.000000
204188.000000
205168.000000
206097.000000
207057.000000
208058.000000
209034.000000
209967.000000
210955.000000
211949.000000
212888.000000
213870.000000
214861.000000
215807.000000
216815.000000
217822.000000
218771.000000
219769.000000
220745.000000
221668.000000
222642.000000
223610.000000
224547.000000
225529.000000
226535.000000
227491.000000
228427.000000
229443.000000
230486.000000
231425.000000
232423.000000
233430.000000
234376.000000
235389.000000
236381.000000
237305.000000
238288.000000
239299.000000
240249.000000
241206.000000
242199.000000
243163.000000
244070.000000
245036.000000
246036.000000
246973.000000
247921.000000
248896.000000
249818.000000
250791.000000
251745.000000
252647.000000
253612.000000
254580.000000
255505.000000
256486.000000
257438.000000
258339.000000
259272.000000
260191.000000
261065.000000
261996.000000
262995.000000
263941.000000
264842.000000
265800.000000
266753.000000
267652.000000
268598.000000
269551.000000
270465.000000
271432.000000
272408.000000
273316.000000
274257.000000
275229.000000
276181.000000
277092.000000
278064.000000
279042.000000
279951.000000
280877.000000
281847.000000
282788.000000
283681.000000
284636.000000
285631.000000
286572.000000
287510.000000
288502.000000
289479.000000
290410.000000
291381.000000
292370.000000
293283.000000
294115.000000
294888.000000
295642.000000
296914.000000
298030.000000
299089.000000
300081.000000
300961.000000
301762.000000
302578.000000
303449.000000
304273.000000
305074.000000
305872.000000
306695.000000
307564.000000
308551.000000
309604.000000
310618.000000
311605.000000
312577.000000
313536.000000
314447.000000
315348.000000
316176.000000
317000.000000
317935.000000
319033.000000
320099.000000
321106.000000
322069.000000
323061.000000
324069.000000
325018.000000
325907.000000
326852.000000
327908.000000
328874.000000
329794.000000
330789.000000
331787.000000
332680.000000
333691.000000
334718.000000
335618.000000
336556.000000
337618.000000
338567.000000
339446.000000
340487.000000
341579.000000
342608.000000
343526.000000
344532.000000
345530.000000
346412.000000
347349.000000
348336.000000
349272.000000
350120.000000
350969.000000
352027.000000
353131.000000
354194.000000
355122.000000
356079.000000
357080.000000
358034.000000
358924.000000
359884.000000
360869.000000
361767.000000
362737.000000
363762.000000
364658.000000
365558.000000
366509.000000
367473.000000
368346.000000
369297.000000
370291.000000
371199.000000
372099.000000
373067.000000
374025.000000
374892.000000
375878.000000
376925.000000
377882.000000
378787.000000
379814.000000
380832.000000
381735.000000
382699.000000
383706.000000
384638.000000
385513.000000
386492.000000
387518.000000
388432.000000
389369.000000
390394.000000
391331.000000
392187.000000
393067.000000
394082.000000
395110.000000
396123.000000
397025.000000
397867.000000
398721.000000
399664.000000
400661.000000
401602.000000
402562.000000
403568.000000
404551.000000
405467.000000
406419.000000
407270.000000
408042.000000
408838.000000
409667.000000
410499.000000
411291.000000
412094.000000
412920.000000
413694.000000
414454.000000
415376.000000
416380.000000
417346.000000
418312.000000
419244.000000
420145.000000
421013.000000
421884.000000
422812.000000
423777.000000
424665.000000
425592.000000
426585.000000
427603.000000
428583.000000
429455.000000
430290.000000
431120.000000
431986.000000
433086.000000
434184.000000
435232.000000
436199.000000
437202.000000
438215.000000
439168.000000
440099.000000
441058.000000
442032.000000
442939.000000
443786.000000
444655.000000
445709.000000
446788.000000
447728.000000
448695.000000
449690.000000
450668.000000
451579.000000
452644.000000
453710.000000
454627.000000
455594.000000
456622.000000
457540.000000
458464.000000
459481.000000
460452.000000
461333.000000
462317.000000
463379.000000
464324.000000
465254.000000
466282.000000
467256.000000
468130.000000
469041.000000
470037.000000
471005.000000
471903.000000
472951.000000
473953.000000
474850.000000
475811.000000
476801.000000
477683.000000
478612.000000
479639.000000
480559.000000
481521.000000
482541.000000
483454.000000
484416.000000
485404.000000
486300.000000
487236.000000
488204.000000
489099.000000
490084.000000
491108.000000
492020.000000
492972.000000
493957.000000
494892.000000
495775.000000
496733.000000
497652.000000
498515.000000
499481.000000
500441.000000
501308.000000
502250.000000
503203.000000
504072.000000
504990.000000
505919.000000
506771.000000
507677.000000
508650.000000
509530.000000
510456.000000
511430.000000
512336.000000
513221.000000
514200.000000
515144.000000
516048.000000
517093.000000
518133.000000
519073.000000
520009.000000
521017.000000
521992.000000
522850.000000
523770.000000
524798.000000
525771.000000
526683.000000
527589.000000
528445.000000
529336.000000
530354.000000
531316.000000
532270.000000
533277.000000
534237.000000
535135.000000
536141.000000
537136.000000
538063.000000
539114.000000
540169.000000
541113.000000
542111.000000
543086.000000
543960.000000
544969.000000
546018.000000
546941.000000
548005.000000
549023.000000
549914.000000
550873.000000
551843.000000
552725.000000
553692.000000
554665.000000
555538.000000
556546.000000
557557.000000
558463.000000
559425.000000
560352.000000
561185.000000
562136.000000
563141.000000
564035.000000
564943.000000
566013.000000
567048.000000
567963.000000
569025.000000
570084.000000
571059.000000
571901.000000
572670.000000
573432.000000
574219.000000
575551.000000
576678.000000
577772.000000
578826.000000
579843.000000
580787.000000
581638.000000
582461.000000
583274.000000
584136.000000
585096.000000
586104.000000
587108.000000
588151.000000
589158.000000
590142.000000
591104.000000
592023.000000
592863.000000
593725.000000
594652.000000
595647.000000
596652.000000
597575.000000
598543.000000
599539.000000
600469.000000
601365.000000
602349.000000
603361.000000
604262.000000
605178.000000
606143.000000
607090.000000
607943.000000
608875.000000
609882.000000
610839.000000
611686.000000
612587.000000
613546.000000
614505.000000
615412.000000
616303.000000
617119.000000
617896.000000
618664.000000
619454.000000
620220.000000
620966.000000
621742.000000
622654.000000
623597.000000
624427.000000
625287.000000
626212.000000
627088.000000
627964.000000
628943.000000
629880.000000
630805.000000
631822.000000
632813.000000
633788.000000
634788.000000
635721.000000
636602.000000
637575.000000
638569.000000
639545.000000
640574.000000
641511.000000
642439.000000
643438.000000
644382.000000
645404.000000
646432.000000
647367.000000
648398.000000
649350.000000
650249.000000
651210.000000
652127.000000
653078.000000
654103.000000
655062.000000
656108.000000
657119.000000
658013.000000
659023.000000
660010.000000
660896.000000
661780.000000
662822.000000
663896.000000
664839.000000
665842.000000
666871.000000
667784.000000
668690.000000
669711.000000
670696.000000
671634.000000
672669.000000
673684.000000
674578.000000
675556.000000
676506.000000
677366.000000
678300.000000
679238.000000
680112.000000
681067.000000
682044.000000
682913.000000
683845.000000
684758.000000
685598.000000
686482.000000
687362.000000
688182.000000
689046.000000
689953.000000
690802.000000
691688.000000
692676.000000
693610.000000
694505.000000
695462.000000
696359.000000
697202.000000
698140.000000
699149.000000
700067.000000
701014.000000
701995.000000
702895.000000
703866.000000
704873.000000
705810.000000
706791.000000
707784.000000
708709.000000
709685.000000
710661.000000
711565.000000
712518.000000
713493.000000
714390.000000
715358.000000
716364.000000
717305.000000
718281.000000
719275.000000
720169.000000
721063.000000
721969.000000
722794.000000
723738.000000
724764.000000
725700.000000
726733.000000
727743.000000
728660.000000
729659.000000
730650.000000
731553.000000
732583.000000
733622.000000
734564.000000
735513.000000
736403.000000
737264.000000
738115.000000
738946.000000
739725.000000
740500.000000
741264.000000
742133.000000
743097.000000
743979.000000
744858.000000
745807.000000
746733.000000
747568.000000
748418.000000
749399.000000
750425.000000
751312.000000
752269.000000
753299.000000
754275.000000
755155.000000
756119.000000
757073.000000
757971.000000
758975.000000
759921.000000
760852.000000
761931.000000
762897.000000
763839.000000
764799.000000
765743.000000
766616.000000
767577.000000
768537.000000
769439.000000
770432.000000
771415.000000
772328.000000
773318.000000
774198.000000
775032.000000
775962.000000
776925.000000
777838.000000
778863.000000
779861.000000
780805.000000
781805.000000
782738.000000
783640.000000
784617.000000
785547.000000
786507.000000
787554.000000
788507.000000
789477.000000
790479.000000
791393.000000
792338.000000
793360.000000
794308.000000
795255.000000
796277.000000
797224.000000
798182.000000
799162.000000
800035.000000
800875.000000
801753.000000
802620.000000
803494.000000
804505.000000
805414.000000
806370.000000
807372.000000
808252.000000
809150.000000
810123.000000
811031.000000
812078.000000
813085.000000
814002.000000
815051.000000
816064.000000
816996.000000
818032.000000
818984.000000
819895.000000
820918.000000
821881.000000
822834.000000
823884.000000
824857.000000
825835.000000
826856.000000
827751.000000
828754.000000
829787.000000
830686.000000
831656.000000
832746.000000
833682.000000
834671.000000
835744.000000
836708.000000
837591.000000
838516.000000
839568.000000
840566.000000
841481.000000
842439.000000
843418.000000
844364.000000
845288.000000
846274.000000
847265.000000
848205.000000
849196.000000
850220.000000
851179.000000
852097.000000
853067.000000
854072.000000
855026.000000
855989.000000
857000.000000
857986.000000
858939.000000
859938.000000
860943.000000
861872.000000
862853.000000
863860.000000
864791.000000
865760.000000
866745.000000
867660.000000
868612.000000
869604.000000
870562.000000
871482.000000
872465.000000
873466.000000
874406.000000
875350.000000
876312.000000
877233.000000
878197.000000
879187.000000
880112.000000
881076.000000
882042.000000
882953.000000
883918.000000
884894.000000
885795.000000
886749.000000
887707.000000
888611.000000
889554.000000
890531.000000
891446.000000
892383.000000
893371.000000
894304.000000
895220.000000
896173.000000
897143.000000
898051.000000
899036.000000
900040.000000
900990.000000
901951.000000
902957.000000
903925.000000
904851.000000
905824.000000
906806.000000
907732.000000
908714.000000
909730.000000
910671.000000
911579.000000
912547.000000
913563.000000
914568.000000
915508.000000
916509.000000
917525.000000
918454.000000
919382.000000
920373.000000
921372.000000
922285.000000
923219.000000
924222.000000
925242.000000
926197.000000
927194.000000
928197.000000
929145.000000
930139.000000
931137.000000
932061.000000
933042.000000
934031.000000
934969.000000
935994.000000
937024.000000
937968.000000
938950.000000
939959.000000
940923.000000
941895.000000
942892.000000
943848.000000
944797.000000
945802.000000
946819.000000
947767.000000
948742.000000
949670.000000
950571.000000
951542.000000
952513.000000
953412.000000
954370.000000
955333.000000
956238.000000
957160.000000
958130.000000
959085.000000
960022.000000
961022.000000
961978.000000
962848.000000
963666.000000
964422.000000
965316.000000
966299.000000
967240.000000
968069.000000
968873.000000
969758.000000
970631.000000
971484.000000
972385.000000
973360.000000
974345.000000
975233.000000
976133.000000
977071.000000
978014.000000
978872.000000
979721.000000
980627.000000
981556.000000
982417.000000
983372.000000
984399.000000
985398.000000
986303.000000
987279.000000
988240.000000
989104.000000
990019.000000
991054.000000
991975.000000
992899.000000
993931.000000
994916.000000
995839.000000
996907.000000
997963.000000
998884.000000
999847.000000
1000880.000000
1001853.000000
1002808.000000
1003859.000000
1004842.000000
1005760.000000
1006830.000000
1007860.000000
1008791.000000
1009844.000000
1010840.000000
1011806.000000
1012835.000000
1013791.000000
1014658.000000
1015638.000000
1016745.000000
1017703.000000
1018564.000000
1019504.000000
1020528.000000
1021481.000000
1022445.000000
1023477.000000
1024448.000000
1025400.000000
1026371.000000
1027271.000000
1028135.000000
1029056.000000
1029955.000000
1030792.000000
1031720.000000
1032739.000000
1033662.000000
1034592.000000
1035591.000000
1036581.000000
1037462.000000
1038423.000000
1039391.000000
1040276.000000
1041284.000000
1042304.000000
1043233.000000
1044155.000000
1045141.000000
1046036.000000
1046967.000000
1047956.000000
1048847.000000
1049761.000000
1050767.000000
1051684.000000
1052601.000000
1053605.000000
1054555.000000
1055475.000000
1056482.000000
1057431.000000
1058320.000000
1059333.000000
1060322.000000
1061215.000000
1062155.000000
1063200.000000
1064175.000000
1065122.000000
1066135.000000
1067113.000000
1068029.000000
1069076.000000
1070168.000000
1071152.000000
1072031.000000
1072850.000000
1073775.000000
1074665.000000
1075731.000000
1076802.000000
1077682.000000
1078555.000000
1079629.000000
1080685.000000
1081679.000000
1082748.000000
1083736.000000
1084676.000000
1085719.000000
1086697.000000
1087606.000000
1088559.000000
1089603.000000
1090639.000000
1091600.000000
1092608.000000
1093658.000000
1094650.000000
1095604.000000
1096536.000000
1097408.000000
1098184.000000
1098930.000000
1099673.000000
1100581.000000
1101645.000000
1102673.000000
1103643.000000
1104557.000000
1105416.000000
1106229.000000
1107011.000000
1107821.000000
1108595.000000
1109347.000000
1110103.000000
1110923.000000
1111765.000000
1112601.000000
1113440.000000
1114280.000000
1115116.000000
1115908.000000
1116680.000000
1117452.000000
1118278.000000
1119241.000000
1120240.000000
1121198.000000
1122080.000000
1122938.000000
1123823.000000
1124761.000000
1125755.000000
1126725.000000
1127631.000000
1128461.000000
1129316.000000
1130282.000000
1131283.000000
1132241.000000
1133121.000000
1134027.000000
1135014.000000
1135955.000000
1136798.000000
1137644.000000
1138588.000000
1139609.000000
1140526.000000
1141387.000000
1142338.000000
1143340.000000
1144246.000000
1145077.000000
1145920.000000
1146854.000000
1147868.000000
1148761.000000
1149765.000000
1150839.000000
1151846.000000
1152778.000000
1153749.000000
1154697.000000
1155544.000000
1156397.000000
1157347.000000
1158334.000000
1159207.000000
1160128.000000
1161109.000000
1162039.000000
1162910.000000
1163850.000000
1164784.000000
1165614.000000
1166482.000000
1167395.000000
1168266.000000
1169122.000000
1170083.000000
1171038.000000
1171890.000000
1172802.000000
1173751.000000
1174632.000000
1175461.000000
1176347.000000
1177327.000000
1178286.000000
1179158.000000
1180090.000000
1181040.000000
1181924.000000
1182788.000000
1183760.000000
1184753.000000
1185623.000000
1186520.000000
1187482.000000
1188427.000000
1189289.000000
1190190.000000
1191135.000000
1192056.000000
1192910.000000
1193833.000000
1194827.000000
1195744.000000
1196622.000000
1197584.000000
1198533.000000
1199393.000000
1200223.000000
1201133.000000
1202119.000000
1203032.000000
1203951.000000
1204930.000000
1205868.000000
1206715.000000
1207597.000000
1208518.000000
1209402.000000
1210238.000000
1211168.000000
1212161.000000
1213065.000000
1213917.000000
1214825.000000
1215830.000000
1216788.000000
1217646.000000
1218480.000000
1219352.000000
1220298.000000
1221251.000000
1222126.000000
1223056.000000
1224057.000000
1225017.000000
1225866.000000
1226722.000000
1227605.000000
1228469.000000
1229298.000000
1230199.000000
1231153.000000
1232063.000000
1232939.000000
1233850.000000
1234751.000000
1235593.000000
1236479.000000
1237395.000000
1238249.000000
1239118.000000
1240035.000000
1240928.000000
1241760.000000
1242663.000000
1243607.000000
1244456.000000
1245343.000000
1246277.000000
1247123.000000
1247984.000000
1248914.000000
1249806.000000
1250677.000000
1251621.000000
1252527.000000
1253389.000000
1254302.000000
1255186.000000
1256016.000000
1256894.000000
1257810.000000
1258654.000000
1259558.000000
1260499.000000
1261356.000000
1262230.000000
1263126.000000
1263959.000000
1264815.000000
1265713.000000
1266588.000000
1267453.000000
1268371.000000
1269262.000000
1270083.000000
1270947.000000
1271825.000000
1272656.000000
1273469.000000
1274353.000000
1275259.000000
1276098.000000
1277009.000000
1277932.000000
1278772.000000
1279660.000000
1280588.000000
1281449.000000
1282334.000000
1283294.000000
1284167.000000
1285065.000000
1286041.000000
1286955.000000
1287809.000000
1288751.000000
1289680.000000
1290531.000000
1291492.000000
1292479.000000
1293349.000000
1294315.000000
1295311.000000
1296196.000000
1297109.000000
1298092.000000
1299012.000000
1299954.000000
1300949.000000
1301882.000000
1302768.000000
1303758.000000
1304740.000000
1305607.000000
1306477.000000
1307436.000000
1308407.000000
1309300.000000
1310207.000000
1311165.000000
1312091.000000
1313023.000000
1314043.000000
1315003.000000
1315945.000000
1316931.000000
1317855.000000
1318710.000000
1319621.000000
1320591.000000
1321508.000000
1322383.000000
1323364.000000
1324371.000000
1325305.000000
1326128.000000
1326893.000000
1327634.000000
1328496.000000
1329530.000000
1330449.000000
1331272.000000
1332108.000000
1333050.000000
1333996.000000
1334877.000000
1335824.000000
1336800.000000
1337756.000000
1338680.000000
1339524.000000
1340413.000000
1341344.000000
1342179.000000
1343040.000000
1344010.000000
1344991.000000
1345863.000000
1346788.000000
1347810.000000
1348765.000000
1349656.000000
1350618.000000
1351570.000000
1352458.000000
1353439.000000
1354473.000000
1355384.000000
1356350.000000
1357353.000000
1358264.000000
1359158.000000
1360183.000000
1361167.000000
1362039.000000
1362984.000000
1363971.000000
1364863.000000
1365802.000000
1366831.000000
1367789.000000
1368654.000000
1369576.000000
1370593.000000
1371532.000000
1372411.000000
1373399.000000
1374428.000000
1375366.000000
1376355.000000
1377409.000000
1378347.000000
1379266.000000
1380217.000000
1381142.000000
1382039.000000
1383002.000000
1383981.000000
1384915.000000
1385890.000000
1386874.000000
1387789.000000
1388750.000000
1389726.000000
1390633.000000
1391563.000000
1392526.000000
1393442.000000
1394337.000000
1395297.000000
1396230.000000
1397130.000000
1398089.000000
1399035.000000
1399934.000000
1400876.000000
1401826.000000
1402730.000000
1403677.000000
1404641.000000
1405552.000000
1406484.000000
1407452.000000
1408375.000000
1409253.000000
1410180.000000
1411120.000000
1412017.000000
1412983.000000
1413911.000000
1414807.000000
1415760.000000
1416718.000000
1417624.000000
1418589.000000
1419565.000000
1420462.000000
1421356.000000
1422310.000000
1423285.000000
1424205.000000
1425164.000000
1426107.000000
1426994.000000
1427932.000000
1428907.000000
1429842.000000
1430750.000000
1431698.000000
1432646.000000
1433554.000000
1434510.000000
1435466.000000
1436370.000000
1437310.000000
1438259.000000
1439161.000000
1440082.000000
1441021.000000
1441879.000000
1442763.000000
1443671.000000
1444571.000000
1445465.000000
1446412.000000
1447320.000000
1448240.000000
1449189.000000
1450090.000000
1450991.000000
1451919.000000
1452810.000000
1453711.000000
1454637.000000
1455532.000000
1456438.000000
1457386.000000
1458313.000000
1459230.000000
1460203.000000
1461137.000000
1462028.000000
1462968.000000
1463907.000000
1464806.000000
1465772.000000
1466745.000000
1467671.000000
1468653.000000
1469641.000000
1470582.000000
1471569.000000
1472541.000000
1473459.000000
1474416.000000
1475346.000000
1476259.000000
1477225.000000
1478158.000000
1479073.000000
1479999.000000
1480882.000000
1481803.000000
1482750.000000
1483657.000000
1484581.000000
1485540.000000
1486483.000000
1487381.000000
1488329.000000
1489296.000000
1490215.000000
1491131.000000
1492092.000000
1493075.000000
1493988.000000
1494946.000000
1495918.000000
1496830.000000
1497776.000000
1498757.000000
1499672.000000
1500618.000000
1501594.000000
1502508.000000
1503396.000000
1504330.000000
1505272.000000
1506175.000000
1507132.000000
1508101.000000
1509024.000000
1509994.000000
1510976.000000
1511890.000000
1512831.000000
1513779.000000
1514675.000000
1515609.000000
1516567.000000
1517469.000000
1518417.000000
1519389.000000
1520291.000000
1521209.000000
1522172.000000
1523105.000000
1524026.000000
1525001.000000
1525959.000000
1526875.000000
1527842.000000
1528789.000000
1529691.000000
1530638.000000
1531599.000000
1532504.000000
1533453.000000
1534427.000000
1535335.000000
1536267.000000
1537225.000000
1538140.000000
1539048.000000
1540017.000000
1540970.000000
1541865.000000
1542806.000000
1543799.000000
1544752.000000
1545660.000000
1546611.000000
1547586.000000
1548510.000000
1549442.000000
1550403.000000
1551327.000000
1552195.000000
1553118.000000
1554076.000000
1555002.000000
1555923.000000
1556886.000000
1557823.000000
1558745.000000
1559715.000000
1560662.000000
1561567.000000
1562512.000000
1563457.000000
1564350.000000
1565283.000000
1566233.000000
1567140.000000
1568082.000000
1569015.000000
1569915.000000
1570861.000000
1571783.000000
1572642.000000
1573542.000000
1574487.000000
1575411.000000
1576292.000000
1577224.000000
1578158.000000
1579046.000000
1579981.000000
1580920.000000
1581802.000000
1582718.000000
1583676.000000
1584589.000000
1585485.000000
1586433.000000
1587366.000000
1588266.000000
1589216.000000
1590166.000000
1591064.000000
1591985.000000
1592919.000000
1593805.000000
1594678.000000
1595612.000000
1596574.000000
1597495.000000
1598375.000000
1599306.000000
1600267.000000
1601184.000000
1602073.000000
1603019.000000
1603967.000000
1604862.000000
1605785.000000
1606741.000000
1607671.000000
1608546.000000
1609449.000000
1610404.000000
1611358.000000
1612271.000000
1613222.000000
1614178.000000
1615078.000000
1616012.000000
1616953.000000
1617836.000000
1618670.000000
1619496.000000
1620415.000000
1621430.000000
1622427.000000
1623411.000000
1624381.000000
1625280.000000
1626148.000000
1627009.000000
1627887.000000
1628802.000000
1629737.000000
1630636.000000
1631493.000000
1632409.000000
1633372.000000
1634265.000000
1635088.000000
1635896.000000
1636670.000000
1637522.000000
1638493.000000
1639322.000000
1640200.000000
1641173.000000
1642053.000000
1642916.000000
1643845.000000
1644809.000000
1645669.000000
1646547.000000
1647535.000000
1648484.000000
1649345.000000
1650294.000000
1651288.000000
1652172.000000
1653098.000000
1654088.000000
1655017.000000
1655889.000000
1656872.000000
1657857.000000
1658730.000000
1659659.000000
1660670.000000
1661591.000000
1662510.000000
1663512.000000
1664459.000000
1665342.000000
1666306.000000
1667240.000000
1668095.000000
1669035.000000
1670003.000000
1670872.000000
1671766.000000
1672739.000000
1673666.000000
1674531.000000
1675478.000000
1676427.000000
1677294.000000
1678264.000000
1679219.000000
1680103.000000
1681032.000000
1681973.000000
1682875.000000
1683781.000000
1684727.000000
1685639.000000
1686500.000000
1687391.000000
1688336.000000
1689271.000000
1690150.000000
1691057.000000
1691987.000000
1692917.000000
1693815.000000
1694713.000000
1695586.000000
1696472.000000
1697370.000000
1698236.000000
1699147.000000
1700072.000000
1700944.000000
1701850.000000
1702785.000000
1703699.000000
1704595.000000
1705551.000000
1706513.000000
1707418.000000
1708369.000000
1709344.000000
1710279.000000
1711165.000000
1712099.000000
1713109.000000
1714109.000000
1715034.000000
1715957.000000
1716946.000000
1717933.000000
1718853.000000
1719790.000000
1720762.000000
1721713.000000
1722609.000000
1723547.000000
1724530.000000
1725481.000000
1726386.000000
1727347.000000
1728304.000000
1729201.000000
1730141.000000
1731113.000000
1732064.000000
1732956.000000
1733885.000000
1734846.000000
1735777.000000
1736661.000000
1737584.000000
1738532.000000
1739435.000000
1740313.000000
1741241.000000
1742184.000000
1743070.000000
1743972.000000
1744909.000000
1745813.000000
1746697.000000
1747632.000000
1748568.000000
1749449.000000
1750364.000000
1751305.000000
1752210.000000
1753126.000000
1754084.000000
1755012.000000
1755901.000000
1756857.000000
1757788.000000
1758721.000000
1759671.000000
1760590.000000
1761521.000000
1762460.000000
1763352.000000
1764258.000000
1765193.000000
1766104.000000
1766972.000000
1767875.000000
1768833.000000
1769800.000000
1770695.000000
1771587.000000
1772536.000000
1773494.000000
1774401.000000
1775311.000000
1776269.000000
1777203.000000
1778085.000000
1779007.000000
1779964.000000
1780912.000000
1781785.000000
1782657.000000
1783582.000000
1784535.000000
1785435.000000
1786335.000000
1787270.000000
1788177.000000
1789040.000000
1789933.000000
1790888.000000
1791854.000000
1792776.000000
1793688.000000
1794633.000000
1795587.000000
1796483.000000
1797401.000000
1798349.000000
1799255.000000
1800178.000000
1801118.000000
1802029.000000
1802939.000000
1803892.000000
1804831.000000
1805725.000000
1806659.000000
1807601.000000
1808482.000000
1809371.000000
1810297.000000
1811202.000000
1812071.000000
1812999.000000
1813943.000000
1814827.000000
1815746.000000
1816689.000000
1817579.000000
1818470.000000
1819398.000000
1820299.000000
1821172.000000
1822108.000000
1823024.000000
1823907.000000
1824844.000000
1825749.000000
1826632.000000
1827563.000000
1828464.000000
1829317.000000
1830221.000000
1831141.000000
1832018.000000
1832905.000000
1833834.000000
1834739.000000
1835601.000000
1836524.000000
1837453.000000
1838329.000000
1839252.000000
1840182.000000
1841054.000000
1841903.000000
1842802.000000
1843754.000000
1844709.000000
1845620.000000
1846575.000000
1847551.000000
1848500.000000
1849425.000000
1850380.000000
1851324.000000
1852234.000000
1853180.000000
1854140.000000
1855043.000000
1855996.000000
1856944.000000
1857837.000000
1858775.000000
1859705.000000
1860595.000000
1861539.000000
1862469.000000
1863366.000000
1864330.000000
1865282.000000
1866174.000000
1867099.000000
1868040.000000
1868924.000000
1869854.000000
1870800.000000
1871703.000000
1872635.000000
1873589.000000
1874474.000000
1875351.000000
1876286.000000
1877222.000000
1878108.000000
1879037.000000
1879978.000000
1880873.000000
1881800.000000
1882730.000000
1883612.000000
1884482.000000
1885413.000000
1886348.000000
1887238.000000
1888174.000000
1889129.000000
1890057.000000
1890982.000000
1891952.000000
1892920.000000
1893824.000000
1894716.000000
1895640.000000
1896582.000000
1897482.000000
1898366.000000
1899303.000000
1900270.000000
1901196.000000
1902080.000000
1903011.000000
1903958.000000
1904880.000000
1905761.000000
1906699.000000
1907661.000000
1908580.000000
1909465.000000
1910398.000000
1911350.000000
1912294.000000
1913181.000000
1914117.000000
1915072.000000
1916009.000000
1916862.000000
1917675.000000
1918474.000000
1919455.000000
1920415.000000
1921306.000000
1922133.000000
1922933.000000
1923795.000000
1924661.000000
1925590.000000
1926517.000000
1927429.000000
1928260.000000
1929132.000000
1930064.000000
1931031.000000
1931911.000000
1932838.000000
1933767.000000
1934605.000000
1935514.000000
1936479.000000
1937379.000000
1938265.000000
1939235.000000
1940163.000000
1941009.000000
1941923.000000
