Peaks (s)
1056.000000
1859.000000
2601.000000
3351.000000
4148.000000
4960.000000
5771.000000
6522.000000
7247.000000
7991.000000
8779.000000
9652.000000
10535.000000
11330.000000
12056.000000
12813.000000
13629.000000
14472.000000
15318.000000
16097.000000
16844.000000
17627.000000
18438.000000
19258.000000
20049.000000
20797.000000
21588.000000
22396.000000
23154.000000
23872.000000
24602.000000
25348.000000
26108.000000
26915.000000
27706.000000
28483.000000
29299.000000
30176.000000
31010.000000
31756.000000
32519.000000
33291.000000
34050.000000
34806.000000
35637.000000
36523.000000
37350.000000
38122.000000
38922.000000
39711.000000
40443.000000
41172.000000
41935.000000
42744.000000
43544.000000
44307.000000
45076.000000
45859.000000
46618.000000
47360.000000
48122.000000
48909.000000
49706.000000
50517.000000
51263.000000
51991.000000
52735.000000
53489.000000
54235.000000
54953.000000
55674.000000
56422.000000
57182.000000
57917.000000
58665.000000
59437.000000
60204.000000
60934.000000
61663.000000
62405.000000
63154.000000
63909.000000
64620.000000
65318.000000
66019.000000
66752.000000
67536.000000
68320.000000
69063.000000
69819.000000
70562.000000
71258.000000
71911.000000
72558.000000
73197.000000
73839.000000
74512.000000
75267.000000
76095.000000
76904.000000
77718.000000
78513.000000
79248.000000
79970.000000
80711.000000
81468.000000
82229.000000
82963.000000
83693.000000
84454.000000
85230.000000
85967.000000
86719.000000
87476.000000
88259.000000
89016.000000
89743.000000
90497.000000
91286.000000
92089.000000
92837.000000
93579.000000
94343.000000
95114.000000
95867.000000
96635.000000
97443.000000
98257.000000
99029.000000
99801.000000
100590.000000
101380.000000
102136.000000
102918.000000
103717.000000
104513.000000
105273.000000
106028.000000
106799.000000
107547.000000
108284.000000
109067.000000
109871.000000
110632.000000
111381.000000
112144.000000
112917.000000
113664.000000
114428.000000
115168.000000
115869.000000
116556.000000
117244.000000
117964.000000
118686.000000
119416.000000
120176.000000
120918.000000
121635.000000
122362.000000
123103.000000
123829.000000
124527.000000
125228.000000
125921.000000
126581.000000
127216.000000
127858.000000
128517.000000
129192.000000
129939.000000
130896.000000
131808.000000
132661.000000
133423.000000
134177.000000
134924.000000
135648.000000
136355.000000
137099.000000
137888.000000
138684.000000
139474.000000
140355.000000
141221.000000
142000.000000
142743.000000
143483.000000
144228.000000
144966.000000
145751.000000
146773.000000
147735.000000
148658.000000
149594.000000
150506.000000
151316.000000
152057.000000
152804.000000
153589.000000
154485.000000
155349.000000
156231.000000
157118.000000
157976.000000
158755.000000
159520.000000
160280.000000
161025.000000
161753.000000
162464.000000
163190.000000
163983.000000
164855.000000
165724.000000
166580.000000
167410.000000
168167.000000
168920.000000
169687.000000
170438.000000
171186.000000
171986.000000
172772.000000
173499.000000
174203.000000
174917.000000
175636.000000
176350.000000
177069.000000
177832.000000
178619.000000
179375.000000
180100.000000
180828.000000
181565.000000
182329.000000
183117.000000
183886.000000
184656.000000
185463.000000
186282.000000
187053.000000
187810.000000
188591.000000
189366.000000
190099.000000
190828.000000
191574.000000
192358.000000
193125.000000
193885.000000
194676.000000
195474.000000
196260.000000
197002.000000
197714.000000
198424.000000
199159.000000
199947.000000
200719.000000
201495.000000
202315.000000
203181.000000
204004.000000
204755.000000
205509.000000
206263.000000
207021.000000
207756.000000
208490.000000
209259.000000
210049.000000
210855.000000
211614.000000
212356.000000
213109.000000
213892.000000
214644.000000
215373.000000
216123.000000
216889.000000
217666.000000
218416.000000
219144.000000
219904.000000
220680.000000
221450.000000
222189.000000
222925.000000
223660.000000
224410.000000
225141.000000
225853.000000
226571.000000
227301.000000
228035.000000
228757.000000
229463.000000
230155.000000
230818.000000
231471.000000
232145.000000
232835.000000
233538.000000
234277.000000
235061.000000
235852.000000
236594.000000
237323.000000
238068.000000
238842.000000
239604.000000
240341.000000
241091.000000
241857.000000
242625.000000
243405.000000
244164.000000
244899.000000
245665.000000
246467.000000
247265.000000
248025.000000
248766.000000
249539.000000
250330.000000
251089.000000
251823.000000
252574.000000
253346.000000
254098.000000
254848.000000
255618.000000
256403.000000
257163.000000
257902.000000
258668.000000
259438.000000
260173.000000
260906.000000
261675.000000
262470.000000
263248.000000
264022.000000
264811.000000
265599.000000
266355.000000
267111.000000
267883.000000
268642.000000
269397.000000
270154.000000
270915.000000
271645.000000
272353.000000
273071.000000
273805.000000
274574.000000
275312.000000
276058.000000
276809.000000
277541.000000
278259.000000
278991.000000
279726.000000
280441.000000
281143.000000
281858.000000
282599.000000
283365.000000
284110.000000
284832.000000
285573.000000
286329.000000
287082.000000
287813.000000
288527.000000
289257.000000
290007.000000
290741.000000
291453.000000
292159.000000
292888.000000
293646.000000
294393.000000
295125.000000
295890.000000
296656.000000
297383.000000
298092.000000
298801.000000
299516.000000
300234.000000
300941.000000
301652.000000
302398.000000
303177.000000
303967.000000
304715.000000
305458.000000
306217.000000
306972.000000
307698.000000
308415.000000
309151.000000
309897.000000
310633.000000
311359.000000
312118.000000
312910.000000
313681.000000
314425.000000
315182.000000
315947.000000
316685.000000
317407.000000
318153.000000
318906.000000
319669.000000
320410.000000
321169.000000
321951.000000
322721.000000
323476.000000
324237.000000
325003.000000
325743.000000
326473.000000
327215.000000
327967.000000
328726.000000
329463.000000
330186.000000
330933.000000
331701.000000
332467.000000
333205.000000
333933.000000
334668.000000
335417.000000
336147.000000
336865.000000
337603.000000
338378.000000
339133.000000
339873.000000
340642.000000
341425.000000
342178.000000
342913.000000
343651.000000
344386.000000
345099.000000
345802.000000
346534.000000
347315.000000
348106.000000
348873.000000
349624.000000
350387.000000
351139.000000
351829.000000
352496.000000
353161.000000
353822.000000
354503.000000
355238.000000
356132.000000
357018.000000
357881.000000
358740.000000
359601.000000
360398.000000
361196.000000
362003.000000
362774.000000
363529.000000
364320.000000
365138.000000
365924.000000
366694.000000
367483.000000
368278.000000
369031.000000
369783.000000
370568.000000
371391.000000
372169.000000
372948.000000
373760.000000
374601.000000
375393.000000
376126.000000
376862.000000
377597.000000
378342.000000
379112.000000
379995.000000
380939.000000
381827.000000
382703.000000
383554.000000
384330.000000
385096.000000
385868.000000
386638.000000
387380.000000
388129.000000
388903.000000
389703.000000
390483.000000
391267.000000
392074.000000
392890.000000
393694.000000
394446.000000
395197.000000
395975.000000
396752.000000
397517.000000
398267.000000
399039.000000
399852.000000
400646.000000
401398.000000
402142.000000
402898.000000
403661.000000
404435.000000
405184.000000
405915.000000
406668.000000
407448.000000
408223.000000
408970.000000
409720.000000
410496.000000
411279.000000
412027.000000
412784.000000
413557.000000
414350.000000
415126.000000
415883.000000
416673.000000
417496.000000
418271.000000
419023.000000
419796.000000
420592.000000
421396.000000
422151.000000
422907.000000
423696.000000
424503.000000
425268.000000
426009.000000
426754.000000
427509.000000
428267.000000
428995.000000
429740.000000
430532.000000
431316.000000
432068.000000
432821.000000
433581.000000
434313.000000
435036.000000
435772.000000
436529.000000
437273.000000
438019.000000
438795.000000
439556.000000
440321.000000
441103.000000
441882.000000
442628.000000
443387.000000
444164.000000
444925.000000
445680.000000
446453.000000
447219.000000
447958.000000
448704.000000
449466.000000
450214.000000
450956.000000
451731.000000
452534.000000
453302.000000
454101.000000
454967.000000
455803.000000
456585.000000
457352.000000
458127.000000
458898.000000
459661.000000
460416.000000
461213.000000
462078.000000
462949.000000
463778.000000
464659.000000
465535.000000
466350.000000
467154.000000
467952.000000
468743.000000
469520.000000
470316.000000
471127.000000
471917.000000
472720.000000
473498.000000
474209.000000
474910.000000
475622.000000
476334.000000
477076.000000
477866.000000
478693.000000
479473.000000
480262.000000
481100.000000
481949.000000
482749.000000
483545.000000
484372.000000
485187.000000
485972.000000
486739.000000
487568.000000
488533.000000
489511.000000
490388.000000
491264.000000
492116.000000
492884.000000
493651.000000
494445.000000
495232.000000
496008.000000
496803.000000
497655.000000
498534.000000
499352.000000
500185.000000
501021.000000
501858.000000
502642.000000
503388.000000
504138.000000
504914.000000
505792.000000
506759.000000
507647.000000
508532.000000
509469.000000
510376.000000
511192.000000
511963.000000
512754.000000
513607.000000
514502.000000
515386.000000
516268.000000
517126.000000
517926.000000
518741.000000
519567.000000
520359.000000
521147.000000
521947.000000
522756.000000
523526.000000
524314.000000
525117.000000
525884.000000
526649.000000
527456.000000
528243.000000
529020.000000
529815.000000
530614.000000
531377.000000
532148.000000
532932.000000
533730.000000
534498.000000
535279.000000
536104.000000
536911.000000
537670.000000
538440.000000
539230.000000
540001.000000
540769.000000
541569.000000
542405.000000
543207.000000
544019.000000
544817.000000
545609.000000
546378.000000
547135.000000
547907.000000
548694.000000
549452.000000
550207.000000
550998.000000
551798.000000
552566.000000
553333.000000
554117.000000
554907.000000
555664.000000
556416.000000
557196.000000
557996.000000
558764.000000
559533.000000
560326.000000
561155.000000
561950.000000
562719.000000
563492.000000
564256.000000
564994.000000
565750.000000
566533.000000
567304.000000
568060.000000
568847.000000
569638.000000
570398.000000
571150.000000
571919.000000
572678.000000
573436.000000
574234.000000
575015.000000
575766.000000
576514.000000
577278.000000
578059.000000
578816.000000
579569.000000
580353.000000
581100.000000
581823.000000
582536.000000
583214.000000
583886.000000
584577.000000
585270.000000
585981.000000
586736.000000
587533.000000
588310.000000
589124.000000
589964.000000
590750.000000
591537.000000
592323.000000
593083.000000
593823.000000
594581.000000
595340.000000
596091.000000
596849.000000
597666.000000
598518.000000
599342.000000
600179.000000
601031.000000
601837.000000
602618.000000
603403.000000
604191.000000
604954.000000
605708.000000
606497.000000
607298.000000
608078.000000
608879.000000
609731.000000
610557.000000
611329.000000
612107.000000
612903.000000
613700.000000
614471.000000
615236.000000
616037.000000
616857.000000
617649.000000
618440.000000
619279.000000
620133.000000
620949.000000
621746.000000
622565.000000
623371.000000
624139.000000
624903.000000
625689.000000
626525.000000
627344.000000
628194.000000
629057.000000
629883.000000
630659.000000
631461.000000
632266.000000
633079.000000
633917.000000
634722.000000
635500.000000
636287.000000
637134.000000
638102.000000
639061.000000
639925.000000
640761.000000
641553.000000
642323.000000
643075.000000
643852.000000
644711.000000
645644.000000
646519.000000
647389.000000
648244.000000
649033.000000
649827.000000
650634.000000
651402.000000
652181.000000
652963.000000
653774.000000
654549.000000
655345.000000
656187.000000
657015.000000
657824.000000
658641.000000
659444.000000
660217.000000
660998.000000
661792.000000
662581.000000
663371.000000
664195.000000
665050.000000
665858.000000
666677.000000
667496.000000
668294.000000
669091.000000
669893.000000
670674.000000
671445.000000
672251.000000
673108.000000
673948.000000
674781.000000
675613.000000
676418.000000
677215.000000
678024.000000
678818.000000
679622.000000
680457.000000
681273.000000
682062.000000
682847.000000
683626.000000
684400.000000
685201.000000
686040.000000
686845.000000
687650.000000
688477.000000
689266.000000
690044.000000
690837.000000
691631.000000
692405.000000
693218.000000
694028.000000
694818.000000
695580.000000
696357.000000
697151.000000
697933.000000
698705.000000
699515.000000
700322.000000
701086.000000
701866.000000
702649.000000
703413.000000
704169.000000
704945.000000
705738.000000
706515.000000
707278.000000
708075.000000
708886.000000
709664.000000
710444.000000
711231.000000
712015.000000
712774.000000
713531.000000
714315.000000
715129.000000
715905.000000
716662.000000
717450.000000
718254.000000
719026.000000
719775.000000
720545.000000
721331.000000
722091.000000
722843.000000
723612.000000
724398.000000
725169.000000
725925.000000
726687.000000
727453.000000
728228.000000
728973.000000
729739.000000
730522.000000
731321.000000
732096.000000
732871.000000
733664.000000
734431.000000
735199.000000
735971.000000
736744.000000
737487.000000
738243.000000
739021.000000
739786.000000
740492.000000
741190.000000
741926.000000
742749.000000
743577.000000
744365.000000
745167.000000
746000.000000
746797.000000
747585.000000
748407.000000
749200.000000
749963.000000
750724.000000
751516.000000
752337.000000
753137.000000
753974.000000
754824.000000
755657.000000
756446.000000
757258.000000
758076.000000
758860.000000
759666.000000
760510.000000
761323.000000
762135.000000
762974.000000
763816.000000
764612.000000
765434.000000
766250.000000
767034.000000
767837.000000
768680.000000
769510.000000
770341.000000
771185.000000
772000.000000
772810.000000
773655.000000
774508.000000
775320.000000
776129.000000
776961.000000
777835.000000
778696.000000
779500.000000
780279.000000
781082.000000
781887.000000
782671.000000
783460.000000
784287.000000
785111.000000
785897.000000
786703.000000
787516.000000
788317.000000
789112.000000
789927.000000
790773.000000
791576.000000
792376.000000
793191.000000
793995.000000
794782.000000
795600.000000
796437.000000
797245.000000
798042.000000
798866.000000
799691.000000
800482.000000
801280.000000
802089.000000
802889.000000
803671.000000
804450.000000
805269.000000
806112.000000
806932.000000
807757.000000
808577.000000
809356.000000
810109.000000
810874.000000
811659.000000
812431.000000
813198.000000
814014.000000
814862.000000
815666.000000
816476.000000
817313.000000
818137.000000
818919.000000
819693.000000
820432.000000
821169.000000
821926.000000
822715.000000
823511.000000
824288.000000
825101.000000
825944.000000
826761.000000
827565.000000
828377.000000
829195.000000
829990.000000
830762.000000
831539.000000
832323.000000
833102.000000
833873.000000
834727.000000
835684.000000
836554.000000
837429.000000
838305.000000
839096.000000
839844.000000
840622.000000
841406.000000
842159.000000
842909.000000
843681.000000
844496.000000
845284.000000
846065.000000
846866.000000
847676.000000
848460.000000
849234.000000
850011.000000
850781.000000
851521.000000
852252.000000
853010.000000
853809.000000
854636.000000
855437.000000
856259.000000
857129.000000
857972.000000
858783.000000
859597.000000
860394.000000
861160.000000
861918.000000
862699.000000
863513.000000
864313.000000
865120.000000
865967.000000
866793.000000
867594.000000
868425.000000
869237.000000
870016.000000
870786.000000
871572.000000
872367.000000
873146.000000
873963.000000
874854.000000
875764.000000
876600.000000
877430.000000
878249.000000
879033.000000
879794.000000
880570.000000
881358.000000
882145.000000
882940.000000
883793.000000
884650.000000
885468.000000
886305.000000
887123.000000
887894.000000
888653.000000
889360.000000
890056.000000
890778.000000
891522.000000
892255.000000
893052.000000
894029.000000
894989.000000
895876.000000
896718.000000
897523.000000
898292.000000
899062.000000
899862.000000
900662.000000
901432.000000
902218.000000
903045.000000
903863.000000
904649.000000
905442.000000
906272.000000
907060.000000
907832.000000
908622.000000
909400.000000
910159.000000
910913.000000
911697.000000
912492.000000
913255.000000
914054.000000
914865.000000
915650.000000
916425.000000
917204.000000
917991.000000
918752.000000
919512.000000
920286.000000
921107.000000
921901.000000
922692.000000
923504.000000
924313.000000
925085.000000
925839.000000
926605.000000
927392.000000
928154.000000
928932.000000
929745.000000
930553.000000
931336.000000
932122.000000
932912.000000
933665.000000
934399.000000
935137.000000
935892.000000
936656.000000
937423.000000
938191.000000
938994.000000
939822.000000
940620.000000
941432.000000
942269.000000
943094.000000
943865.000000
944629.000000
945403.000000
946194.000000
946979.000000
947810.000000
948743.000000
949731.000000
950659.000000
951535.000000
952394.000000
953223.000000
954001.000000
954755.000000
955572.000000
956453.000000
957313.000000
958165.000000
959049.000000
959919.000000
960700.000000
961471.000000
962253.000000
963063.000000
963850.000000
964610.000000
965392.000000
966199.000000
967015.000000
967822.000000
968641.000000
969467.000000
970260.000000
971040.000000
971830.000000
972608.000000
973357.000000
974102.000000
974876.000000
975659.000000
976424.000000
977195.000000
977993.000000
978807.000000
979575.000000
980317.000000
981083.000000
981871.000000
982651.000000
983429.000000
984249.000000
985105.000000
985923.000000
986708.000000
987519.000000
988346.000000
989142.000000
989927.000000
990732.000000
991550.000000
992361.000000
993183.000000
994036.000000
994877.000000
995691.000000
996502.000000
997304.000000
998075.000000
998843.000000
999630.000000
1000413.000000
1001187.000000
1002002.000000
1002852.000000
1003663.000000
1004460.000000
1005284.000000
1006091.000000
1006880.000000
1007668.000000
1008461.000000
1009245.000000
1010009.000000
1010778.000000
1011586.000000
1012367.000000
1013144.000000
1013925.000000
1014705.000000
1015492.000000
1016324.000000
1017128.000000
1017868.000000
1018599.000000
1019302.000000
1019976.000000
1020648.000000
1021343.000000
1022042.000000
1022787.000000
1023610.000000
1024490.000000
1025334.000000
1026194.000000
1027061.000000
1027882.000000
1028680.000000
1029482.000000
1030282.000000
1031061.000000
1031837.000000
1032641.000000
1033473.000000
1034263.000000
1035045.000000
1035851.000000
1036697.000000
1037501.000000
1038298.000000
1039109.000000
1039931.000000
1040715.000000
1041485.000000
1042274.000000
1043077.000000
1043861.000000
1044623.000000
1045429.000000
1046256.000000
1047049.000000
1047838.000000
1048638.000000
1049451.000000
1050234.000000
1051004.000000
1051788.000000
1052567.000000
1053331.000000
1054094.000000
1054882.000000
1055700.000000
1056500.000000
1057307.000000
1058137.000000
1058954.000000
1059744.000000
1060531.000000
1061338.000000
1062126.000000
1062892.000000
1063683.000000
1064474.000000
1065256.000000
1066036.000000
1066845.000000
1067670.000000
1068464.000000
1069233.000000
1070010.000000
1070798.000000
1071556.000000
1072309.000000
1073096.000000
1073879.000000
1074629.000000
1075388.000000
1076168.000000
1076969.000000
1077741.000000
1078517.000000
1079270.000000
1080001.000000
1080730.000000
1081480.000000
1082232.000000
1082969.000000
1083731.000000
1084509.000000
1085289.000000
1086041.000000
1086811.000000
1087580.000000
1088336.000000
1089077.000000
1089841.000000
1090629.000000
1091432.000000
1092205.000000
1093005.000000
1093823.000000
1094620.000000
1095381.000000
1096148.000000
1096909.000000
1097653.000000
1098392.000000
1099152.000000
1099949.000000
1100735.000000
1101512.000000
1102298.000000
1103109.000000
1103882.000000
1104632.000000
1105394.000000
1106158.000000
1106923.000000
1107703.000000
1108500.000000
1109302.000000
1110104.000000
1110918.000000
1111735.000000
1112526.000000
1113323.000000
1114115.000000
1114888.000000
1115637.000000
1116387.000000
1117143.000000
1117894.000000
1118649.000000
1119463.000000
1120292.000000
1121110.000000
1121915.000000
1122729.000000
1123541.000000
1124319.000000
1125112.000000
1125908.000000
1126690.000000
1127464.000000
1128278.000000
1129112.000000
1129908.000000
1130690.000000
1131490.000000
1132298.000000
1133092.000000
1133857.000000
1134653.000000
1135476.000000
1136310.000000
1137106.000000
1137893.000000
1138691.000000
1139492.000000
1140264.000000
1140996.000000
1141686.000000
1142377.000000
1143108.000000
1144092.000000
1145043.000000
1146004.000000
1146961.000000
1147905.000000
1148832.000000
1149713.000000
1150575.000000
1151424.000000
1152263.000000
1153062.000000
1153863.000000
1154679.000000
1155499.000000
1156297.000000
1157113.000000
1157903.000000
1158664.000000
1159397.000000
1160109.000000
1160815.000000
1161560.000000
1162355.000000
1163185.000000
1163980.000000
1164784.000000
1165587.000000
1166375.000000
1167143.000000
1167914.000000
1168705.000000
1169493.000000
1170290.000000
1171109.000000
1171933.000000
1172738.000000
1173546.000000
1174359.000000
1175169.000000
1175952.000000
1176747.000000
1177555.000000
1178342.000000
1179117.000000
1179886.000000
1180667.000000
1181442.000000
1182224.000000
1183029.000000
1183847.000000
1184638.000000
1185433.000000
1186226.000000
1187021.000000
1187792.000000
1188559.000000
1189336.000000
1190119.000000
1190881.000000
1191629.000000
1192394.000000
1193177.000000
1193964.000000
1194730.000000
1195529.000000
1196317.000000
1197085.000000
1197840.000000
1198614.000000
1199395.000000
1200162.000000
1200937.000000
1201733.000000
1202522.000000
1203275.000000
1204006.000000
1204744.000000
1205490.000000
1206258.000000
1207027.000000
1207787.000000
1208584.000000
1209423.000000
1210275.000000
1211095.000000
1211874.000000
1212656.000000
1213436.000000
1214193.000000
1214931.000000
1215678.000000
1216450.000000
1217218.000000
1217979.000000
1218767.000000
1219595.000000
1220386.000000
1221140.000000
1221905.000000
1222669.000000
1223412.000000
1224160.000000
1224925.000000
1225701.000000
1226451.000000
1227207.000000
1227981.000000
1228750.000000
1229496.000000
1230262.000000
1231034.000000
1231776.000000
1232506.000000
1233246.000000
1233998.000000
1234739.000000
1235485.000000
1236258.000000
1237054.000000
1237829.000000
1238605.000000
1239395.000000
1240177.000000
1240931.000000
1241671.000000
1242403.000000
1243131.000000
1243855.000000
1244585.000000
1245351.000000
1246163.000000
1246947.000000
1247681.000000
1248415.000000
1249160.000000
1249908.000000
1250669.000000
1251409.000000
1252141.000000
1252883.000000
1253638.000000
1254382.000000
1255123.000000
1255879.000000
1256644.000000
1257392.000000
1258150.000000
1258931.000000
1259702.000000
1260446.000000
1261186.000000
1261945.000000
1262725.000000
1263498.000000
1264265.000000
1265048.000000
1265832.000000
1266600.000000
1267376.000000
1268163.000000
1268935.000000
1269688.000000
1270456.000000
1271239.000000
1272012.000000
1272769.000000
1273554.000000
1274354.000000
1275149.000000
1275931.000000
1276722.000000
1277513.000000
1278289.000000
1279049.000000
1279818.000000
1280589.000000
1281349.000000
1282114.000000
1282913.000000
1283708.000000
1284464.000000
1285217.000000
1285987.000000
1286752.000000
1287501.000000
1288238.000000
1288985.000000
1289749.000000
1290511.000000
1291246.000000
1291979.000000
1292726.000000
1293484.000000
1294223.000000
1294939.000000
1295621.000000
1296299.000000
1296995.000000
1297710.000000
1298434.000000
1299200.000000
1300025.000000
1300856.000000
1301660.000000
1302482.000000
1303297.000000
1304075.000000
1304844.000000
1305620.000000
1306390.000000
1307139.000000
1307900.000000
1308685.000000
1309518.000000
1310351.000000
1311194.000000
1312043.000000
1312854.000000
1313659.000000
1314476.000000
1315287.000000
1316061.000000
1316847.000000
1317660.000000
1318477.000000
1319270.000000
1320062.000000
1320844.000000
1321607.000000
1322343.000000
1323068.000000
1323809.000000
1324589.000000
1325378.000000
1326161.000000
1326960.000000
1327766.000000
1328555.000000
1329320.000000
1330087.000000
1330851.000000
1331603.000000
1332347.000000
1333100.000000
1333874.000000
1334646.000000
1335437.000000
1336228.000000
1337006.000000
1337762.000000
1338538.000000
1339313.000000
1340088.000000
1340864.000000
1341654.000000
1342428.000000
1343168.000000
1343906.000000
1344649.000000
1345411.000000
1346172.000000
1346930.000000
1347707.000000
1348489.000000
1349264.000000
1350018.000000
1350797.000000
1351591.000000
1352360.000000
1353106.000000
1353879.000000
1354676.000000
1355481.000000
1356265.000000
1357033.000000
1357815.000000
1358600.000000
1359361.000000
1360104.000000
1360863.000000
1361663.000000
1362485.000000
1363287.000000
1364132.000000
1364976.000000
1365774.000000
1366553.000000
1367347.000000
1368151.000000
1368938.000000
1369699.000000
1370471.000000
1371258.000000
1372038.000000
1372806.000000
1373611.000000
1374453.000000
1375272.000000
1376052.000000
1376841.000000
1377633.000000
1378418.000000
1379202.000000
1379980.000000
1380785.000000
1381597.000000
1382401.000000
1383222.000000
1384044.000000
1384862.000000
1385629.000000
1386382.000000
1387132.000000
1387878.000000
1388626.000000
1389393.000000
1390198.000000
1391058.000000
1391892.000000
1392698.000000
1393506.000000
1394290.000000
1395043.000000
1395780.000000
1396532.000000
1397321.000000
1398134.000000
1398923.000000
1399743.000000
1400570.000000
1401391.000000
1402166.000000
1402940.000000
1403716.000000
1404511.000000
1405295.000000
1406083.000000
1406908.000000
1407721.000000
1408502.000000
1409268.000000
1410049.000000
1410851.000000
1411645.000000
1412410.000000
1413183.000000
1413969.000000
1414739.000000
1415491.000000
1416249.000000
1417018.000000
1417798.000000
1418549.000000
1419299.000000
1420066.000000
1420852.000000
1421619.000000
1422379.000000
1423148.000000
1423914.000000
1424657.000000
1425398.000000
1426161.000000
1426940.000000
1427710.000000
1428468.000000
1429241.000000
1430032.000000
1430813.000000
1431576.000000
1432366.000000
1433137.000000
1433873.000000
1434574.000000
1435267.000000
1435975.000000
1436737.000000
1437562.000000
1438385.000000
1439184.000000
1439982.000000
1440786.000000
1441585.000000
1442356.000000
1443099.000000
1443851.000000
1444619.000000
1445383.000000
1446143.000000
1446933.000000
1447735.000000
1448506.000000
1449255.000000
1450013.000000
1450776.000000
1451525.000000
1452262.000000
1453009.000000
1453757.000000
1454501.000000
1455234.000000
1455979.000000
1456746.000000
1457517.000000
1458274.000000
1459057.000000
1459860.000000
1460639.000000
1461388.000000
1462138.000000
1462892.000000
1463649.000000
1464399.000000
1465161.000000
1465930.000000
1466704.000000
1467468.000000
1468261.000000
1469103.000000
1469905.000000
1470707.000000
1471522.000000
1472318.000000
1473082.000000
1473869.000000
1474670.000000
1475482.000000
1476289.000000
1477107.000000
1477930.000000
1478719.000000
1479459.000000
1480195.000000
1480950.000000
1481726.000000
1482520.000000
1483301.000000
1484085.000000
1484846.000000
1485572.000000
1486264.000000
1486964.000000
1487688.000000
1488426.000000
1489201.000000
1490028.000000
1490870.000000
1491669.000000
1492482.000000
1493295.000000
1494087.000000
1494831.000000
1495586.000000
1496372.000000
1497193.000000
1497985.000000
1498767.000000
1499582.000000
1500410.000000
1501205.000000
1501948.000000
1502693.000000
1503459.000000
1504245.000000
1505051.000000
1505846.000000
1506643.000000
1507460.000000
1508294.000000
1509120.000000
1509921.000000
1510729.000000
1511542.000000
1512320.000000
1513063.000000
1513832.000000
1514642.000000
1515520.000000
1516391.000000
1517234.000000
1518084.000000
1518912.000000
1519701.000000
1520462.000000
1521229.000000
1522001.000000
1522782.000000
1523585.000000
1524421.000000
1525231.000000
1526033.000000
1526827.000000
1527579.000000
1528292.000000
1528995.000000
1529728.000000
1530510.000000
1531371.000000
1532199.000000
1533012.000000
1533854.000000
1534683.000000
1535492.000000
1536265.000000
1537054.000000
1537861.000000
1538685.000000
1539493.000000
1540304.000000
1541128.000000
1541967.000000
1542778.000000
1543595.000000
1544433.000000
1545256.000000
1546043.000000
1546812.000000
1547593.000000
1548379.000000
1549151.000000
1549931.000000
1550728.000000
1551571.000000
1552381.000000
1553181.000000
1554000.000000
1554806.000000
1555593.000000
1556377.000000
1557168.000000
1557943.000000
1558703.000000
1559482.000000
1560303.000000
1561108.000000
1561881.000000
1562657.000000
1563428.000000
1564176.000000
1564894.000000
1565618.000000
1566358.000000
1567107.000000
1567809.000000
1568506.000000
1569212.000000
1569906.000000
1570575.000000
1571246.000000
1571941.000000
1572653.000000
1573360.000000
1574091.000000
1574844.000000
1575622.000000
1576397.000000
1577163.000000
1577958.000000
1578771.000000
1579582.000000
1580359.000000
1581143.000000
1581927.000000
1582695.000000
1583458.000000
1584232.000000
1585035.000000
1585828.000000
1586577.000000
1587304.000000
1588044.000000
1588844.000000
1589708.000000
1590613.000000
1591444.000000
1592226.000000
1593010.000000
1593792.000000
1594559.000000
1595299.000000
1596028.000000
1596797.000000
1597604.000000
1598466.000000
1599304.000000
1600116.000000
1600923.000000
1601711.000000
1602465.000000
1603198.000000
1603944.000000
1604714.000000
1605493.000000
1606274.000000
1607080.000000
1607906.000000
1608680.000000
1609418.000000
1610177.000000
1610939.000000
1611721.000000
1612494.000000
1613250.000000
1614028.000000
1614801.000000
1615567.000000
1616322.000000
1617089.000000
1617869.000000
1618644.000000
1619382.000000
1620130.000000
1620906.000000
1621701.000000
1622483.000000
1623269.000000
1624052.000000
1624824.000000
1625570.000000
1626306.000000
1627062.000000
1627851.000000
1628675.000000
1629488.000000
1630298.000000
1631109.000000
1631890.000000
1632666.000000
1633463.000000
1634288.000000
1635069.000000
1635825.000000
1636592.000000
1637377.000000
1638170.000000
1638942.000000
1639699.000000
1640468.000000
1641249.000000
1642030.000000
1642784.000000
1643537.000000
1644295.000000
1645064.000000
1645835.000000
1646601.000000
1647367.000000
1648164.000000
1648976.000000
1649781.000000
1650574.000000
1651374.000000
1652170.000000
1652952.000000
1653709.000000
1654478.000000
1655262.000000
1656068.000000
1656869.000000
1657642.000000
1658430.000000
1659241.000000
1660043.000000
1660806.000000
1661590.000000
1662375.000000
1663151.000000
1663925.000000
1664736.000000
1665563.000000
1666371.000000
1667152.000000
1667936.000000
1668753.000000
1669572.000000
1670387.000000
1671176.000000
1671967.000000
1672775.000000
1673563.000000
1674323.000000
1675100.000000
1675898.000000
1676686.000000
1677448.000000
1678194.000000
1678967.000000
1679783.000000
1680635.000000
1681498.000000
1682307.000000
1683109.000000
1683906.000000
1684714.000000
1685507.000000
1686255.000000
1686978.000000
1687707.000000
1688487.000000
1689326.000000
1690197.000000
1691034.000000
1691841.000000
1692651.000000
1693420.000000
1694178.000000
1694949.000000
1695743.000000
1696533.000000
1697325.000000
1698149.000000
1698992.000000
1699810.000000
1700624.000000
1701447.000000
1702281.000000
1703081.000000
1703857.000000
1704647.000000
1705462.000000
1706271.000000
1707058.000000
1707847.000000
1708680.000000
1709514.000000
1710313.000000
1711114.000000
1711934.000000
1712748.000000
1713539.000000
1714327.000000
1715140.000000
1715956.000000
1716764.000000
1717555.000000
1718395.000000
1719348.000000
1720263.000000
1721060.000000
1721831.000000
1722603.000000
1723400.000000
1724215.000000
1725010.000000
1725784.000000
1726572.000000
1727375.000000
1728184.000000
1728977.000000
1729769.000000
1730591.000000
1731427.000000
1732232.000000
1732999.000000
1733785.000000
1734598.000000
1735421.000000
1736215.000000
1736997.000000
1737807.000000
1738638.000000
1739474.000000
1740303.000000
1741142.000000
1741968.000000
1742747.000000
1743489.000000
1744226.000000
1744990.000000
1745817.000000
1746751.000000
1747693.000000
1748578.000000
1749440.000000
1750264.000000
1751058.000000
1751851.000000
1752656.000000
1753459.000000
1754252.000000
1755069.000000
1755896.000000
1756712.000000
1757506.000000
1758309.000000
1759142.000000
1759966.000000
1760754.000000
1761542.000000
1762341.000000
1763158.000000
1763964.000000
1764730.000000
1765487.000000
1766268.000000
1767087.000000
1767919.000000
1768720.000000
1769521.000000
1770343.000000
1771164.000000
1771997.000000
1772805.000000
1773582.000000
1774388.000000
1775234.000000
1776135.000000
1776983.000000
1777733.000000
1778469.000000
1779218.000000
1779999.000000
1780807.000000
1781601.000000
1782402.000000
1783244.000000
1784091.000000
1784883.000000
1785626.000000
1786372.000000
1787121.000000
1787882.000000
1788638.000000
1789393.000000
1790131.000000
1790887.000000
1791681.000000
1792512.000000
1793307.000000
1794060.000000
1794824.000000
1795602.000000
1796369.000000
1797106.000000
1797859.000000
1798614.000000
1799412.000000
1800202.000000
