Peaks (s)
621.000000
1189.000000
1761.000000
2336.000000
2908.000000
3493.000000
4074.000000
4643.000000
5228.000000
5815.000000
6411.000000
6995.000000
7585.000000
8165.000000
8755.000000
9353.000000
9957.000000
10594.000000
11222.000000
11845.000000
12448.000000
13062.000000
13684.000000
14301.000000
14911.000000
15522.000000
16139.000000
16822.000000
17518.000000
18166.000000
18788.000000
19401.000000
20021.000000
20643.000000
21272.000000
21907.000000
22539.000000
23195.000000
23845.000000
24516.000000
25183.000000
25827.000000
26450.000000
27063.000000
27691.000000
28335.000000
28957.000000
29591.000000
30234.000000
30883.000000
31546.000000
32186.000000
32802.000000
33424.000000
34058.000000
34701.000000
35323.000000
35938.000000
36559.000000
37150.000000
37730.000000
38292.000000
38843.000000
39411.000000
40092.000000
40798.000000
41448.000000
42112.000000
42777.000000
43454.000000
44083.000000
44702.000000
45331.000000
45960.000000
46636.000000
47282.000000
47996.000000
48708.000000
49439.000000
50117.000000
50796.000000
51470.000000
52158.000000
52795.000000
53426.000000
54064.000000
54738.000000
55430.000000
56099.000000
56737.000000
57356.000000
57968.000000
58586.000000
59211.000000
59820.000000
60441.000000
61076.000000
61733.000000
62374.000000
63000.000000
63622.000000
64239.000000
64870.000000
65476.000000
66094.000000
66747.000000
67469.000000
68193.000000
68874.000000
69550.000000
70195.000000
70822.000000
71440.000000
72063.000000
72705.000000
73359.000000
73985.000000
74617.000000
75255.000000
75944.000000
76598.000000
77282.000000
77940.000000
78615.000000
79241.000000
79870.000000
80494.000000
81151.000000
81792.000000
82431.000000
83079.000000
83738.000000
84420.000000
85069.000000
85704.000000
86328.000000
86963.000000
87625.000000
88291.000000
88952.000000
89627.000000
90336.000000
91026.000000
91677.000000
92319.000000
92953.000000
93602.000000
94223.000000
94852.000000
95479.000000
96114.000000
96735.000000
97354.000000
97969.000000
98610.000000
99317.000000
99987.000000
100641.000000
101278.000000
101928.000000
102593.000000
103239.000000
103872.000000
104505.000000
105140.000000
105795.000000
106457.000000
107092.000000
107738.000000
108382.000000
109041.000000
109673.000000
110288.000000
110893.000000
111501.000000
112131.000000
112750.000000
113367.000000
114012.000000
114681.000000
115337.000000
115961.000000
116586.000000
117212.000000
117839.000000
118459.000000
119081.000000
119713.000000
120404.000000
121057.000000
121703.000000
122340.000000
122995.000000
123641.000000
124276.000000
124932.000000
125614.000000
126273.000000
126932.000000
127609.000000
128312.000000
128979.000000
129634.000000
130277.000000
130947.000000
131621.000000
132270.000000
132932.000000
133592.000000
134263.000000
134910.000000
135547.000000
136185.000000
136847.000000
137516.000000
138186.000000
138876.000000
139606.000000
140296.000000
140987.000000
141669.000000
142350.000000
142996.000000
143628.000000
144255.000000
144911.000000
145637.000000
146280.000000
146915.000000
147564.000000
148295.000000
149012.000000
149699.000000
150367.000000
151026.000000
151678.000000
152319.000000
152955.000000
153639.000000
154427.000000
155224.000000
155922.000000
156600.000000
157268.000000
157943.000000
158580.000000
159197.000000
159816.000000
160453.000000
161081.000000
161696.000000
162284.000000
162859.000000
163433.000000
164046.000000
164691.000000
165352.000000
166000.000000
166637.000000
167265.000000
167872.000000
168464.000000
169038.000000
169597.000000
170152.000000
170729.000000
171441.000000
172139.000000
172829.000000
173504.000000
174180.000000
174843.000000
175509.000000
176151.000000
176791.000000
177415.000000
178051.000000
178697.000000
179347.000000
179990.000000
180634.000000
181297.000000
181940.000000
182577.000000
183226.000000
183913.000000
184588.000000
185238.000000
185906.000000
186585.000000
187232.000000
187872.000000
188521.000000
189178.000000
189880.000000
190508.000000
191158.000000
191794.000000
192521.000000
193195.000000
193900.000000
194613.000000
195316.000000
196004.000000
196655.000000
197295.000000
197949.000000
198631.000000
199287.000000
199970.000000
200645.000000
201369.000000
202008.000000
202654.000000
203288.000000
203957.000000
204631.000000
205316.000000
206080.000000
206811.000000
207508.000000
208183.000000
208850.000000
209505.000000
210164.000000
210797.000000
211434.000000
212072.000000
212772.000000
213423.000000
214101.000000
214772.000000
215454.000000
216088.000000
216726.000000
217366.000000
218035.000000
218691.000000
219335.000000
219977.000000
220601.000000
221246.000000
221940.000000
222661.000000
223351.000000
224027.000000
224681.000000
225341.000000
226031.000000
226759.000000
227440.000000
228114.000000
228777.000000
229412.000000
230033.000000
230645.000000
231268.000000
231920.000000
232616.000000
233293.000000
233954.000000
234593.000000
235248.000000
235908.000000
236573.000000
237237.000000
237897.000000
238591.000000
239277.000000
239955.000000
240632.000000
241312.000000
241991.000000
242645.000000
243299.000000
243952.000000
244626.000000
245371.000000
246116.000000
246855.000000
247564.000000
248222.000000
248889.000000
249555.000000
250239.000000
250929.000000
251604.000000
252251.000000
252875.000000
253497.000000
254146.000000
254827.000000
255531.000000
256241.000000
256896.000000
257530.000000
258152.000000
258775.000000
259407.000000
260041.000000
260669.000000
261288.000000
261916.000000
262552.000000
263209.000000
263836.000000
264472.000000
265101.000000
265744.000000
266377.000000
267001.000000
267615.000000
268231.000000
268848.000000
269464.000000
270085.000000
270692.000000
271296.000000
271905.000000
272529.000000
273159.000000
273795.000000
274414.000000
275025.000000
275643.000000
276279.000000
276914.000000
277548.000000
278166.000000
278775.000000
279384.000000
279985.000000
280569.000000
281150.000000
281753.000000
282415.000000
283056.000000
283699.000000
284315.000000
284965.000000
285703.000000
286451.000000
287147.000000
287811.000000
288441.000000
289053.000000
289653.000000
290261.000000
290897.000000
291541.000000
292218.000000
292855.000000
293465.000000
294055.000000
294636.000000
295211.000000
295801.000000
296493.000000
297204.000000
297918.000000
298604.000000
299260.000000
299907.000000
300551.000000
301207.000000
301861.000000
302527.000000
303183.000000
303819.000000
304502.000000
305172.000000
305874.000000
306557.000000
307221.000000
307927.000000
308593.000000
309283.000000
309925.000000
310565.000000
311188.000000
311831.000000
312466.000000
313087.000000
313694.000000
314309.000000
314941.000000
315593.000000
316248.000000
316896.000000
317548.000000
318208.000000
318872.000000
319529.000000
320174.000000
320845.000000
321516.000000
322167.000000
322836.000000
323502.000000
324198.000000
324858.000000
325505.000000
326155.000000
326804.000000
327447.000000
328071.000000
328685.000000
329289.000000
329900.000000
330518.000000
331135.000000
331736.000000
332335.000000
332947.000000
333568.000000
334224.000000
334870.000000
335496.000000
336139.000000
336774.000000
337440.000000
338073.000000
338697.000000
339319.000000
339957.000000
340625.000000
341284.000000
341921.000000
342550.000000
343208.000000
343880.000000
344559.000000
345209.000000
345868.000000
346544.000000
347240.000000
347918.000000
348577.000000
349233.000000
349897.000000
350568.000000
351202.000000
351829.000000
352452.000000
353067.000000
353667.000000
354242.000000
354828.000000
355457.000000
356201.000000
356962.000000
357678.000000
358334.000000
358979.000000
359616.000000
360259.000000
360883.000000
361506.000000
362138.000000
362778.000000
363450.000000
364090.000000
364734.000000
365387.000000
366047.000000
366700.000000
367336.000000
367979.000000
368614.000000
369251.000000
369863.000000
370490.000000
371123.000000
371780.000000
372418.000000
373049.000000
373685.000000
374332.000000
374988.000000
375630.000000
376272.000000
376921.000000
377581.000000
378244.000000
378899.000000
379547.000000
380196.000000
380863.000000
381555.000000
382200.000000
382859.000000
383517.000000
384189.000000
384830.000000
385473.000000
386114.000000
386770.000000
387416.000000
388049.000000
388677.000000
389317.000000
390022.000000
390718.000000
391389.000000
392082.000000
392794.000000
393497.000000
394159.000000
394817.000000
395481.000000
396165.000000
396816.000000
397476.000000
398148.000000
398862.000000
399544.000000
400218.000000
400887.000000
401574.000000
402225.000000
402875.000000
403561.000000
404252.000000
404948.000000
405608.000000
406256.000000
406902.000000
407569.000000
408218.000000
408845.000000
409471.000000
410120.000000
410854.000000
411528.000000
412181.000000
412820.000000
413474.000000
414140.000000
414773.000000
415400.000000
416032.000000
416674.000000
417319.000000
417947.000000
418565.000000
419192.000000
419840.000000
420511.000000
421157.000000
421799.000000
422455.000000
423125.000000
423776.000000
424410.000000
425046.000000
425709.000000
426379.000000
427030.000000
427669.000000
428312.000000
428950.000000
429596.000000
430227.000000
430862.000000
431496.000000
432152.000000
432800.000000
433435.000000
434052.000000
434672.000000
435305.000000
435945.000000
436585.000000
437206.000000
437815.000000
438409.000000
438994.000000
439576.000000
440187.000000
440817.000000
441445.000000
442067.000000
442699.000000
443311.000000
443925.000000
444542.000000
445151.000000
445752.000000
446354.000000
446961.000000
447572.000000
448171.000000
448776.000000
449392.000000
450021.000000
450651.000000
451264.000000
451871.000000
452473.000000
453095.000000
453712.000000
454332.000000
454965.000000
455606.000000
456247.000000
456888.000000
457530.000000
458166.000000
458785.000000
459406.000000
460040.000000
460688.000000
461341.000000
461993.000000
462661.000000
463325.000000
463987.000000
464630.000000
465280.000000
465943.000000
466624.000000
467274.000000
467927.000000
468577.000000
469237.000000
469873.000000
470507.000000
471124.000000
471750.000000
472382.000000
473009.000000
473644.000000
474291.000000
474953.000000
475582.000000
476208.000000
476819.000000
477434.000000
478064.000000
478706.000000
479338.000000
479946.000000
480544.000000
481134.000000
481710.000000
482280.000000
482859.000000
483463.000000
484077.000000
484704.000000
485358.000000
486002.000000
486634.000000
487252.000000
487865.000000
488486.000000
489109.000000
489715.000000
490324.000000
490956.000000
491601.000000
492228.000000
492842.000000
493454.000000
494073.000000
494699.000000
495317.000000
495922.000000
496530.000000
497151.000000
497785.000000
498396.000000
498992.000000
499595.000000
500202.000000
500830.000000
501449.000000
502083.000000
502715.000000
503361.000000
504030.000000
504668.000000
505294.000000
505925.000000
506579.000000
507217.000000
507837.000000
508454.000000
509073.000000
509701.000000
510340.000000
510961.000000
511581.000000
512216.000000
512868.000000
513504.000000
514138.000000
514766.000000
515403.000000
516030.000000
516639.000000
517248.000000
517856.000000
518466.000000
519085.000000
519688.000000
520290.000000
520897.000000
521516.000000
522157.000000
522781.000000
523411.000000
524030.000000
524648.000000
525282.000000
525927.000000
526546.000000
527166.000000
527816.000000
528504.000000
529170.000000
529821.000000
530428.000000
531036.000000
531687.000000
532428.000000
533112.000000
533783.000000
534439.000000
535093.000000
535721.000000
536349.000000
536988.000000
537636.000000
538281.000000
538912.000000
539560.000000
540220.000000
540955.000000
541632.000000
542295.000000
542946.000000
543607.000000
544238.000000
544865.000000
545504.000000
546174.000000
546811.000000
547443.000000
548078.000000
548725.000000
549417.000000
550097.000000
550770.000000
551443.000000
552141.000000
552862.000000
553565.000000
554273.000000
554964.000000
555659.000000
556298.000000
556922.000000
557527.000000
558142.000000
558779.000000
559463.000000
560163.000000
560843.000000
561517.000000
562220.000000
562973.000000
563680.000000
564355.000000
565047.000000
565739.000000
566444.000000
567105.000000
567765.000000
568429.000000
569091.000000
569735.000000
570372.000000
571011.000000
571655.000000
572293.000000
572916.000000
573533.000000
574158.000000
574798.000000
575443.000000
576093.000000
576760.000000
577452.000000
578129.000000
578762.000000
579395.000000
580022.000000
580676.000000
581312.000000
581945.000000
582575.000000
583229.000000
583898.000000
584548.000000
585217.000000
585885.000000
586580.000000
587249.000000
587891.000000
588519.000000
589151.000000
589786.000000
590415.000000
591071.000000
591759.000000
592543.000000
593372.000000
594129.000000
594847.000000
595565.000000
596265.000000
596929.000000
597575.000000
598222.000000
598895.000000
599602.000000
600288.000000
600974.000000
601686.000000
602414.000000
603135.000000
603810.000000
604475.000000
605138.000000
605806.000000
606456.000000
607107.000000
607784.000000
608496.000000
609217.000000
609883.000000
610537.000000
611199.000000
611883.000000
612559.000000
613245.000000
613946.000000
614720.000000
615496.000000
616198.000000
616874.000000
617541.000000
618227.000000
618877.000000
619522.000000
620193.000000
620930.000000
621640.000000
622323.000000
622980.000000
623669.000000
624370.000000
625040.000000
625677.000000
626327.000000
626975.000000
627671.000000
628328.000000
628990.000000
629661.000000
630341.000000
631033.000000
631691.000000
632345.000000
633018.000000
633707.000000
634374.000000
635030.000000
635683.000000
636364.000000
637058.000000
637729.000000
638391.000000
639064.000000
639732.000000
640384.000000
641057.000000
641744.000000
642494.000000
643180.000000
643855.000000
644546.000000
645238.000000
645911.000000
646571.000000
647239.000000
647934.000000
648655.000000
649327.000000
650028.000000
650728.000000
651501.000000
652188.000000
652880.000000
653559.000000
654244.000000
654906.000000
655569.000000
656216.000000
656870.000000
657513.000000
658141.000000
658792.000000
659485.000000
660169.000000
660855.000000
661534.000000
662215.000000
662931.000000
663606.000000
664277.000000
664944.000000
665601.000000
666222.000000
666827.000000
667422.000000
668030.000000
668664.000000
669330.000000
669970.000000
670609.000000
671246.000000
671904.000000
672533.000000
673162.000000
673767.000000
674356.000000
674937.000000
675512.000000
676100.000000
676702.000000
677315.000000
677945.000000
678580.000000
679204.000000
679815.000000
680428.000000
681031.000000
681628.000000
682227.000000
682837.000000
683454.000000
684081.000000
684692.000000
685291.000000
685914.000000
686566.000000
687318.000000
688082.000000
688800.000000
689475.000000
690179.000000
690864.000000
691552.000000
692194.000000
692864.000000
693515.000000
694230.000000
695016.000000
695688.000000
696335.000000
696959.000000
697581.000000
698205.000000
698824.000000
699448.000000
700086.000000
700761.000000
701493.000000
702147.000000
702811.000000
703463.000000
704129.000000
704781.000000
705421.000000
706060.000000
706699.000000
707341.000000
707968.000000
708596.000000
709239.000000
709899.000000
710581.000000
711228.000000
711864.000000
712479.000000
713095.000000
713680.000000
714265.000000
714870.000000
715539.000000
716182.000000
716835.000000
717488.000000
718167.000000
718807.000000
719457.000000
720096.000000
720784.000000
721437.000000
722100.000000
722767.000000
723456.000000
724123.000000
724777.000000
725421.000000
726060.000000
726712.000000
727377.000000
728039.000000
728690.000000
729354.000000
730082.000000
730758.000000
731412.000000
732064.000000
732731.000000
733405.000000
734052.000000
734691.000000
735331.000000
735952.000000
736576.000000
737191.000000
737813.000000
738435.000000
739058.000000
739685.000000
740297.000000
740909.000000
741535.000000
742170.000000
742812.000000
743434.000000
744037.000000
744636.000000
745238.000000
745863.000000
746504.000000
747146.000000
747834.000000
748573.000000
749333.000000
750065.000000
750779.000000
751509.000000
752220.000000
752886.000000
753571.000000
754270.000000
755029.000000
755678.000000
756324.000000
756975.000000
757671.000000
758375.000000
759066.000000
759764.000000
760500.000000
761314.000000
762059.000000
762746.000000
763434.000000
764165.000000
764890.000000
765603.000000
766326.000000
767069.000000
767834.000000
768527.000000
769188.000000
769827.000000
770469.000000
771111.000000
771741.000000
772386.000000
773051.000000
773801.000000
774499.000000
775175.000000
775830.000000
776496.000000
777191.000000
777843.000000
778494.000000
779175.000000
779883.000000
780560.000000
781232.000000
781909.000000
782608.000000
783334.000000
784024.000000
784706.000000
785366.000000
786044.000000
786777.000000
787481.000000
788167.000000
788848.000000
789567.000000
790303.000000
790979.000000
791636.000000
792299.000000
792978.000000
793651.000000
794300.000000
794997.000000
795746.000000
796489.000000
797154.000000
797817.000000
798482.000000
799155.000000
799804.000000
800450.000000
801097.000000
801802.000000
802481.000000
803155.000000
803811.000000
804496.000000
805178.000000
805941.000000
806621.000000
807270.000000
807921.000000
808581.000000
809207.000000
809829.000000
810440.000000
811049.000000
811646.000000
812228.000000
812808.000000
813417.000000
814075.000000
814716.000000
815391.000000
816094.000000
816793.000000
817449.000000
818093.000000
818732.000000
819386.000000
820020.000000
820646.000000
821275.000000
821932.000000
822624.000000
823273.000000
823949.000000
824611.000000
825268.000000
825909.000000
826527.000000
827132.000000
827747.000000
828371.000000
829002.000000
829624.000000
830269.000000
830919.000000
831658.000000
832318.000000
832980.000000
833628.000000
834266.000000
834894.000000
835505.000000
836102.000000
836685.000000
837258.000000
837828.000000
838418.000000
839042.000000
839694.000000
840342.000000
840982.000000
841627.000000
842253.000000
842875.000000
843515.000000
844153.000000
844797.000000
845423.000000
846049.000000
846683.000000
847325.000000
847986.000000
848663.000000
849308.000000
849981.000000
850652.000000
851345.000000
852013.000000
852679.000000
853362.000000
854059.000000
854841.000000
855589.000000
856273.000000
856938.000000
857604.000000
858279.000000
858928.000000
859602.000000
860284.000000
861025.000000
861710.000000
862368.000000
863024.000000
863687.000000
864412.000000
865098.000000
865784.000000
866488.000000
867216.000000
867884.000000
868559.000000
869230.000000
869907.000000
870568.000000
871217.000000
871872.000000
872543.000000
873255.000000
873935.000000
874603.000000
875273.000000
875977.000000
876690.000000
877364.000000
878042.000000
878737.000000
879447.000000
880121.000000
880791.000000
881444.000000
882091.000000
882741.000000
883396.000000
884042.000000
884685.000000
885341.000000
886075.000000
886754.000000
887397.000000
888032.000000
888660.000000
889303.000000
889931.000000
890546.000000
891158.000000
891777.000000
892450.000000
893126.000000
893766.000000
894402.000000
895047.000000
895714.000000
896370.000000
896997.000000
897627.000000
898254.000000
898907.000000
899558.000000
900183.000000
900791.000000
901388.000000
901977.000000
902554.000000
903124.000000
903710.000000
904322.000000
904927.000000
905524.000000
906132.000000
906764.000000
907397.000000
908010.000000
908616.000000
909234.000000
909886.000000
910539.000000
911186.000000
911823.000000
912491.000000
913180.000000
913938.000000
914656.000000
915339.000000
916038.000000
916735.000000
917395.000000
918033.000000
918683.000000
919352.000000
920001.000000
920686.000000
921397.000000
922142.000000
922888.000000
923545.000000
924216.000000
924876.000000
925538.000000
926207.000000
926851.000000
927506.000000
928174.000000
928893.000000
929587.000000
930261.000000
930938.000000
931614.000000
932286.000000
932929.000000
933569.000000
934214.000000
934873.000000
935574.000000
936237.000000
936932.000000
937617.000000
938323.000000
939006.000000
939665.000000
940312.000000
940962.000000
941627.000000
942310.000000
942960.000000
943644.000000
944361.000000
945119.000000
945822.000000
946501.000000
947167.000000
947827.000000
948496.000000
949142.000000
949782.000000
950423.000000
951109.000000
951789.000000
952443.000000
953100.000000
953761.000000
954449.000000
955112.000000
955755.000000
956376.000000
956985.000000
957580.000000
958168.000000
958765.000000
959394.000000
960039.000000
960690.000000
961347.000000
962007.000000
962664.000000
963321.000000
963956.000000
964599.000000
965246.000000
965921.000000
966619.000000
967272.000000
967935.000000
968594.000000
969271.000000
969912.000000
970552.000000
971193.000000
971861.000000
972527.000000
973181.000000
973825.000000
974500.000000
975187.000000
975859.000000
976561.000000
977307.000000
978059.000000
978741.000000
979425.000000
980093.000000
980781.000000
981455.000000
982125.000000
982782.000000
983459.000000
984115.000000
984797.000000
985471.000000
986173.000000
986838.000000
987529.000000
988205.000000
988891.000000
989534.000000
990163.000000
990775.000000
991372.000000
991949.000000
992514.000000
993087.000000
993671.000000
994310.000000
995023.000000
995691.000000
996346.000000
997057.000000
997818.000000
998497.000000
999150.000000
999796.000000
1000456.000000
1001108.000000
1001760.000000
1002421.000000
1003095.000000
1003785.000000
1004440.000000
1005092.000000
1005748.000000
1006410.000000
1007074.000000
1007742.000000
1008408.000000
1009081.000000
1009734.000000
1010358.000000
1010968.000000
1011569.000000
1012178.000000
1012803.000000
1013439.000000
1014070.000000
1014708.000000
1015349.000000
1016010.000000
1016640.000000
1017272.000000
1017911.000000
1018555.000000
1019200.000000
1019815.000000
1020421.000000
1021010.000000
1021603.000000
1022214.000000
1022826.000000
1023431.000000
1024045.000000
1024676.000000
1025332.000000
1025985.000000
1026615.000000
1027236.000000
1027854.000000
1028487.000000
1029103.000000
1029717.000000
1030327.000000
1030963.000000
1031600.000000
1032228.000000
1032852.000000
1033479.000000
1034108.000000
1034735.000000
1035372.000000
1036014.000000
1036669.000000
1037319.000000
1037948.000000
1038598.000000
1039241.000000
1039892.000000
1040525.000000
1041172.000000
1041814.000000
1042485.000000
1043139.000000
1043793.000000
1044454.000000
1045133.000000
1045812.000000
1046471.000000
1047142.000000
1047842.000000
1048523.000000
1049154.000000
1049779.000000
1050383.000000
1050979.000000
1051556.000000
1052132.000000
1052722.000000
1053329.000000
1053946.000000
1054574.000000
1055230.000000
1055877.000000
1056505.000000
1057127.000000
1057743.000000
1058379.000000
1059019.000000
1059639.000000
1060251.000000
1060851.000000
1061455.000000
1062068.000000
1062686.000000
1063297.000000
1063912.000000
1064514.000000
1065125.000000
1065746.000000
1066353.000000
1066950.000000
1067536.000000
1068117.000000
1068690.000000
1069261.000000
1069838.000000
1070438.000000
1071044.000000
1071651.000000
1072254.000000
1072857.000000
1073478.000000
1074098.000000
1074705.000000
1075302.000000
1075890.000000
1076478.000000
1077074.000000
1077693.000000
1078309.000000
1078931.000000
1079551.000000
1080165.000000
1080769.000000
1081362.000000
1081944.000000
1082514.000000
1083097.000000
1083740.000000
1084412.000000
1085050.000000
1085679.000000
1086300.000000
1086916.000000
1087535.000000
1088167.000000
1088803.000000
1089422.000000
1090027.000000
1090634.000000
1091248.000000
1091872.000000
1092526.000000
1093165.000000
1093814.000000
1094456.000000
1095086.000000
1095708.000000
1096314.000000
1096926.000000
1097553.000000
1098169.000000
1098773.000000
1099375.000000
1099980.000000
1100587.000000
1101210.000000
1101840.000000
1102445.000000
1103134.000000
1103897.000000
1104621.000000
1105282.000000
1105960.000000
1106638.000000
1107329.000000
1107998.000000
1108640.000000
1109276.000000
1109920.000000
1110605.000000
1111309.000000
1111979.000000
1112657.000000
1113332.000000
1114015.000000
1114702.000000
1115361.000000
1116022.000000
1116674.000000
1117369.000000
1118066.000000
1118715.000000
1119352.000000
1119984.000000
1120616.000000
1121282.000000
1121937.000000
1122575.000000
1123228.000000
1123889.000000
1124584.000000
1125240.000000
1125897.000000
1126540.000000
1127194.000000
1127849.000000
1128488.000000
1129122.000000
1129741.000000
1130383.000000
1131048.000000
1131705.000000
1132352.000000
1133004.000000
1133656.000000
1134312.000000
1134965.000000
1135604.000000
1136235.000000
1136876.000000
1137518.000000
1138187.000000
1138833.000000
1139491.000000
1140130.000000
1140787.000000
1141424.000000
1142056.000000
1142685.000000
1143315.000000
1143954.000000
1144579.000000
1145208.000000
1145838.000000
1146478.000000
1147130.000000
1147759.000000
1148393.000000
1149025.000000
1149660.000000
1150287.000000
1150923.000000
1151588.000000
1152248.000000
1152886.000000
1153523.000000
1154167.000000
1154830.000000
1155480.000000
1156125.000000
1156768.000000
1157424.000000
1158079.000000
1158731.000000
1159380.000000
1160032.000000
1160720.000000
1161371.000000
1162029.000000
1162668.000000
1163311.000000
1163964.000000
1164611.000000
1165271.000000
1165922.000000
1166590.000000
1167235.000000
1167874.000000
1168518.000000
1169183.000000
1169854.000000
1170501.000000
1171153.000000
1171807.000000
1172480.000000
1173167.000000
1173842.000000
1174521.000000
1175239.000000
1175966.000000
1176642.000000
1177300.000000
1177973.000000
1178671.000000
1179360.000000
1180015.000000
1180692.000000
1181377.000000
1182148.000000
1182876.000000
1183557.000000
1184223.000000
1184896.000000
1185602.000000
1186274.000000
1186955.000000
1187654.000000
1188374.000000
1189069.000000
1189755.000000
1190436.000000
1191143.000000
1191852.000000
1192524.000000
1193205.000000
1193893.000000
1194602.000000
1195297.000000
1195981.000000
1196675.000000
1197347.000000
1198016.000000
1198652.000000
1199289.000000
1199918.000000
1200590.000000
1201312.000000
1202033.000000
1202726.000000
1203399.000000
1204086.000000
1204805.000000
