Peaks (s)
594.000000
1384.000000
2175.000000
3001.000000
3864.000000
4734.000000
5592.000000
6421.000000
7230.000000
8040.000000
8847.000000
9643.000000
10436.000000
11208.000000
11964.000000
12718.000000
13504.000000
14282.000000
14998.000000
15735.000000
16503.000000
17261.000000
18003.000000
18750.000000
19545.000000
20408.000000
21270.000000
22090.000000
22919.000000
23738.000000
24532.000000
25311.000000
26105.000000
26946.000000
27817.000000
28690.000000
29552.000000
30382.000000
31172.000000
31974.000000
32800.000000
33672.000000
34537.000000
35396.000000
36251.000000
37067.000000
37869.000000
38678.000000
39513.000000
40404.000000
41322.000000
42208.000000
43080.000000
43948.000000
44801.000000
45637.000000
46465.000000
47263.000000
48057.000000
48857.000000
49703.000000
50575.000000
51452.000000
52324.000000
53182.000000
54047.000000
54902.000000
55732.000000
56544.000000
57346.000000
58149.000000
58993.000000
59876.000000
60770.000000
61676.000000
62576.000000
63463.000000
64331.000000
65196.000000
66054.000000
66914.000000
67766.000000
68627.000000
69465.000000
70273.000000
71049.000000
71816.000000
72630.000000
73516.000000
74397.000000
75264.000000
76110.000000
76960.000000
77790.000000
78598.000000
79402.000000
80185.000000
80972.000000
81810.000000
82702.000000
83571.000000
84421.000000
85238.000000
86041.000000
86815.000000
87584.000000
88405.000000
89252.000000
90080.000000
90884.000000
91664.000000
92448.000000
93227.000000
94046.000000
94854.000000
95598.000000
96304.000000
97046.000000
97804.000000
98562.000000
99340.000000
100138.000000
101011.000000
101904.000000
102772.000000
103624.000000
104467.000000
105292.000000
106094.000000
106901.000000
107756.000000
108641.000000
109534.000000
110434.000000
111315.000000
112157.000000
112979.000000
113812.000000
114665.000000
115538.000000
116413.000000
117298.000000
118161.000000
119024.000000
119898.000000
120770.000000
121616.000000
122443.000000
123245.000000
124064.000000
124911.000000
125794.000000
126683.000000
127565.000000
128439.000000
129316.000000
130176.000000
131015.000000
131837.000000
132667.000000
133509.000000
134364.000000
135205.000000
136039.000000
136876.000000
137697.000000
138494.000000
139270.000000
140068.000000
140890.000000
141728.000000
142571.000000
143433.000000
144309.000000
145175.000000
146034.000000
146903.000000
147769.000000
148594.000000
149397.000000
150225.000000
151072.000000
151917.000000
152746.000000
153599.000000
154471.000000
155330.000000
156177.000000
157051.000000
157931.000000
158794.000000
159673.000000
160563.000000
161427.000000
162279.000000
163144.000000
164000.000000
164834.000000
165668.000000
166515.000000
167360.000000
168181.000000
169015.000000
169849.000000
170670.000000
171485.000000
172317.000000
173163.000000
173982.000000
174807.000000
175637.000000
176471.000000
177281.000000
178100.000000
178927.000000
179749.000000
180547.000000
181371.000000
182209.000000
183042.000000
183860.000000
184691.000000
185545.000000
186389.000000
187208.000000
187990.000000
188736.000000
189450.000000
190194.000000
191066.000000
192015.000000
192947.000000
193869.000000
194778.000000
195616.000000
196462.000000
197306.000000
198141.000000
198965.000000
199832.000000
200731.000000
201636.000000
202534.000000
203403.000000
204279.000000
205145.000000
205975.000000
206787.000000
207626.000000
208479.000000
209338.000000
210191.000000
211042.000000
211884.000000
212716.000000
213532.000000
214340.000000
215140.000000
215933.000000
216711.000000
217493.000000
218273.000000
219051.000000
219892.000000
220756.000000
221626.000000
222500.000000
223336.000000
224155.000000
224978.000000
225795.000000
226581.000000
227362.000000
228140.000000
228934.000000
229769.000000
230637.000000
231502.000000
232336.000000
233155.000000
233970.000000
234783.000000
235574.000000
236358.000000
237144.000000
237945.000000
238763.000000
239602.000000
240432.000000
241267.000000
242111.000000
242931.000000
243748.000000
244549.000000
245319.000000
246057.000000
246754.000000
247460.000000
248185.000000
248945.000000
249766.000000
250626.000000
251495.000000
252357.000000
253198.000000
254023.000000
254849.000000
255699.000000
256561.000000
257420.000000
258278.000000
259121.000000
259944.000000
260755.000000
261588.000000
262438.000000
263294.000000
264141.000000
264963.000000
265780.000000
266614.000000
267460.000000
268310.000000
269155.000000
269991.000000
270799.000000
271608.000000
272457.000000
273336.000000
274222.000000
275089.000000
275936.000000
276759.000000
277594.000000
278445.000000
279307.000000
280172.000000
281012.000000
281856.000000
282705.000000
283542.000000
284349.000000
285116.000000
285885.000000
286698.000000
287557.000000
288408.000000
289239.000000
290093.000000
290975.000000
291843.000000
292672.000000
293497.000000
294310.000000
295124.000000
295937.000000
296776.000000
297661.000000
298546.000000
299389.000000
300240.000000
301089.000000
301908.000000
302705.000000
303514.000000
304350.000000
305175.000000
305976.000000
306756.000000
307571.000000
308444.000000
309343.000000
310249.000000
311137.000000
311994.000000
312796.000000
313593.000000
314429.000000
315288.000000
316159.000000
317019.000000
317883.000000
318764.000000
319656.000000
320535.000000
321415.000000
322315.000000
323164.000000
324001.000000
324845.000000
325693.000000
326512.000000
327300.000000
328082.000000
328922.000000
329837.000000
330758.000000
331646.000000
332531.000000
333386.000000
334197.000000
334960.000000
335704.000000
336488.000000
337331.000000
338184.000000
339016.000000
339879.000000
340776.000000
341657.000000
342530.000000
343417.000000
344272.000000
345087.000000
345895.000000
346705.000000
347512.000000
348318.000000
349159.000000
350016.000000
350846.000000
351667.000000
352495.000000
353336.000000
354158.000000
354987.000000
355854.000000
356722.000000
357551.000000
358393.000000
359255.000000
360089.000000
360909.000000
361760.000000
362637.000000
363494.000000
364327.000000
365162.000000
366009.000000
366839.000000
367657.000000
368479.000000
369327.000000
370162.000000
370970.000000
371736.000000
372527.000000
373361.000000
374225.000000
375070.000000
375920.000000
376766.000000
377588.000000
378372.000000
379156.000000
379984.000000
380866.000000
381786.000000
382691.000000
383566.000000
384422.000000
385262.000000
386096.000000
386938.000000
387785.000000
388617.000000
389425.000000
390210.000000
391011.000000
391866.000000
392759.000000
393646.000000
394485.000000
395292.000000
396064.000000
396832.000000
397645.000000
398499.000000
399352.000000
400175.000000
400976.000000
401803.000000
402670.000000
403562.000000
404427.000000
405257.000000
406094.000000
406939.000000
407809.000000
408665.000000
409484.000000
410286.000000
411072.000000
411895.000000
412756.000000
413641.000000
414511.000000
415349.000000
416184.000000
417042.000000
417908.000000
418780.000000
419627.000000
420439.000000
421246.000000
422072.000000
422867.000000
423637.000000
424447.000000
425314.000000
426206.000000
427078.000000
427948.000000
428828.000000
429725.000000
430597.000000
431409.000000
432201.000000
433020.000000
433880.000000
434740.000000
435563.000000
436364.000000
437170.000000
438061.000000
438985.000000
439897.000000
440759.000000
441585.000000
442385.000000
443194.000000
444046.000000
444930.000000
445825.000000
446689.000000
447549.000000
448410.000000
449274.000000
450128.000000
450974.000000
451808.000000
452611.000000
453400.000000
454201.000000
455040.000000
455920.000000
456791.000000
457670.000000
458557.000000
459444.000000
460314.000000
461143.000000
461934.000000
462718.000000
463565.000000
464466.000000
465388.000000
466286.000000
467182.000000
468037.000000
468864.000000
469672.000000
470473.000000
471238.000000
471996.000000
472773.000000
473569.000000
474376.000000
475171.000000
475930.000000
476640.000000
477361.000000
478129.000000
478905.000000
479729.000000
480599.000000
481471.000000
482300.000000
483105.000000
483943.000000
484818.000000
485703.000000
486545.000000
487375.000000
488205.000000
489039.000000
489850.000000
490634.000000
491419.000000
492253.000000
493105.000000
493974.000000
494836.000000
495716.000000
496603.000000
497477.000000
498326.000000
499183.000000
500047.000000
500923.000000
501784.000000
502651.000000
503534.000000
504420.000000
505296.000000
506159.000000
507004.000000
507812.000000
508602.000000
509397.000000
510256.000000
511161.000000
512066.000000
512962.000000
513839.000000
514689.000000
515513.000000
516330.000000
517182.000000
518042.000000
518911.000000
519779.000000
520670.000000
521560.000000
522451.000000
523322.000000
524200.000000
525090.000000
525977.000000
526843.000000
527678.000000
528496.000000
529299.000000
530143.000000
531068.000000
531989.000000
532896.000000
533759.000000
534574.000000
535341.000000
536115.000000
537075.000000
538013.000000
538949.000000
539885.000000
540801.000000
541685.000000
542534.000000
543349.000000
544186.000000
545063.000000
545913.000000
546710.000000
547453.000000
548197.000000
548954.000000
549717.000000
550494.000000
551296.000000
552165.000000
553072.000000
553983.000000
554870.000000
555726.000000
556563.000000
557380.000000
558167.000000
558942.000000
559720.000000
560553.000000
561420.000000
562294.000000
563156.000000
564009.000000
564846.000000
565670.000000
566474.000000
567267.000000
568064.000000
568870.000000
569661.000000
570432.000000
571196.000000
572017.000000
572868.000000
573731.000000
574564.000000
575401.000000
576256.000000
577107.000000
577940.000000
578774.000000
579608.000000
580415.000000
581180.000000
581948.000000
582740.000000
583581.000000
584442.000000
585269.000000
586076.000000
586897.000000
587747.000000
588590.000000
589412.000000
590231.000000
591095.000000
591987.000000
592851.000000
593701.000000
594552.000000
595381.000000
596173.000000
596938.000000
597723.000000
598555.000000
599433.000000
600324.000000
601201.000000
602075.000000
602956.000000
603818.000000
604661.000000
605468.000000
606287.000000
607125.000000
607957.000000
608753.000000
609508.000000
610266.000000
611091.000000
611995.000000
612904.000000
613781.000000
614596.000000
615432.000000
616306.000000
617150.000000
617947.000000
618774.000000
619669.000000
620549.000000
621383.000000
622190.000000
622972.000000
623741.000000
624554.000000
625407.000000
626285.000000
627147.000000
628004.000000
628870.000000
629705.000000
630488.000000
631230.000000
631959.000000
632734.000000
633615.000000
634740.000000
635710.000000
636650.000000
637565.000000
638448.000000
639282.000000
640082.000000
640811.000000
641506.000000
642230.000000
642989.000000
643787.000000
644606.000000
645430.000000
646240.000000
647037.000000
647839.000000
648692.000000
649582.000000
650461.000000
651322.000000
652161.000000
652993.000000
653822.000000
654655.000000
655492.000000
656334.000000
657177.000000
658022.000000
658858.000000
659658.000000
660465.000000
661285.000000
662110.000000
662944.000000
663763.000000
664544.000000
665314.000000
666150.000000
667024.000000
667905.000000
668783.000000
669654.000000
670494.000000
671330.000000
672169.000000
673012.000000
673822.000000
674641.000000
675480.000000
676343.000000
677185.000000
677978.000000
678779.000000
679584.000000
680377.000000
681152.000000
681914.000000
682681.000000
683480.000000
684392.000000
685353.000000
686288.000000
687188.000000
688069.000000
688916.000000
689714.000000
690482.000000
691269.000000
692135.000000
693071.000000
693995.000000
694893.000000
695742.000000
696550.000000
697364.000000
698233.000000
699124.000000
700021.000000
700895.000000
701749.000000
702592.000000
703423.000000
704243.000000
705075.000000
705911.000000
706775.000000
707634.000000
708484.000000
709321.000000
710148.000000
710959.000000
711754.000000
712533.000000
713323.000000
714123.000000
715025.000000
715973.000000
716922.000000
717825.000000
718652.000000
719408.000000
720129.000000
720864.000000
721637.000000
722468.000000
723315.000000
724164.000000
725020.000000
725898.000000
726752.000000
727595.000000
728402.000000
729234.000000
730111.000000
731025.000000
731936.000000
732813.000000
733697.000000
734579.000000
735410.000000
736213.000000
736994.000000
737828.000000
738729.000000
739653.000000
740581.000000
741514.000000
742432.000000
743318.000000
744165.000000
744995.000000
745849.000000
746703.000000
747556.000000
748413.000000
749229.000000
750005.000000
750764.000000
751540.000000
752412.000000
753346.000000
754291.000000
755221.000000
756126.000000
757019.000000
757901.000000
758751.000000
759581.000000
760394.000000
761180.000000
761927.000000
762673.000000
763516.000000
764482.000000
765472.000000
766437.000000
767349.000000
768218.000000
769071.000000
769927.000000
770791.000000
771657.000000
772489.000000
773307.000000
774099.000000
774877.000000
775634.000000
776387.000000
777188.000000
778043.000000
778941.000000
779838.000000
780705.000000
781565.000000
782418.000000
783248.000000
784050.000000
784805.000000
785557.000000
786329.000000
787160.000000
788061.000000
789003.000000
789931.000000
790825.000000
791707.000000
792569.000000
793428.000000
794298.000000
795185.000000
796089.000000
796982.000000
797866.000000
798733.000000
799607.000000
800501.000000
801381.000000
802253.000000
803073.000000
803900.000000
804718.000000
805562.000000
806421.000000
807248.000000
808117.000000
809032.000000
809966.000000
810856.000000
811694.000000
812504.000000
813338.000000
814205.000000
815070.000000
815895.000000
816724.000000
817622.000000
818550.000000
819450.000000
820292.000000
821087.000000
821878.000000
822743.000000
823633.000000
824482.000000
825326.000000
826175.000000
827092.000000
828018.000000
828917.000000
829778.000000
830636.000000
831498.000000
832362.000000
833157.000000
833917.000000
834631.000000
835337.000000
836097.000000
836876.000000
837676.000000
838548.000000
839463.000000
840381.000000
841248.000000
842108.000000
842977.000000
843837.000000
844664.000000
845500.000000
846380.000000
847292.000000
848224.000000
849124.000000
849984.000000
850850.000000
851706.000000
852567.000000
853435.000000
854327.000000
855216.000000
856112.000000
856972.000000
857780.000000
858555.000000
859326.000000
860116.000000
861035.000000
862016.000000
862978.000000
863849.000000
864649.000000
865412.000000
866199.000000
867066.000000
867967.000000
868832.000000
869663.000000
870448.000000
871207.000000
871954.000000
872733.000000
873899.000000
874863.000000
875768.000000
876649.000000
877491.000000
878286.000000
879039.000000
879778.000000
880567.000000
881375.000000
882175.000000
882965.000000
883779.000000
884654.000000
885556.000000
886470.000000
887376.000000
888292.000000
889192.000000
890086.000000
890966.000000
891828.000000
892684.000000
893540.000000
894409.000000
895291.000000
896193.000000
897112.000000
898017.000000
898915.000000
899795.000000
900652.000000
901497.000000
902325.000000
903130.000000
903914.000000
904694.000000
905501.000000
906451.000000
907428.000000
908386.000000
909347.000000
910311.000000
911268.000000
912223.000000
913167.000000
914098.000000
915006.000000
915917.000000
916822.000000
917716.000000
918596.000000
919479.000000
920386.000000
921298.000000
922242.000000
923178.000000
924062.000000
924913.000000
925763.000000
926635.000000
927514.000000
928377.000000
929247.000000
930142.000000
931057.000000
931929.000000
932764.000000
933578.000000
934416.000000
935305.000000
936177.000000
936989.000000
937780.000000
938589.000000
939414.000000
940225.000000
941031.000000
941873.000000
942790.000000
943705.000000
944612.000000
945531.000000
946455.000000
947337.000000
948198.000000
949065.000000
949963.000000
950868.000000
951754.000000
952644.000000
953519.000000
954361.000000
955219.000000
956100.000000
957008.000000
957897.000000
958774.000000
959657.000000
960513.000000
961350.000000
962161.000000
962966.000000
963801.000000
964683.000000
965509.000000
966299.000000
967125.000000
967990.000000
968874.000000
969726.000000
970581.000000
971460.000000
972349.000000
973236.000000
974149.000000
975064.000000
975951.000000
976789.000000
977595.000000
978416.000000
979295.000000
980232.000000
981173.000000
982087.000000
982995.000000
983904.000000
984793.000000
985652.000000
986494.000000
987328.000000
988184.000000
989019.000000
989892.000000
990779.000000
991625.000000
992450.000000
993312.000000
994208.000000
995121.000000
996014.000000
996922.000000
997834.000000
998731.000000
999616.000000
1000515.000000
1001408.000000
1002280.000000
1003191.000000
1004113.000000
1005020.000000
1005895.000000
1006797.000000
1007697.000000
1008579.000000
1009434.000000
1010305.000000
1011172.000000
1012021.000000
1012821.000000
1013585.000000
1014336.000000
1015175.000000
1016100.000000
1016988.000000
1017864.000000
1018760.000000
1019720.000000
1020714.000000
1021681.000000
1022656.000000
1023648.000000
1024628.000000
1025579.000000
1026521.000000
1027454.000000
1028379.000000
1029282.000000
1030168.000000
1031061.000000
1031955.000000
1032853.000000
1033724.000000
1034615.000000
1035513.000000
1036406.000000
1037290.000000
1038188.000000
1039073.000000
1039930.000000
1040738.000000
1041527.000000
1042385.000000
1043301.000000
1044219.000000
1045125.000000
1046071.000000
1047045.000000
1048034.000000
1049001.000000
1049951.000000
1050894.000000
1051843.000000
1052753.000000
1053645.000000
1054564.000000
1055504.000000
1056432.000000
1057330.000000
1058252.000000
1059177.000000
1060075.000000
1060952.000000
1061861.000000
1062787.000000
1063699.000000
1064583.000000
1065490.000000
1066413.000000
1067304.000000
1068188.000000
1069093.000000
1070018.000000
1070921.000000
1071831.000000
1072756.000000
1073677.000000
1074566.000000
1075435.000000
1076324.000000
1077226.000000
1078133.000000
1079033.000000
1079948.000000
1080858.000000
1081720.000000
1082566.000000
1083432.000000
1084318.000000
1085184.000000
1086057.000000
1086948.000000
1087863.000000
1088745.000000
1089607.000000
1090478.000000
1091348.000000
1092220.000000
1093072.000000
1093947.000000
1094866.000000
1095812.000000
1096737.000000
1097676.000000
1098638.000000
1099598.000000
1100515.000000
1101429.000000
1102345.000000
1103266.000000
1104158.000000
1105079.000000
1106026.000000
1106957.000000
1107881.000000
1108782.000000
1109655.000000
1110529.000000
1111414.000000
1112281.000000
1113157.000000
1114065.000000
1115004.000000
1115936.000000
1116888.000000
1117856.000000
1118801.000000
1119780.000000
1120765.000000
1121700.000000
1122609.000000
1123496.000000
1124369.000000
1125220.000000
1126129.000000
1127083.000000
1127995.000000
1128895.000000
1129838.000000
1130805.000000
1131683.000000
1132543.000000
1133411.000000
1134311.000000
1135194.000000
1136077.000000
1136980.000000
1137912.000000
1138793.000000
1139670.000000
1140559.000000
1141439.000000
1142288.000000
1143169.000000
1144078.000000
1144980.000000
1145816.000000
1146659.000000
1147534.000000
1148440.000000
1149329.000000
1150256.000000
1151217.000000
1152122.000000
1152962.000000
1153826.000000
1154712.000000
1155582.000000
1156479.000000
1157404.000000
1158340.000000
1159237.000000
1160182.000000
1161156.000000
1162067.000000
1162947.000000
1163861.000000
1164804.000000
1165740.000000
1166622.000000
1167494.000000
1168381.000000
1169310.000000
1170203.000000
1171103.000000
1172013.000000
1172922.000000
1173794.000000
1174727.000000
1175714.000000
1176706.000000
1177621.000000
1178521.000000
1179442.000000
1180361.000000
1181234.000000
1182080.000000
1182984.000000
1183961.000000
1184891.000000
1185774.000000
1186676.000000
1187583.000000
1188508.000000
1189372.000000
1190213.000000
1191098.000000
1192038.000000
1192962.000000
1193877.000000
1194872.000000
1195869.000000
1196796.000000
1197682.000000
1198590.000000
1199539.000000
1200441.000000
1201301.000000
1202186.000000
1203149.000000
1204128.000000
1205046.000000
1205985.000000
1206914.000000
1207795.000000
1208667.000000
1209579.000000
1210522.000000
1211410.000000
1212251.000000
1213088.000000
1213959.000000
1214856.000000
1215781.000000
1216740.000000
1217679.000000
1218561.000000
1219478.000000
1220435.000000
1221356.000000
1222238.000000
1223151.000000
1224046.000000
1224881.000000
1225732.000000
1226616.000000
1227499.000000
1228347.000000
1229246.000000
1230232.000000
1231228.000000
1232167.000000
1233169.000000
1234142.000000
1235072.000000
1236030.000000
1237005.000000
1237917.000000
1238856.000000
1239832.000000
1240784.000000
1241701.000000
1242640.000000
1243574.000000
1244506.000000
1245405.000000
1246332.000000
1247275.000000
1248225.000000
1249156.000000
1250101.000000
1251051.000000
1251982.000000
1252886.000000
1253819.000000
1254764.000000
1255678.000000
1256617.000000
1257567.000000
1258483.000000
1259364.000000
1260269.000000
1261203.000000
1262127.000000
1263075.000000
1264062.000000
1265076.000000
1266038.000000
1266969.000000
1267932.000000
1268911.000000
1269839.000000
1270766.000000
1271721.000000
1272677.000000
1273605.000000
1274585.000000
1275583.000000
1276575.000000
1277546.000000
1278550.000000
1279568.000000
1280546.000000
1281479.000000
1282446.000000
1283408.000000
1284360.000000
1285290.000000
1286240.000000
1287215.000000
1288174.000000
1289101.000000
1290058.000000
1291019.000000
1291970.000000
1292882.000000
1293821.000000
1294763.000000
1295689.000000
1296586.000000
1297503.000000
1298430.000000
1299355.000000
1300254.000000
1301165.000000
1302088.000000
1303015.000000
1303893.000000
1304814.000000
1305747.000000
1306685.000000
1307588.000000
1308487.000000
1309374.000000
1310285.000000
1311164.000000
1312079.000000
1313026.000000
1313987.000000
1314932.000000
1315911.000000
1316895.000000
1317858.000000
1318765.000000
1319680.000000
1320602.000000
1321531.000000
1322435.000000
1323384.000000
1324354.000000
1325321.000000
1326246.000000
1327212.000000
1328166.000000
1329107.000000
1330013.000000
1330941.000000
1331881.000000
1332824.000000
1333707.000000
1334558.000000
1335423.000000
1336300.000000
1337154.000000
1337989.000000
1338767.000000
1339505.000000
1340233.000000
1340981.000000
1341787.000000
1342635.000000
1343682.000000
1344642.000000
1345564.000000
1346503.000000
1347403.000000
1348321.000000
1349233.000000
1350084.000000
1350881.000000
1351663.000000
1352501.000000
1353397.000000
1354324.000000
1355197.000000
1356042.000000
1356900.000000
1357733.000000
1358583.000000
1359440.000000
1360274.000000
1361100.000000
1361984.000000
1362905.000000
1363733.000000
1364482.000000
1365227.000000
1366005.000000
1366799.000000
1367607.000000
1368471.000000
1369375.000000
1370248.000000
1371095.000000
1371935.000000
1372765.000000
1373571.000000
1374356.000000
1375150.000000
1375926.000000
1376686.000000
1377441.000000
1378241.000000
1379111.000000
1380020.000000
1380888.000000
1381749.000000
1382592.000000
1383399.000000
1384177.000000
1384949.000000
1385727.000000
1386497.000000
1387252.000000
1387962.000000
1388669.000000
1389438.000000
1390221.000000
1391006.000000
1391847.000000
1392745.000000
1393657.000000
1394498.000000
1395309.000000
1396097.000000
1396867.000000
1397602.000000
1398298.000000
1399000.000000
1399726.000000
1400519.000000
1401416.000000
1402349.000000
1403240.000000
1404137.000000
1405041.000000
1405925.000000
1406786.000000
1407665.000000
1408553.000000
1409412.000000
1410266.000000
1411143.000000
1412023.000000
1412878.000000
1413757.000000
1414652.000000
1415552.000000
1416413.000000
1417235.000000
1418065.000000
1418929.000000
1419796.000000
1420645.000000
1421506.000000
1422363.000000
1423205.000000
1424020.000000
1424833.000000
1425643.000000
1426533.000000
1427473.000000
1428412.000000
1429333.000000
1430197.000000
1431012.000000
1431802.000000
1432612.000000
1433471.000000
1434363.000000
1435245.000000
1436082.000000
1436894.000000
1437737.000000
1438635.000000
1439545.000000
1440431.000000
1441330.000000
1442229.000000
1443118.000000
1443972.000000
1444823.000000
1445701.000000
1446579.000000
1447429.000000
1448249.000000
1449061.000000
1449920.000000
1450810.000000
1451701.000000
1452551.000000
1453395.000000
1454254.000000
1455098.000000
1455898.000000
1456691.000000
1457484.000000
1458269.000000
1459011.000000
1459728.000000
1460478.000000
1461247.000000
1462024.000000
1462840.000000
1463725.000000
1464647.000000
1465527.000000
1466395.000000
1467256.000000
1468099.000000
1468913.000000
1469727.000000
1470549.000000
1471433.000000
1472348.000000
1473242.000000
1474086.000000
1474913.000000
1475769.000000
1476633.000000
1477490.000000
1478333.000000
1479171.000000
1480007.000000
1480813.000000
1481620.000000
1482432.000000
1483257.000000
1484072.000000
1484903.000000
1485775.000000
1486673.000000
1487575.000000
1488441.000000
1489312.000000
1490204.000000
1491074.000000
1491917.000000
1492784.000000
1493659.000000
1494525.000000
1495375.000000
1496233.000000
1497108.000000
1497961.000000
1498810.000000
1499680.000000
1500560.000000
1501396.000000
1502242.000000
1503112.000000
1503986.000000
1504828.000000
1505663.000000
1506524.000000
1507394.000000
1508232.000000
1509088.000000
1509958.000000
1510779.000000
1511548.000000
1512306.000000
1513106.000000
1513946.000000
1514814.000000
1515658.000000
1516508.000000
1517384.000000
1518263.000000
1519112.000000
1519971.000000
1520854.000000
1521737.000000
1522578.000000
1523433.000000
1524289.000000
1525133.000000
1525962.000000
1526813.000000
1527671.000000
1528520.000000
1529350.000000
1530198.000000
1531062.000000
1531899.000000
1532720.000000
1533564.000000
1534424.000000
1535248.000000
1536020.000000
1536783.000000
1537571.000000
1538387.000000
1539192.000000
1539943.000000
1540649.000000
1541367.000000
1542113.000000
1542902.000000
1543765.000000
1544664.000000
1545546.000000
1546389.000000
1547242.000000
1548111.000000
1549000.000000
1549851.000000
1550699.000000
1551585.000000
1552478.000000
1553334.000000
1554184.000000
1555068.000000
1555969.000000
1556862.000000
1557725.000000
1558596.000000
1559469.000000
1560338.000000
1561184.000000
1562056.000000
1562942.000000
1563832.000000
1564683.000000
1565506.000000
1566324.000000
1567158.000000
1567972.000000
1568784.000000
1569612.000000
1570433.000000
1571229.000000
1572038.000000
1572872.000000
1573715.000000
1574540.000000
1575366.000000
1576173.000000
1576935.000000
1577645.000000
1578358.000000
1579099.000000
1579858.000000
1580673.000000
1581538.000000
1582388.000000
1583227.000000
1584083.000000
1584956.000000
1585803.000000
1586644.000000
1587497.000000
1588347.000000
1589176.000000
1590002.000000
1590864.000000
1591745.000000
1592597.000000
1593464.000000
1594343.000000
1595217.000000
1596044.000000
1596881.000000
1597723.000000
1598562.000000
1599383.000000
1600229.000000
1601087.000000
1601915.000000
1602735.000000
1603570.000000
1604428.000000
1605250.000000
1606071.000000
1606914.000000
1607756.000000
1608586.000000
1609417.000000
1610263.000000
1611123.000000
1611964.000000
1612781.000000
1613617.000000
1614470.000000
1615312.000000
1616149.000000
1617001.000000
1617857.000000
1618674.000000
1619470.000000
1620288.000000
1621109.000000
1621917.000000
1622696.000000
1623466.000000
1624272.000000
1625072.000000
1625828.000000
1626538.000000
1627251.000000
1627984.000000
1628741.000000
1629543.000000
1630366.000000
1631180.000000
1631980.000000
1632759.000000
1633571.000000
1634446.000000
1635357.000000
1636252.000000
1637122.000000
1637965.000000
1638786.000000
1639619.000000
1640496.000000
1641395.000000
1642283.000000
1643141.000000
1643980.000000
1644803.000000
1645649.000000
1646554.000000
1647484.000000
1648424.000000
1649383.000000
1650320.000000
1651199.000000
1652035.000000
1652858.000000
1653674.000000
1654487.000000
1655303.000000
1656144.000000
1657047.000000
1658025.000000
1659002.000000
1659953.000000
1660852.000000
1661711.000000
1662572.000000
1663433.000000
1664311.000000
1665176.000000
1666018.000000
1666860.000000
1667747.000000
1668665.000000
1669557.000000
1670428.000000
1671308.000000
1672188.000000
1673044.000000
1673896.000000
1674764.000000
1675655.000000
1676547.000000
1677393.000000
1678245.000000
1679120.000000
1680007.000000
1680855.000000
1681659.000000
1682452.000000
1683246.000000
1684019.000000
1684755.000000
1685469.000000
1686201.000000
1686946.000000
1687696.000000
1688470.000000
1689315.000000
1690231.000000
1691153.000000
1692050.000000
1692948.000000
1693820.000000
1694652.000000
1695488.000000
1696336.000000
1697198.000000
1698056.000000
1698901.000000
1699728.000000
1700577.000000
1701475.000000
1702385.000000
1703273.000000
1704165.000000
1705017.000000
1705847.000000
1706679.000000
1707535.000000
1708383.000000
1709207.000000
1710035.000000
1710877.000000
1711701.000000
1712495.000000
1713279.000000
1714067.000000
1714878.000000
1715684.000000
1716494.000000
1717235.000000
1717956.000000
1718706.000000
1719480.000000
1720289.000000
1721142.000000
1722010.000000
1722868.000000
1723752.000000
1724650.000000
1725536.000000
1726372.000000
1727203.000000
1728072.000000
1728958.000000
1729810.000000
1730627.000000
1731428.000000
1732261.000000
1733140.000000
1734043.000000
1734926.000000
1735801.000000
1736680.000000
1737573.000000
1738430.000000
1739286.000000
1740119.000000
1740973.000000
1741822.000000
1742641.000000
1743442.000000
1744238.000000
1745073.000000
1745946.000000
1746833.000000
1747701.000000
1748572.000000
1749405.000000
1750212.000000
1751046.000000
1751889.000000
1752755.000000
1753617.000000
1754485.000000
1755342.000000
1756161.000000
1756952.000000
1757758.000000
1758610.000000
1759511.000000
1760422.000000
1761272.000000
1762075.000000
1762858.000000
1763640.000000
1764417.000000
1765200.000000
1766000.000000
1766847.000000
1767740.000000
1768647.000000
1769480.000000
1770293.000000
1771097.000000
1771861.000000
1772596.000000
1773334.000000
1774091.000000
1774880.000000
1775661.000000
1776415.000000
1777140.000000
1777897.000000
1778664.000000
1779439.000000
1780264.000000
1781135.000000
1782026.000000
1782889.000000
1783743.000000
1784596.000000
1785459.000000
1786285.000000
1787123.000000
1787969.000000
1788811.000000
1789627.000000
1790422.000000
1791240.000000
1792073.000000
1792905.000000
1793709.000000
1794493.000000
1795253.000000
1796017.000000
1796887.000000
1797843.000000
1798778.000000
1799680.000000
1800539.000000
