Peaks (s)
1009.000000
1825.000000
2628.000000
3432.000000
4268.000000
5147.000000
6083.000000
7053.000000
8018.000000
8984.000000
9941.000000
10846.000000
11713.000000
12556.000000
13383.000000
14205.000000
15043.000000
15913.000000
16815.000000
17736.000000
18664.000000
19603.000000
20540.000000
21460.000000
22364.000000
23259.000000
24143.000000
25029.000000
25896.000000
26747.000000
27579.000000
28398.000000
29222.000000
30057.000000
30955.000000
31899.000000
32855.000000
33804.000000
34742.000000
35670.000000
36577.000000
37479.000000
38377.000000
39261.000000
40119.000000
40961.000000
41794.000000
42617.000000
43461.000000
44340.000000
45254.000000
46194.000000
47139.000000
48081.000000
49010.000000
49914.000000
50774.000000
51612.000000
52434.000000
53259.000000
54115.000000
55013.000000
55920.000000
56835.000000
57737.000000
58635.000000
59503.000000
60338.000000
61159.000000
61991.000000
62873.000000
63793.000000
64733.000000
65683.000000
66632.000000
67571.000000
68475.000000
69341.000000
70177.000000
71007.000000
71850.000000
72721.000000
73613.000000
74526.000000
75451.000000
76376.000000
77292.000000
78196.000000
79101.000000
80000.000000
80896.000000
81762.000000
82605.000000
83426.000000
84244.000000
85103.000000
86005.000000
86928.000000
87854.000000
88780.000000
89670.000000
90524.000000
91385.000000
92252.000000
93129.000000
94015.000000
94900.000000
95781.000000
96657.000000
97543.000000
98429.000000
99294.000000
100138.000000
100963.000000
101779.000000
102613.000000
103482.000000
104387.000000
105319.000000
106243.000000
107145.000000
108044.000000
108932.000000
109816.000000
110678.000000
111520.000000
112345.000000
113161.000000
113969.000000
114790.000000
115636.000000
116515.000000
117425.000000
118335.000000
119232.000000
120119.000000
120985.000000
121828.000000
122680.000000
123518.000000
124347.000000
125179.000000
126014.000000
126854.000000
127713.000000
128584.000000
129450.000000
130321.000000
131182.000000
132039.000000
132879.000000
133710.000000
134564.000000
135423.000000
136287.000000
137153.000000
138010.000000
138861.000000
139706.000000
140589.000000
141486.000000
142378.000000
143283.000000
144191.000000
145115.000000
146038.000000
146942.000000
147821.000000
148660.000000
149506.000000
150375.000000
151257.000000
152151.000000
153034.000000
153909.000000
154795.000000
155680.000000
156566.000000
157456.000000
158331.000000
159183.000000
160059.000000
160937.000000
161804.000000
162678.000000
163564.000000
164466.000000
165376.000000
166240.000000
167080.000000
167921.000000
168755.000000
169555.000000
170371.000000
171229.000000
172145.000000
173073.000000
173989.000000
174898.000000
175820.000000
176704.000000
177598.000000
178481.000000
179369.000000
180244.000000
181105.000000
181966.000000
182833.000000
183708.000000
184589.000000
185458.000000
186292.000000
187140.000000
187991.000000
188864.000000
189772.000000
190699.000000
191626.000000
192542.000000
193421.000000
194323.000000
195257.000000
196119.000000
197009.000000
197874.000000
198757.000000
199624.000000
200489.000000
201327.000000
202165.000000
202992.000000
203819.000000
204609.000000
205409.000000
206253.000000
207151.000000
208087.000000
208995.000000
209899.000000
210808.000000
211709.000000
212573.000000
213463.000000
214354.000000
215241.000000
216121.000000
217003.000000
217912.000000
218770.000000
219623.000000
220468.000000
221342.000000
222215.000000
223102.000000
224001.000000
224880.000000
225789.000000
226685.000000
227593.000000
228478.000000
229375.000000
230288.000000
231226.000000
232102.000000
233004.000000
233937.000000
234836.000000
235699.000000
236563.000000
237438.000000
238306.000000
239160.000000
240038.000000
240922.000000
241791.000000
242639.000000
243517.000000
244381.000000
245221.000000
246048.000000
246870.000000
247692.000000
248495.000000
249305.000000
250152.000000
251035.000000
251890.000000
252751.000000
253577.000000
254425.000000
255284.000000
256141.000000
256982.000000
257820.000000
258669.000000
259523.000000
260387.000000
261227.000000
262103.000000
262979.000000
263855.000000
264718.000000
265626.000000
266506.000000
267403.000000
268292.000000
269172.000000
270025.000000
270870.000000
271711.000000
272547.000000
273382.000000
274232.000000
275092.000000
275987.000000
276877.000000
277786.000000
278699.000000
279608.000000
280512.000000
281384.000000
282309.000000
283157.000000
284030.000000
284902.000000
285774.000000
286641.000000
287499.000000
288352.000000
289195.000000
290031.000000
290870.000000
291709.000000
292572.000000
293459.000000
294341.000000
295237.000000
296141.000000
297044.000000
297937.000000
298804.000000
299715.000000
300557.000000
301425.000000
302306.000000
303194.000000
304075.000000
304944.000000
305824.000000
306702.000000
307583.000000
308474.000000
309371.000000
310269.000000
311139.000000
311982.000000
312828.000000
313668.000000
314534.000000
315437.000000
316362.000000
317306.000000
318248.000000
319195.000000
320101.000000
321010.000000
321902.000000
322772.000000
323650.000000
324496.000000
325335.000000
326172.000000
327009.000000
327876.000000
328798.000000
329718.000000
330647.000000
331571.000000
332503.000000
333421.000000
334330.000000
335246.000000
336148.000000
337056.000000
337952.000000
338855.000000
339728.000000
340589.000000
341441.000000
342321.000000
343216.000000
344124.000000
345052.000000
345963.000000
346861.000000
347795.000000
348666.000000
349533.000000
350385.000000
351235.000000
352089.000000
352971.000000
353883.000000
354787.000000
355698.000000
356613.000000
357516.000000
358419.000000
359324.000000
360229.000000
361114.000000
361980.000000
362847.000000
363725.000000
364621.000000
365542.000000
366484.000000
367433.000000
368391.000000
369328.000000
370209.000000
371125.000000
372062.000000
372970.000000
373842.000000
374790.000000
375703.000000
376622.000000
377499.000000
378440.000000
379323.000000
380245.000000
381113.000000
381994.000000
382895.000000
383796.000000
384671.000000
385576.000000
386494.000000
387383.000000
388256.000000
389173.000000
390092.000000
390957.000000
391832.000000
392723.000000
393633.000000
394516.000000
395393.000000
396256.000000
397104.000000
397949.000000
398790.000000
399631.000000
400509.000000
401400.000000
402290.000000
403191.000000
404086.000000
404979.000000
405880.000000
406774.000000
407686.000000
408584.000000
409470.000000
410356.000000
411239.000000
412111.000000
412964.000000
413808.000000
414677.000000
415555.000000
416438.000000
417327.000000
418256.000000
419187.000000
420106.000000
421022.000000
421936.000000
422837.000000
423722.000000
424569.000000
425418.000000
426260.000000
427101.000000
427944.000000
428821.000000
429723.000000
430655.000000
431594.000000
432526.000000
433465.000000
434395.000000
435327.000000
436249.000000
437158.000000
438062.000000
438943.000000
439811.000000
440675.000000
441535.000000
442395.000000
443282.000000
444185.000000
445088.000000
445990.000000
446902.000000
447813.000000
448725.000000
449641.000000
450549.000000
451460.000000
452357.000000
453265.000000
454172.000000
455070.000000
455982.000000
456887.000000
457758.000000
458629.000000
459542.000000
460456.000000
461389.000000
462331.000000
463272.000000
464190.000000
465079.000000
465950.000000
466822.000000
467692.000000
468585.000000
469486.000000
470388.000000
471299.000000
472181.000000
473089.000000
473997.000000
474896.000000
475783.000000
476683.000000
477567.000000
478456.000000
479315.000000
480180.000000
481060.000000
481948.000000
482827.000000
483705.000000
484601.000000
485511.000000
486395.000000
487282.000000
488180.000000
489063.000000
489935.000000
490822.000000
491709.000000
492609.000000
493497.000000
494395.000000
495294.000000
496198.000000
497089.000000
497987.000000
498894.000000
499795.000000
500667.000000
501523.000000
502375.000000
503250.000000
504148.000000
505075.000000
505996.000000
506926.000000
507880.000000
508819.000000
509710.000000
510611.000000
511502.000000
512381.000000
513242.000000
514122.000000
514995.000000
515864.000000
516714.000000
517584.000000
518456.000000
519343.000000
520239.000000
521153.000000
522072.000000
522992.000000
523873.000000
524765.000000
525666.000000
526560.000000
527443.000000
528352.000000
529274.000000
530185.000000
531084.000000
532002.000000
532916.000000
533827.000000
534730.000000
535652.000000
536572.000000
537485.000000
538381.000000
539251.000000
540123.000000
540983.000000
541882.000000
542800.000000
543743.000000
544687.000000
545617.000000
546553.000000
547471.000000
548392.000000
549303.000000
550203.000000
551100.000000
551995.000000
552906.000000
553819.000000
554743.000000
555675.000000
556609.000000
557559.000000
558493.000000
559439.000000
560368.000000
561258.000000
562123.000000
562988.000000
563846.000000
564714.000000
565619.000000
566563.000000
567542.000000
568529.000000
569529.000000
570477.000000
571434.000000
572385.000000
573331.000000
574275.000000
575213.000000
576186.000000
577145.000000
578099.000000
579022.000000
579956.000000
580896.000000
581846.000000
582767.000000
583722.000000
584682.000000
585623.000000
586531.000000
587475.000000
588420.000000
589342.000000
590272.000000
591244.000000
592196.000000
593114.000000
594061.000000
595016.000000
595954.000000
596855.000000
597765.000000
598685.000000
599602.000000
600497.000000
601476.000000
602399.000000
603316.000000
604207.000000
605087.000000
606017.000000
606978.000000
607930.000000
608889.000000
609805.000000
610761.000000
611713.000000
612669.000000
613601.000000
614517.000000
615459.000000
616400.000000
617352.000000
618291.000000
619246.000000
620196.000000
621127.000000
622036.000000
623001.000000
623983.000000
624938.000000
625924.000000
626950.000000
627963.000000
628961.000000
629955.000000
630984.000000
631890.000000
632792.000000
633691.000000
634641.000000
635605.000000
636584.000000
637562.000000
638559.000000
639510.000000
640490.000000
641469.000000
642444.000000
643404.000000
644352.000000
645297.000000
646246.000000
647241.000000
648207.000000
649162.000000
650086.000000
651097.000000
652060.000000
652970.000000
653971.000000
654938.000000
655908.000000
656811.000000
657765.000000
658766.000000
659717.000000
660628.000000
661548.000000
662489.000000
663433.000000
664353.000000
665253.000000
666193.000000
667146.000000
668090.000000
669022.000000
669980.000000
670915.000000
671818.000000
672683.000000
673544.000000
674396.000000
675257.000000
676146.000000
677105.000000
678039.000000
678991.000000
679927.000000
680893.000000
681851.000000
682791.000000
683722.000000
684617.000000
685542.000000
686469.000000
687395.000000
688357.000000
689286.000000
690215.000000
691156.000000
692112.000000
693076.000000
694016.000000
694957.000000
695939.000000
696911.000000
697882.000000
698863.000000
699842.000000
700817.000000
701787.000000
702725.000000
703639.000000
704594.000000
705569.000000
706477.000000
707357.000000
708236.000000
709181.000000
710145.000000
711125.000000
712098.000000
713027.000000
713976.000000
714957.000000
715915.000000
716851.000000
717830.000000
718803.000000
719740.000000
720718.000000
721685.000000
722675.000000
723565.000000
724509.000000
725477.000000
726408.000000
727347.000000
728348.000000
729334.000000
730333.000000
731296.000000
732214.000000
733176.000000
734137.000000
735108.000000
736046.000000
737035.000000
738021.000000
739041.000000
740022.000000
741017.000000
741986.000000
742946.000000
743907.000000
744933.000000
745982.000000
747052.000000
748093.000000
749144.000000
750194.000000
751222.000000
752205.000000
753139.000000
754021.000000
754894.000000
755802.000000
756784.000000
757806.000000
758843.000000
759842.000000
760883.000000
761931.000000
762925.000000
763862.000000
764805.000000
765775.000000
766718.000000
767653.000000
768525.000000
769428.000000
770307.000000
771180.000000
772033.000000
772933.000000
773895.000000
774873.000000
775811.000000
776791.000000
777825.000000
778834.000000
779852.000000
780825.000000
781753.000000
782660.000000
783552.000000
784453.000000
785405.000000
786383.000000
787375.000000
788376.000000
789339.000000
790307.000000
791274.000000
792222.000000
793159.000000
794142.000000
795154.000000
796115.000000
797068.000000
798054.000000
799010.000000
799964.000000
800892.000000
801870.000000
802855.000000
803860.000000
804865.000000
805877.000000
806876.000000
807850.000000
808783.000000
809718.000000
810663.000000
811612.000000
812527.000000
813420.000000
814310.000000
815225.000000
816169.000000
817131.000000
818074.000000
819033.000000
820001.000000
820963.000000
821894.000000
822871.000000
823855.000000
824909.000000
825896.000000
826834.000000
827729.000000
828640.000000
829586.000000
830495.000000
831419.000000
832355.000000
833291.000000
834189.000000
835055.000000
835932.000000
836828.000000
837738.000000
838674.000000
839612.000000
840519.000000
841414.000000
842331.000000
843243.000000
844167.000000
845068.000000
845985.000000
846929.000000
847914.000000
848869.000000
849855.000000
850854.000000
851861.000000
852816.000000
853788.000000
854784.000000
855758.000000
856727.000000
857683.000000
858626.000000
859567.000000
860514.000000
861493.000000
862452.000000
863423.000000
864387.000000
865327.000000
866244.000000
867137.000000
868017.000000
868916.000000
869831.000000
870743.000000
871654.000000
872540.000000
873438.000000
874327.000000
875215.000000
876080.000000
876983.000000
877886.000000
878810.000000
879739.000000
880665.000000
881611.000000
882562.000000
883478.000000
884343.000000
885197.000000
886085.000000
886982.000000
887896.000000
888832.000000
889757.000000
890723.000000
891690.000000
892626.000000
893588.000000
894548.000000
895479.000000
896381.000000
897301.000000
898200.000000
899074.000000
899955.000000
900847.000000
901714.000000
902566.000000
903417.000000
904322.000000
905230.000000
906140.000000
907034.000000
907963.000000
908903.000000
909871.000000
910772.000000
911719.000000
912676.000000
913628.000000
914571.000000
