Peaks (s)
937.000000
1775.000000
2619.000000
3459.000000
4292.000000
5136.000000
5967.000000
6794.000000
7629.000000
8497.000000
9365.000000
10233.000000
11124.000000
12014.000000
12893.000000
13791.000000
14698.000000
15582.000000
16454.000000
17346.000000
18266.000000
19146.000000
20005.000000
20867.000000
21755.000000
22634.000000
23498.000000
24373.000000
25270.000000
26143.000000
26998.000000
27858.000000
28734.000000
29587.000000
30429.000000
31286.000000
32145.000000
32987.000000
33833.000000
34702.000000
35575.000000
36437.000000
37310.000000
38188.000000
39040.000000
39880.000000
40706.000000
41540.000000
42391.000000
43243.000000
44086.000000
44929.000000
45775.000000
46610.000000
47444.000000
48276.000000
49099.000000
49925.000000
50766.000000
51661.000000
52561.000000
53420.000000
54270.000000
55124.000000
55963.000000
56789.000000
57615.000000
58448.000000
59279.000000
60104.000000
60933.000000
61772.000000
62610.000000
63444.000000
64291.000000
65142.000000
65982.000000
66809.000000
67650.000000
68487.000000
69316.000000
70138.000000
70971.000000
71819.000000
72659.000000
73492.000000
74341.000000
75189.000000
76027.000000
76866.000000
77702.000000
78528.000000
79340.000000
80158.000000
80997.000000
81855.000000
82723.000000
83596.000000
84468.000000
85334.000000
86204.000000
87078.000000
87955.000000
88831.000000
89715.000000
90586.000000
91442.000000
92284.000000
93132.000000
93989.000000
94836.000000
95671.000000
96504.000000
97344.000000
98196.000000
99056.000000
99924.000000
100778.000000
101626.000000
102477.000000
103322.000000
104150.000000
104967.000000
105792.000000
106625.000000
107468.000000
108332.000000
109203.000000
110076.000000
110957.000000
111854.000000
112740.000000
113626.000000
114522.000000
115400.000000
116259.000000
117106.000000
117976.000000
118844.000000
119703.000000
120578.000000
121477.000000
122365.000000
123252.000000
124155.000000
125041.000000
125931.000000
126843.000000
127729.000000
128593.000000
129469.000000
130363.000000
131225.000000
132068.000000
132910.000000
133754.000000
134593.000000
135424.000000
136275.000000
137141.000000
138015.000000
138900.000000
139789.000000
140662.000000
141548.000000
142463.000000
143365.000000
144254.000000
145143.000000
146039.000000
146961.000000
147897.000000
148812.000000
149684.000000
150561.000000
151463.000000
152400.000000
153296.000000
154178.000000
155069.000000
155945.000000
156812.000000
157677.000000
158543.000000
159398.000000
160253.000000
161122.000000
161985.000000
162853.000000
163756.000000
164631.000000
165487.000000
166343.000000
167210.000000
168074.000000
168928.000000
169780.000000
170646.000000
171504.000000
172355.000000
173214.000000
174069.000000
174920.000000
175779.000000
176646.000000
177504.000000
178369.000000
179266.000000
180142.000000
181010.000000
181883.000000
182782.000000
183646.000000
184497.000000
185370.000000
186268.000000
187154.000000
188042.000000
188938.000000
189813.000000
190684.000000
191577.000000
192475.000000
193347.000000
194234.000000
195141.000000
196024.000000
196895.000000
197777.000000
198682.000000
199559.000000
200424.000000
201302.000000
202158.000000
203005.000000
203850.000000
204706.000000
205556.000000
206397.000000
207254.000000
208125.000000
208976.000000
209820.000000
210673.000000
211518.000000
212366.000000
213232.000000
214146.000000
215059.000000
215978.000000
216920.000000
217864.000000
218771.000000
219705.000000
220662.000000
221561.000000
222501.000000
223582.000000
224629.000000
225616.000000
226574.000000
227508.000000
228397.000000
229283.000000
230204.000000
231132.000000
232012.000000
232856.000000
233731.000000
234669.000000
235579.000000
236472.000000
237395.000000
238332.000000
239250.000000
240170.000000
241097.000000
242017.000000
242943.000000
243871.000000
244777.000000
245665.000000
246555.000000
247408.000000
248258.000000
249114.000000
249990.000000
250843.000000
251684.000000
252541.000000
253436.000000
254322.000000
255179.000000
256027.000000
256875.000000
257707.000000
258544.000000
259414.000000
260276.000000
261121.000000
261970.000000
262826.000000
263658.000000
264474.000000
265289.000000
266116.000000
266947.000000
267771.000000
268609.000000
269463.000000
270327.000000
271180.000000
272038.000000
272903.000000
273753.000000
274593.000000
275435.000000
276294.000000
277141.000000
277967.000000
278794.000000
279645.000000
280520.000000
281397.000000
282281.000000
283161.000000
284043.000000
284933.000000
285808.000000
286701.000000
287603.000000
288504.000000
289413.000000
290321.000000
291196.000000
292068.000000
292945.000000
293827.000000
294688.000000
295523.000000
296371.000000
297248.000000
298131.000000
299013.000000
299904.000000
300783.000000
301661.000000
302551.000000
303474.000000
304383.000000
305276.000000
306190.000000
307120.000000
308004.000000
308892.000000
309787.000000
310657.000000
311516.000000
312370.000000
313243.000000
314120.000000
314985.000000
315860.000000
316757.000000
317642.000000
318495.000000
319352.000000
320223.000000
321087.000000
321931.000000
322782.000000
323654.000000
324522.000000
325372.000000
326217.000000
327082.000000
327940.000000
328783.000000
329614.000000
330455.000000
331320.000000
332227.000000
333134.000000
334025.000000
334916.000000
335836.000000
336717.000000
337575.000000
338452.000000
339352.000000
340261.000000
341187.000000
342127.000000
343032.000000
343918.000000
344814.000000
345708.000000
346576.000000
347442.000000
348332.000000
349236.000000
350106.000000
350969.000000
351838.000000
352713.000000
353574.000000
354426.000000
355293.000000
356169.000000
357027.000000
357889.000000
358768.000000
359642.000000
360504.000000
361371.000000
362230.000000
363072.000000
363906.000000
364749.000000
365598.000000
366439.000000
367273.000000
368110.000000
368944.000000
369773.000000
370597.000000
371431.000000
372262.000000
373090.000000
373922.000000
374773.000000
375626.000000
376469.000000
377329.000000
378195.000000
379040.000000
379916.000000
380829.000000
381729.000000
382618.000000
383523.000000
384418.000000
385295.000000
386181.000000
387108.000000
388015.000000
388908.000000
389819.000000
390734.000000
391612.000000
392499.000000
393391.000000
394263.000000
395138.000000
396025.000000
396924.000000
397790.000000
398678.000000
399601.000000
400560.000000
401456.000000
402321.000000
403188.000000
404064.000000
404917.000000
405760.000000
406613.000000
407502.000000
408396.000000
409264.000000
410136.000000
411049.000000
411944.000000
412815.000000
413701.000000
414612.000000
415498.000000
416395.000000
417327.000000
418225.000000
419099.000000
419989.000000
420891.000000
421774.000000
422659.000000
423555.000000
424412.000000
425244.000000
426065.000000
426894.000000
427735.000000
428572.000000
429398.000000
430244.000000
431122.000000
431992.000000
432842.000000
433691.000000
434533.000000
435382.000000
436225.000000
437069.000000
437903.000000
438734.000000
439575.000000
440464.000000
441358.000000
442230.000000
443116.000000
444026.000000
444911.000000
445794.000000
446689.000000
447564.000000
448439.000000
449323.000000
450205.000000
451063.000000
451929.000000
452803.000000
453668.000000
454527.000000
455392.000000
456269.000000
457118.000000
457957.000000
458802.000000
459664.000000
460512.000000
461359.000000
462226.000000
463106.000000
463980.000000
464837.000000
465691.000000
466552.000000
467408.000000
468262.000000
469117.000000
469983.000000
470849.000000
471697.000000
472547.000000
473412.000000
474293.000000
475153.000000
476016.000000
476896.000000
477806.000000
478722.000000
479596.000000
480458.000000
481324.000000
482204.000000
483093.000000
483962.000000
484821.000000
485694.000000
486593.000000
487455.000000
488301.000000
489155.000000
490032.000000
490892.000000
491741.000000
492594.000000
493472.000000
494333.000000
495183.000000
496033.000000
496904.000000
497764.000000
498620.000000
499518.000000
500473.000000
501438.000000
502315.000000
503155.000000
503984.000000
504816.000000
505638.000000
506450.000000
507259.000000
508086.000000
508927.000000
509768.000000
510617.000000
511480.000000
512345.000000
513220.000000
514095.000000
514990.000000
515886.000000
516780.000000
517698.000000
518589.000000
519466.000000
520348.000000
521208.000000
522065.000000
522925.000000
523795.000000
524666.000000
525510.000000
526341.000000
527161.000000
527999.000000
528853.000000
529703.000000
530551.000000
531414.000000
532319.000000
533211.000000
534118.000000
535049.000000
535956.000000
536829.000000
537706.000000
538597.000000
539472.000000
540328.000000
541190.000000
542065.000000
542921.000000
543769.000000
544618.000000
545478.000000
546329.000000
547168.000000
548017.000000
548882.000000
549753.000000
550603.000000
551446.000000
552295.000000
553136.000000
553972.000000
554816.000000
555684.000000
556554.000000
557442.000000
558322.000000
559199.000000
560086.000000
560969.000000
561827.000000
562684.000000
563562.000000
564426.000000
565288.000000
566162.000000
567042.000000
567902.000000
568762.000000
569640.000000
570528.000000
571401.000000
572271.000000
573168.000000
574046.000000
574914.000000
575798.000000
576706.000000
577604.000000
578497.000000
579384.000000
580249.000000
581106.000000
581981.000000
582871.000000
583748.000000
584612.000000
585475.000000
586341.000000
587196.000000
588046.000000
588899.000000
589758.000000
590614.000000
591461.000000
592321.000000
593169.000000
594006.000000
594844.000000
595703.000000
596584.000000
597465.000000
598334.000000
599200.000000
600048.000000
600883.000000
601718.000000
602562.000000
603418.000000
604268.000000
605120.000000
606003.000000
606923.000000
607804.000000
608674.000000
609560.000000
610439.000000
611292.000000
612143.000000
613015.000000
613892.000000
614749.000000
615598.000000
616449.000000
617309.000000
618170.000000
619026.000000
619906.000000
620782.000000
621655.000000
622532.000000
623444.000000
624353.000000
625230.000000
626119.000000
627038.000000
627913.000000
628763.000000
629620.000000
630496.000000
631361.000000
632209.000000
633064.000000
633931.000000
634790.000000
635627.000000
636450.000000
637286.000000
638155.000000
639029.000000
639902.000000
640790.000000
641711.000000
642613.000000
643513.000000
644426.000000
645313.000000
646181.000000
647048.000000
647929.000000
648792.000000
649654.000000
650536.000000
651410.000000
652262.000000
653104.000000
653958.000000
654819.000000
655677.000000
656541.000000
657430.000000
658322.000000
659254.000000
660245.000000
661193.000000
662089.000000
662987.000000
663922.000000
664823.000000
665709.000000
666637.000000
667619.000000
668529.000000
669402.000000
670273.000000
671170.000000
672059.000000
672964.000000
673921.000000
674913.000000
675860.000000
676808.000000
677759.000000
678711.000000
679597.000000
680503.000000
681523.000000
682594.000000
683582.000000
684524.000000
685517.000000
686542.000000
687506.000000
688458.000000
689426.000000
690342.000000
691239.000000
692126.000000
693016.000000
693879.000000
694726.000000
695579.000000
696468.000000
697360.000000
698229.000000
699087.000000
699933.000000
700766.000000
701603.000000
702472.000000
703346.000000
704218.000000
705110.000000
705991.000000
706847.000000
707701.000000
708552.000000
709393.000000
710220.000000
711041.000000
711883.000000
712728.000000
713559.000000
714394.000000
715234.000000
716074.000000
716905.000000
717732.000000
718571.000000
719424.000000
720259.000000
721092.000000
721942.000000
722805.000000
723669.000000
724543.000000
725422.000000
726291.000000
727145.000000
728000.000000
728871.000000
729722.000000
730561.000000
731400.000000
732253.000000
733104.000000
733947.000000
734777.000000
735609.000000
736440.000000
737271.000000
738109.000000
738966.000000
739811.000000
740661.000000
741520.000000
742383.000000
743237.000000
744087.000000
744943.000000
745800.000000
746641.000000
747474.000000
748329.000000
749224.000000
750117.000000
751051.000000
752085.000000
753111.000000
754013.000000
754894.000000
755788.000000
756698.000000
757570.000000
758418.000000
759283.000000
760177.000000
761058.000000
761919.000000
762780.000000
763676.000000
764595.000000
765494.000000
766405.000000
767332.000000
768213.000000
769066.000000
769916.000000
770802.000000
771725.000000
772606.000000
773539.000000
774669.000000
775788.000000
776833.000000
777837.000000
778761.000000
779685.000000
780608.000000
781478.000000
782320.000000
783162.000000
784035.000000
784932.000000
785804.000000
786688.000000
787615.000000
788561.000000
789459.000000
790344.000000
791245.000000
792154.000000
793019.000000
793868.000000
794756.000000
795683.000000
796575.000000
797439.000000
798292.000000
799158.000000
800032.000000
800893.000000
801755.000000
802637.000000
803526.000000
804389.000000
805236.000000
806086.000000
806957.000000
807849.000000
808731.000000
809610.000000
810512.000000
811402.000000
812263.000000
813113.000000
813968.000000
814813.000000
815643.000000
816479.000000
817332.000000
818200.000000
819063.000000
819924.000000
820808.000000
821707.000000
822579.000000
823434.000000
824305.000000
825214.000000
826109.000000
826983.000000
827888.000000
828834.000000
829748.000000
830659.000000
831579.000000
832497.000000
833499.000000
834503.000000
835400.000000
836266.000000
837146.000000
838026.000000
838891.000000
839733.000000
840587.000000
841466.000000
842342.000000
843230.000000
844198.000000
845309.000000
846356.000000
847385.000000
848482.000000
849547.000000
850580.000000
851549.000000
852461.000000
853427.000000
854393.000000
855351.000000
856286.000000
857212.000000
858259.000000
859377.000000
860414.000000
861311.000000
862191.000000
863135.000000
864225.000000
865310.000000
866366.000000
867387.000000
868393.000000
869310.000000
870165.000000
870999.000000
871820.000000
872647.000000
873487.000000
874324.000000
875168.000000
876037.000000
876954.000000
877838.000000
878686.000000
879533.000000
880391.000000
881256.000000
882107.000000
882936.000000
883771.000000
884628.000000
885479.000000
886314.000000
887142.000000
887976.000000
888814.000000
889642.000000
890463.000000
891292.000000
892139.000000
893016.000000
893887.000000
894757.000000
895633.000000
896522.000000
897378.000000
898223.000000
899080.000000
899968.000000
900862.000000
901718.000000
902573.000000
903428.000000
904276.000000
905117.000000
905956.000000
906799.000000
907657.000000
908502.000000
909339.000000
910181.000000
911033.000000
911876.000000
912717.000000
913568.000000
914453.000000
915362.000000
916227.000000
917090.000000
917943.000000
918782.000000
919616.000000
920449.000000
921292.000000
922132.000000
922980.000000
923811.000000
924634.000000
925457.000000
926311.000000
927206.000000
928090.000000
928953.000000
929825.000000
930690.000000
931540.000000
932392.000000
933252.000000
934112.000000
934962.000000
935818.000000
936685.000000
937561.000000
938430.000000
939292.000000
940166.000000
941029.000000
941904.000000
942796.000000
943705.000000
944597.000000
945464.000000
946328.000000
947204.000000
948077.000000
948943.000000
949814.000000
950715.000000
951612.000000
952513.000000
953420.000000
954303.000000
955167.000000
956048.000000
956964.000000
957855.000000
958711.000000
959571.000000
960434.000000
961290.000000
962138.000000
962996.000000
963870.000000
964721.000000
965557.000000
966390.000000
967239.000000
968088.000000
968928.000000
969767.000000
970623.000000
971473.000000
972316.000000
973163.000000
974012.000000
974849.000000
975690.000000
976540.000000
977407.000000
978258.000000
979100.000000
979962.000000
980854.000000
981742.000000
982600.000000
983454.000000
984310.000000
985185.000000
986040.000000
986880.000000
987726.000000
988596.000000
989450.000000
990291.000000
991145.000000
992033.000000
992945.000000
993824.000000
994655.000000
995472.000000
996275.000000
997085.000000
997944.000000
998784.000000
999590.000000
1000394.000000
1001193.000000
1002005.000000
1002806.000000
1003609.000000
1004409.000000
1005210.000000
1006015.000000
1006816.000000
1007620.000000
1008411.000000
1009222.000000
1010046.000000
1010880.000000
1011726.000000
1012567.000000
1013412.000000
1014289.000000
1015204.000000
1016175.000000
1017139.000000
1018112.000000
1019054.000000
1019982.000000
1020870.000000
1021749.000000
1022602.000000
1023440.000000
1024294.000000
1025214.000000
1026150.000000
1027057.000000
1028014.000000
1028995.000000
1029928.000000
1030862.000000
1031829.000000
1032753.000000
1033668.000000
1034634.000000
1035590.000000
1036523.000000
1037463.000000
1038405.000000
1039306.000000
1040182.000000
1041059.000000
1041922.000000
1042764.000000
1043642.000000
1044532.000000
1045427.000000
1046366.000000
1047330.000000
1048252.000000
1049169.000000
1050096.000000
1051044.000000
1051960.000000
1052832.000000
1053672.000000
1054498.000000
1055323.000000
1056175.000000
1057050.000000
1057914.000000
1058764.000000
1059614.000000
1060487.000000
1061369.000000
1062272.000000
1063188.000000
1064058.000000
1064906.000000
1065754.000000
1066600.000000
1067432.000000
1068264.000000
1069124.000000
1069987.000000
1070837.000000
1071698.000000
1072599.000000
1073501.000000
1074373.000000
1075242.000000
1076122.000000
1077021.000000
1077893.000000
1078751.000000
1079620.000000
1080474.000000
1081308.000000
1082137.000000
1082972.000000
1083822.000000
1084671.000000
1085519.000000
1086367.000000
1087223.000000
1088074.000000
1088905.000000
1089721.000000
1090554.000000
1091412.000000
1092272.000000
1093135.000000
1094003.000000
1094899.000000
1095780.000000
1096654.000000
1097535.000000
1098433.000000
1099321.000000
1100196.000000
1101080.000000
1101987.000000
1102888.000000
1103759.000000
1104604.000000
1105457.000000
1106360.000000
1107317.000000
1108239.000000
1109147.000000
1110062.000000
1110989.000000
1111912.000000
1112815.000000
1113704.000000
1114592.000000
1115490.000000
1116373.000000
1117246.000000
1118148.000000
1119110.000000
1120070.000000
1121021.000000
1121910.000000
1122780.000000
1123650.000000
1124527.000000
1125406.000000
1126293.000000
1127155.000000
1128009.000000
1128863.000000
1129717.000000
1130555.000000
1131389.000000
1132227.000000
1133083.000000
1133936.000000
1134782.000000
1135630.000000
1136498.000000
1137372.000000
1138233.000000
1139087.000000
1139965.000000
1140832.000000
1141690.000000
1142549.000000
1143439.000000
1144313.000000
1145179.000000
1146052.000000
1146956.000000
1147845.000000
1148708.000000
1149576.000000
1150454.000000
1151308.000000
1152157.000000
1153014.000000
1153894.000000
1154767.000000
1155646.000000
1156556.000000
1157444.000000
1158327.000000
1159219.000000
1160131.000000
1161035.000000
1161931.000000
1162846.000000
1163752.000000
1164631.000000
1165497.000000
1166369.000000
1167238.000000
1168090.000000
1168943.000000
1169793.000000
1170640.000000
1171475.000000
1172303.000000
1173142.000000
1173998.000000
1174851.000000
1175694.000000
1176533.000000
1177370.000000
1178187.000000
1178993.000000
1179795.000000
1180586.000000
1181382.000000
1182203.000000
1183038.000000
1183875.000000
1184731.000000
1185574.000000
1186409.000000
1187268.000000
1188179.000000
1189125.000000
1190025.000000
1190945.000000
1191914.000000
1192893.000000
1193849.000000
1194758.000000
1195652.000000
1196550.000000
1197454.000000
1198329.000000
1199190.000000
1200067.000000
1200929.000000
1201777.000000
1202627.000000
1203489.000000
1204338.000000
1205170.000000
1206035.000000
1207014.000000
1207965.000000
1208894.000000
1209835.000000
1210784.000000
1211713.000000
1212614.000000
1213503.000000
1214383.000000
1215235.000000
1216085.000000
1216929.000000
1217783.000000
1218643.000000
1219496.000000
1220340.000000
1221175.000000
1222004.000000
1222841.000000
1223695.000000
1224559.000000
1225402.000000
1226242.000000
1227091.000000
1227961.000000
1228809.000000
1229640.000000
1230468.000000
1231306.000000
1232157.000000
1233022.000000
1233869.000000
1234700.000000
1235532.000000
1236379.000000
1237232.000000
1238086.000000
1238949.000000
1239822.000000
1240691.000000
1241553.000000
1242420.000000
1243251.000000
1244069.000000
1244885.000000
1245708.000000
1246537.000000
1247377.000000
1248231.000000
1249099.000000
1249970.000000
1250841.000000
1251725.000000
1252622.000000
1253531.000000
1254426.000000
1255319.000000
1256247.000000
1257159.000000
1258035.000000
1258911.000000
1259806.000000
1260681.000000
1261549.000000
1262439.000000
1263346.000000
1264237.000000
1265142.000000
1266078.000000
1267001.000000
1267892.000000
1268806.000000
1269731.000000
1270650.000000
1271589.000000
1272558.000000
1273480.000000
1274386.000000
1275289.000000
1276202.000000
1277090.000000
1277985.000000
1278902.000000
1279792.000000
1280661.000000
1281534.000000
1282432.000000
1283319.000000
1284188.000000
1285073.000000
1285962.000000
1286829.000000
1287692.000000
1288570.000000
1289459.000000
1290332.000000
1291198.000000
1292079.000000
1292984.000000
1293875.000000
1294744.000000
1295619.000000
1296505.000000
1297381.000000
1298250.000000
1299136.000000
1300045.000000
1300958.000000
1301842.000000
1302745.000000
1303699.000000
1304686.000000
1305632.000000
1306535.000000
1307428.000000
1308312.000000
1309185.000000
1310040.000000
1310898.000000
1311785.000000
1312688.000000
1313563.000000
1314435.000000
1315335.000000
1316244.000000
1317128.000000
1318024.000000
1318942.000000
1319864.000000
1320739.000000
1321593.000000
1322454.000000
1323333.000000
1324198.000000
1325071.000000
1325972.000000
1326890.000000
1327786.000000
1328679.000000
1329555.000000
1330418.000000
1331263.000000
1332106.000000
1332964.000000
1333819.000000
1334665.000000
1335523.000000
1336409.000000
1337307.000000
1338172.000000
1339042.000000
1339918.000000
1340809.000000
1341699.000000
1342562.000000
1343422.000000
1344274.000000
1345113.000000
1345946.000000
1346785.000000
1347639.000000
1348496.000000
1349389.000000
1350302.000000
1351178.000000
1352038.000000
1352894.000000
1353760.000000
1354609.000000
1355445.000000
1356276.000000
1357113.000000
1357954.000000
1358791.000000
1359636.000000
1360483.000000
1361321.000000
1362155.000000
1363006.000000
1363879.000000
1364736.000000
1365594.000000
1366468.000000
1367352.000000
1368217.000000
1369073.000000
1369935.000000
1370795.000000
1371674.000000
1372616.000000
1373638.000000
1374599.000000
1375519.000000
1376419.000000
1377323.000000
1378197.000000
1379056.000000
1379919.000000
1380811.000000
1381715.000000
1382608.000000
1383525.000000
1384467.000000
1385376.000000
1386272.000000
1387171.000000
1388074.000000
1388955.000000
1389858.000000
1390842.000000
1391838.000000
1392741.000000
1393614.000000
1394494.000000
1395373.000000
1396230.000000
1397072.000000
1397914.000000
1398760.000000
1399604.000000
1400441.000000
1401271.000000
1402116.000000
1402983.000000
1403838.000000
1404695.000000
1405588.000000
1406517.000000
1407407.000000
1408309.000000
1409190.000000
1410049.000000
1410889.000000
1411725.000000
1412569.000000
1413428.000000
1414281.000000
1415145.000000
1416022.000000
1416896.000000
1417752.000000
1418621.000000
1419488.000000
1420344.000000
1421186.000000
1422035.000000
1422892.000000
1423758.000000
1424614.000000
1425478.000000
1426374.000000
1427270.000000
1428145.000000
1429024.000000
1429933.000000
1430835.000000
1431707.000000
1432587.000000
1433462.000000
1434349.000000
1435220.000000
1436073.000000
1436921.000000
1437775.000000
1438639.000000
1439495.000000
1440347.000000
1441209.000000
1442090.000000
1442968.000000
1443829.000000
1444699.000000
1445587.000000
1446474.000000
1447335.000000
1448181.000000
1449026.000000
1449880.000000
1450736.000000
1451594.000000
1452443.000000
1453290.000000
1454153.000000
1455029.000000
1455892.000000
1456737.000000
1457590.000000
1458458.000000
1459318.000000
1460156.000000
1460989.000000
1461829.000000
1462686.000000
1463544.000000
1464403.000000
1465290.000000
1466198.000000
1467101.000000
1467997.000000
1468881.000000
1469763.000000
1470681.000000
1471570.000000
1472441.000000
1473317.000000
1474211.000000
1475106.000000
1475969.000000
1476818.000000
1477697.000000
1478619.000000
1479516.000000
1480394.000000
1481294.000000
1482229.000000
1483134.000000
1484029.000000
1484913.000000
1485800.000000
1486689.000000
1487582.000000
1488452.000000
1489302.000000
1490141.000000
1490984.000000
1491829.000000
1492670.000000
1493505.000000
1494353.000000
1495220.000000
1496079.000000
1496947.000000
1497821.000000
1498736.000000
1499669.000000
1500565.000000
1501441.000000
1502337.000000
1503233.000000
1504100.000000
1504957.000000
1505824.000000
1506682.000000
1507526.000000
1508369.000000
1509231.000000
1510152.000000
1511068.000000
1511973.000000
1512876.000000
1513779.000000
1514650.000000
1515513.000000
1516391.000000
1517283.000000
1518158.000000
1519013.000000
1519869.000000
1520740.000000
1521598.000000
1522443.000000
1523295.000000
1524162.000000
1525014.000000
1525859.000000
1526698.000000
1527546.000000
1528395.000000
1529238.000000
1530077.000000
1530921.000000
1531769.000000
1532613.000000
1533468.000000
1534344.000000
1535250.000000
1536148.000000
1537013.000000
1537887.000000
1538807.000000
1539748.000000
1540643.000000
1541522.000000
1542392.000000
1543276.000000
1544155.000000
1545003.000000
1545837.000000
1546669.000000
1547521.000000
1548383.000000
1549229.000000
1550084.000000
1550960.000000
1551851.000000
1552732.000000
1553590.000000
1554445.000000
1555307.000000
1556163.000000
1557020.000000
1557895.000000
1558792.000000
1559692.000000
1560565.000000
1561442.000000
1562334.000000
1563218.000000
1564088.000000
1565017.000000
1566014.000000
1567007.000000
1567966.000000
1568878.000000
1569798.000000
1570686.000000
1571541.000000
1572383.000000
1573227.000000
1574077.000000
1574950.000000
1575823.000000
1576674.000000
1577534.000000
1578406.000000
1579279.000000
1580141.000000
1581013.000000
1581886.000000
1582762.000000
1583624.000000
1584468.000000
1585313.000000
1586166.000000
1587013.000000
1587854.000000
1588693.000000
1589555.000000
1590430.000000
1591289.000000
1592139.000000
1592995.000000
1593869.000000
1594739.000000
1595593.000000
1596443.000000
1597307.000000
1598182.000000
1599054.000000
1599886.000000
1600699.000000
1601515.000000
1602340.000000
1603162.000000
1603995.000000
1604845.000000
1605713.000000
1606578.000000
1607443.000000
1608346.000000
1609270.000000
1610154.000000
1611030.000000
1611906.000000
1612788.000000
1613658.000000
1614506.000000
1615354.000000
1616206.000000
1617052.000000
1617884.000000
1618710.000000
1619544.000000
1620371.000000
1621192.000000
1622013.000000
1622851.000000
1623703.000000
1624559.000000
1625429.000000
1626314.000000
1627203.000000
1628062.000000
1628909.000000
1629767.000000
1630644.000000
1631581.000000
1632545.000000
1633460.000000
1634345.000000
1635226.000000
1636106.000000
1636959.000000
1637788.000000
1638594.000000
1639395.000000
1640217.000000
1641060.000000
1641914.000000
1642766.000000
1643628.000000
1644544.000000
1645496.000000
1646468.000000
1647421.000000
1648345.000000
1649256.000000
1650164.000000
1651064.000000
1651923.000000
1652746.000000
1653547.000000
1654347.000000
1655156.000000
1655968.000000
1656780.000000
1657591.000000
1658425.000000
1659300.000000
1660196.000000
1661099.000000
1661987.000000
1662902.000000
1663837.000000
1664773.000000
1665676.000000
1666577.000000
1667538.000000
1668531.000000
1669479.000000
1670403.000000
1671304.000000
1672177.000000
1673033.000000
1673888.000000
1674762.000000
1675635.000000
1676503.000000
1677388.000000
1678302.000000
1679187.000000
1680053.000000
1680920.000000
1681797.000000
1682663.000000
1683522.000000
1684395.000000
1685252.000000
1686096.000000
1686952.000000
1687818.000000
1688692.000000
1689552.000000
1690395.000000
1691241.000000
1692109.000000
1692975.000000
1693847.000000
1694763.000000
1695797.000000
1696745.000000
1697622.000000
1698491.000000
1699348.000000
1700194.000000
1701043.000000
1701914.000000
1702843.000000
1703776.000000
1704684.000000
1705594.000000
1706541.000000
1707467.000000
1708352.000000
1709236.000000
1710132.000000
1711011.000000
1711872.000000
1712742.000000
1713623.000000
1714501.000000
1715368.000000
1716236.000000
1717115.000000
1718003.000000
1718880.000000
1719756.000000
1720639.000000
1721537.000000
1722415.000000
1723277.000000
1724137.000000
1724998.000000
1725859.000000
1726704.000000
1727548.000000
1728402.000000
1729261.000000
1730106.000000
1730934.000000
1731757.000000
1732592.000000
1733434.000000
1734269.000000
1735100.000000
1735945.000000
1736826.000000
1737715.000000
1738580.000000
1739434.000000
1740306.000000
1741164.000000
1742016.000000
1742886.000000
1743787.000000
1744687.000000
1745606.000000
1746547.000000
1747440.000000
1748318.000000
1749163.000000
1749980.000000
1750797.000000
1751639.000000
1752471.000000
1753304.000000
1754170.000000
1755037.000000
1755891.000000
1756743.000000
1757593.000000
1758458.000000
1759318.000000
1760179.000000
1761056.000000
1761916.000000
1762760.000000
1763610.000000
1764491.000000
1765380.000000
1766244.000000
1767110.000000
1767990.000000
1768871.000000
1769746.000000
1770621.000000
1771511.000000
1772382.000000
1773240.000000
1774113.000000
1775002.000000
1775856.000000
1776701.000000
1777544.000000
1778428.000000
1779368.000000
1780248.000000
1781113.000000
1782002.000000
1782913.000000
1783787.000000
1784625.000000
1785471.000000
1786355.000000
1787275.000000
1788165.000000
1789055.000000
1789958.000000
1790853.000000
1791731.000000
1792595.000000
1793477.000000
1794410.000000
1795321.000000
1796205.000000
1797094.000000
1797984.000000
1798898.000000
1799776.000000
1800636.000000
1801505.000000
1802381.000000
1803252.000000
1804091.000000
1804921.000000
1805765.000000
1806638.000000
1807514.000000
1808367.000000
1809214.000000
1810072.000000
1810945.000000
1811823.000000
1812731.000000
1813668.000000
1814626.000000
1815549.000000
1816451.000000
1817352.000000
1818234.000000
1819088.000000
1819942.000000
1820802.000000
1821650.000000
1822479.000000
1823295.000000
1824117.000000
1824940.000000
1825758.000000
1826576.000000
1827408.000000
1828253.000000
1829091.000000
1829915.000000
1830739.000000
1831571.000000
1832400.000000
1833211.000000
1834009.000000
1834815.000000
1835638.000000
1836463.000000
1837291.000000
1838124.000000
1838977.000000
1839852.000000
1840722.000000
1841580.000000
1842437.000000
1843310.000000
1844224.000000
1845131.000000
1846013.000000
1846870.000000
1847706.000000
1848543.000000
1849380.000000
1850227.000000
1851089.000000
1851940.000000
1852783.000000
1853635.000000
1854496.000000
1855348.000000
1856195.000000
1857046.000000
1857887.000000
1858721.000000
1859551.000000
1860381.000000
1861210.000000
1862037.000000
1862869.000000
1863715.000000
1864548.000000
1865389.000000
1866241.000000
1867103.000000
1867956.000000
1868805.000000
1869663.000000
1870540.000000
1871411.000000
1872256.000000
1873093.000000
1873932.000000
1874757.000000
1875556.000000
1876342.000000
1877137.000000
1877928.000000
1878709.000000
1879492.000000
1880282.000000
1881095.000000
1881924.000000
1882756.000000
1883579.000000
1884395.000000
1885203.000000
1886016.000000
1886834.000000
1887648.000000
1888451.000000
1889242.000000
1890018.000000
1890785.000000
1891549.000000
1892321.000000
1893094.000000
1893861.000000
1894632.000000
1895440.000000
