Peaks (s)
775.000000
1420.000000
2078.000000
2752.000000
3404.000000
4042.000000
4713.000000
5421.000000
6141.000000
6840.000000
7512.000000
8186.000000
8871.000000
9526.000000
10155.000000
10798.000000
11470.000000
12152.000000
12796.000000
13411.000000
14036.000000
14704.000000
15314.000000
15915.000000
16525.000000
17151.000000
17809.000000
18515.000000
19261.000000
19970.000000
20658.000000
21326.000000
21987.000000
22661.000000
23331.000000
23988.000000
24647.000000
25360.000000
26091.000000
26791.000000
27495.000000
28206.000000
28932.000000
29622.000000
30286.000000
30946.000000
31623.000000
32308.000000
32980.000000
33626.000000
34297.000000
35006.000000
35742.000000
36443.000000
37106.000000
37773.000000
38486.000000
39292.000000
40000.000000
40660.000000
41376.000000
42107.000000
42821.000000
43488.000000
44152.000000
44810.000000
45486.000000
46146.000000
46768.000000
47384.000000
48011.000000
48671.000000
49372.000000
50046.000000
50697.000000
51393.000000
52137.000000
52857.000000
53515.000000
54148.000000
54793.000000
55471.000000
56134.000000
56767.000000
57399.000000
58046.000000
58698.000000
59362.000000
60001.000000
60615.000000
61215.000000
61820.000000
62439.000000
63089.000000
63748.000000
64392.000000
65021.000000
65628.000000
66225.000000
66815.000000
67400.000000
67996.000000
68602.000000
69250.000000
69914.000000
70558.000000
71235.000000
71977.000000
72689.000000
73376.000000
74046.000000
74711.000000
75357.000000
75994.000000
76640.000000
77289.000000
77923.000000
78555.000000
79210.000000
79838.000000
80460.000000
81093.000000
81735.000000
82369.000000
82983.000000
83624.000000
84319.000000
85075.000000
85804.000000
86495.000000
87166.000000
87823.000000
88467.000000
89120.000000
89783.000000
90461.000000
91124.000000
91754.000000
92385.000000
93000.000000
93591.000000
94184.000000
94821.000000
95477.000000
96118.000000
96771.000000
97447.000000
98148.000000
98812.000000
99466.000000
100115.000000
100756.000000
101404.000000
102051.000000
102722.000000
103375.000000
104021.000000
104675.000000
105379.000000
106076.000000
106771.000000
107431.000000
108086.000000
108720.000000
109340.000000
109957.000000
110579.000000
111224.000000
111864.000000
112494.000000
113138.000000
113754.000000
114366.000000
114971.000000
115576.000000
116179.000000
116798.000000
117441.000000
118126.000000
118778.000000
119440.000000
120102.000000
120778.000000
121427.000000
122074.000000
122735.000000
123430.000000
124112.000000
124763.000000
125421.000000
126111.000000
126814.000000
127473.000000
128120.000000
128775.000000
129427.000000
130073.000000
130717.000000
131352.000000
131974.000000
132599.000000
133225.000000
133864.000000
134500.000000
135128.000000
135786.000000
136466.000000
137112.000000
137750.000000
138398.000000
139039.000000
139669.000000
140278.000000
140879.000000
141473.000000
142064.000000
142655.000000
143253.000000
143874.000000
144516.000000
145158.000000
145797.000000
146438.000000
147074.000000
147707.000000
148343.000000
148976.000000
149605.000000
150218.000000
150827.000000
151424.000000
152022.000000
152624.000000
153223.000000
153825.000000
154444.000000
155083.000000
155732.000000
156432.000000
157092.000000
157757.000000
158435.000000
159126.000000
159794.000000
160430.000000
161057.000000
161672.000000
162275.000000
162889.000000
163528.000000
164173.000000
164798.000000
165427.000000
166078.000000
166769.000000
167421.000000
168058.000000
168703.000000
169357.000000
169995.000000
170620.000000
171251.000000
171879.000000
172494.000000
173092.000000
173682.000000
174266.000000
174846.000000
175439.000000
176016.000000
176596.000000
177192.000000
177841.000000
178513.000000
179183.000000
179819.000000
180461.000000
181129.000000
181819.000000
182488.000000
183135.000000
183775.000000
184441.000000
185116.000000
185762.000000
186384.000000
187015.000000
187674.000000
188371.000000
189044.000000
189691.000000
190360.000000
191045.000000
191748.000000
192429.000000
193077.000000
193728.000000
194402.000000
195126.000000
195828.000000
196530.000000
197275.000000
198069.000000
198823.000000
199508.000000
200178.000000
200837.000000
201496.000000
202134.000000
202778.000000
203437.000000
204138.000000
204817.000000
205494.000000
206175.000000
206853.000000
207516.000000
208192.000000
208890.000000
209551.000000
210195.000000
210839.000000
211479.000000
212115.000000
212745.000000
213380.000000
214022.000000
214650.000000
215270.000000
215905.000000
216604.000000
217335.000000
218043.000000
218697.000000
219366.000000
220035.000000
220726.000000
221398.000000
222060.000000
222739.000000
223429.000000
224128.000000
224792.000000
225430.000000
226067.000000
226736.000000
227460.000000
228188.000000
228876.000000
229524.000000
230181.000000
230875.000000
231579.000000
232265.000000
232908.000000
233556.000000
234211.000000
234895.000000
235559.000000
236201.000000
236852.000000
237511.000000
238173.000000
238800.000000
239421.000000
240048.000000
240683.000000
241309.000000
241928.000000
242572.000000
243253.000000
243966.000000
244641.000000
245271.000000
245915.000000
246573.000000
247245.000000
247898.000000
248527.000000
249169.000000
249814.000000
250446.000000
251063.000000
251668.000000
252270.000000
252884.000000
253534.000000
254169.000000
254786.000000
255423.000000
256081.000000
256751.000000
257392.000000
258015.000000
258664.000000
259320.000000
259990.000000
260636.000000
261266.000000
261914.000000
262585.000000
263292.000000
263958.000000
264587.000000
265221.000000
265867.000000
266529.000000
267172.000000
267812.000000
268466.000000
269156.000000
269844.000000
270484.000000
271123.000000
271769.000000
272435.000000
273095.000000
273758.000000
274423.000000
275075.000000
275715.000000
276356.000000
277003.000000
277635.000000
278255.000000
278859.000000
279444.000000
280020.000000
280590.000000
281163.000000
281752.000000
282359.000000
282986.000000
283592.000000
284200.000000
284825.000000
285471.000000
286122.000000
286745.000000
287373.000000
288011.000000
288658.000000
289283.000000
289901.000000
290526.000000
291161.000000
291812.000000
292453.000000
293078.000000
293723.000000
294396.000000
295102.000000
295782.000000
296447.000000
297145.000000
297862.000000
298568.000000
299243.000000
299896.000000
300563.000000
301251.000000
301916.000000
302545.000000
303172.000000
303814.000000
304499.000000
305194.000000
305851.000000
306503.000000
307171.000000
307869.000000
308585.000000
309262.000000
309941.000000
310624.000000
311321.000000
312032.000000
312702.000000
313351.000000
313999.000000
314639.000000
315284.000000
315632.000000
316596.000000
317286.000000
318006.000000
318691.000000
319347.000000
320010.000000
320700.000000
321398.000000
322056.000000
322697.000000
323346.000000
323999.000000
324650.000000
325290.000000
325932.000000
326584.000000
327241.000000
327884.000000
328513.000000
329135.000000
329764.000000
330395.000000
331010.000000
331628.000000
332247.000000
332901.000000
333583.000000
334250.000000
334927.000000
335624.000000
336345.000000
337024.000000
337695.000000
338387.000000
339081.000000
339741.000000
340390.000000
341057.000000
341748.000000
342445.000000
343112.000000
343774.000000
344431.000000
345107.000000
345777.000000
346459.000000
347162.000000
347864.000000
348554.000000
349222.000000
349901.000000
350580.000000
351296.000000
351986.000000
352647.000000
353310.000000
353982.000000
354651.000000
355296.000000
355929.000000
356569.000000
357271.000000
358056.000000
358787.000000
359460.000000
360134.000000
360807.000000
361496.000000
362162.000000
362799.000000
363460.000000
364149.000000
364855.000000
365535.000000
366205.000000
366908.000000
367618.000000
368302.000000
368950.000000
369579.000000
370219.000000
370879.000000
371635.000000
372336.000000
372997.000000
373664.000000
374329.000000
374996.000000
375626.000000
376236.000000
376860.000000
377524.000000
378201.000000
378845.000000
379491.000000
380170.000000
380913.000000
381665.000000
382378.000000
383055.000000
383698.000000
384348.000000
385033.000000
385721.000000
386404.000000
387067.000000
387741.000000
388431.000000
389177.000000
389910.000000
390583.000000
391273.000000
391990.000000
392714.000000
393435.000000
394095.000000
394764.000000
395454.000000
396164.000000
396858.000000
397516.000000
398169.000000
398829.000000
399516.000000
400191.000000
400839.000000
401479.000000
402141.000000
402834.000000
403534.000000
404208.000000
404872.000000
405573.000000
406303.000000
407012.000000
407677.000000
408347.000000
409035.000000
409776.000000
410481.000000
411151.000000
411827.000000
412529.000000
413260.000000
413965.000000
414634.000000
415294.000000
415979.000000
416679.000000
417366.000000
418012.000000
418653.000000
419313.000000
420004.000000
420680.000000
421331.000000
422007.000000
422727.000000
423455.000000
424147.000000
424807.000000
425479.000000
426167.000000
426859.000000
427528.000000
428171.000000
428812.000000
429478.000000
430192.000000
430905.000000
431579.000000
432246.000000
432916.000000
433610.000000
434327.000000
434994.000000
435642.000000
436312.000000
437012.000000
437705.000000
438372.000000
439028.000000
439714.000000
440459.000000
441235.000000
441969.000000
442689.000000
443415.000000
444162.000000
444871.000000
445537.000000
446185.000000
446846.000000
447536.000000
448266.000000
448948.000000
449599.000000
450300.000000
451032.000000
451776.000000
452466.000000
453128.000000
453791.000000
454471.000000
455156.000000
455802.000000
456490.000000
457232.000000
458018.000000
458739.000000
459445.000000
460143.000000
460858.000000
461554.000000
462231.000000
462919.000000
463635.000000
464392.000000
465114.000000
465838.000000
466573.000000
467287.000000
467969.000000
468671.000000
469399.000000
470142.000000
470846.000000
471548.000000
472254.000000
472992.000000
473699.000000
474362.000000
475032.000000
475706.000000
476416.000000
477129.000000
477804.000000
478506.000000
479177.000000
479868.000000
480562.000000
481246.000000
481897.000000
482555.000000
483233.000000
483940.000000
484612.000000
485268.000000
485950.000000
486671.000000
487386.000000
488043.000000
488683.000000
489343.000000
490017.000000
490676.000000
491315.000000
491977.000000
492690.000000
493430.000000
494105.000000
494757.000000
495479.000000
496243.000000
496962.000000
497626.000000
498297.000000
498973.000000
499674.000000
500341.000000
500995.000000
501674.000000
502406.000000
503131.000000
503827.000000
504539.000000
505270.000000
505962.000000
506613.000000
507260.000000
507932.000000
508654.000000
509352.000000
510013.000000
510687.000000
511403.000000
512105.000000
512775.000000
513424.000000
514106.000000
514846.000000
515593.000000
516299.000000
516983.000000
517706.000000
518412.000000
519109.000000
519782.000000
520454.000000
521120.000000
521796.000000
522470.000000
523150.000000
523871.000000
524593.000000
525289.000000
525960.000000
526632.000000
527319.000000
527998.000000
528652.000000
529300.000000
529971.000000
530708.000000
531413.000000
532125.000000
532836.000000
533556.000000
534240.000000
534902.000000
535585.000000
536287.000000
536990.000000
537673.000000
538323.000000
538997.000000
539729.000000
540498.000000
541209.000000
541889.000000
542599.000000
543346.000000
544074.000000
544745.000000
545415.000000
546048.000000
546673.000000
547284.000000
547885.000000
548496.000000
549145.000000
549793.000000
550427.000000
551079.000000
551746.000000
552395.000000
553023.000000
553665.000000
554345.000000
555037.000000
555722.000000
556392.000000
557052.000000
557723.000000
558409.000000
559123.000000
559793.000000
560443.000000
561086.000000
561755.000000
562425.000000
563131.000000
563865.000000
564609.000000
565325.000000
566048.000000
566781.000000
567565.000000
568279.000000
568966.000000
569678.000000
570433.000000
571180.000000
571868.000000
572545.000000
573265.000000
574055.000000
574804.000000
575499.000000
576185.000000
576876.000000
577552.000000
578223.000000
578878.000000
579543.000000
580193.000000
580851.000000
581525.000000
582227.000000
582920.000000
583601.000000
584238.000000
584879.000000
585523.000000
586201.000000
586911.000000
587619.000000
588298.000000
588940.000000
589589.000000
590262.000000
590933.000000
591615.000000
592341.000000
593084.000000
593761.000000
594439.000000
595136.000000
595820.000000
596509.000000
597179.000000
597835.000000
598510.000000
599221.000000
599923.000000
600595.000000
601315.000000
602110.000000
602957.000000
603700.000000
604378.000000
605067.000000
605767.000000
606473.000000
607144.000000
607821.000000
608539.000000
609321.000000
610054.000000
610757.000000
611475.000000
612188.000000
612845.000000
613489.000000
614149.000000
614870.000000
615574.000000
616249.000000
616966.000000
617714.000000
618447.000000
619137.000000
619843.000000
620568.000000
621304.000000
621998.000000
622670.000000
623354.000000
624061.000000
624767.000000
625427.000000
626091.000000
626782.000000
627518.000000
628245.000000
628935.000000
629648.000000
630384.000000
631072.000000
631723.000000
632401.000000
633101.000000
633829.000000
634524.000000
635188.000000
635877.000000
636600.000000
637328.000000
638021.000000
638696.000000
639361.000000
640028.000000
640685.000000
641335.000000
641991.000000
642657.000000
643310.000000
643951.000000
644569.000000
645198.000000
645841.000000
646513.000000
647186.000000
647851.000000
648541.000000
649272.000000
649971.000000
650673.000000
651369.000000
652059.000000
652722.000000
653385.000000
654055.000000
654732.000000
655392.000000
656061.000000
656782.000000
657475.000000
658128.000000
658793.000000
659489.000000
660196.000000
660879.000000
661558.000000
662257.000000
662957.000000
663680.000000
664389.000000
665053.000000
665737.000000
666426.000000
667091.000000
667760.000000
668420.000000
669065.000000
669740.000000
670440.000000
671177.000000
671890.000000
672585.000000
673295.000000
673986.000000
674663.000000
675309.000000
675939.000000
676558.000000
677167.000000
677759.000000
678357.000000
678974.000000
679597.000000
680222.000000
680883.000000
681607.000000
682319.000000
682974.000000
683621.000000
684286.000000
684988.000000
685718.000000
686387.000000
687057.000000
687743.000000
688449.000000
689117.000000
689762.000000
690429.000000
691132.000000
691856.000000
692551.000000
693279.000000
694039.000000
694808.000000
695522.000000
696207.000000
696891.000000
697578.000000
698241.000000
698893.000000
699604.000000
700336.000000
701042.000000
701700.000000
702353.000000
703058.000000
703825.000000
704585.000000
705267.000000
705909.000000
706543.000000
707209.000000
707906.000000
708626.000000
709320.000000
709981.000000
710658.000000
711382.000000
712147.000000
712848.000000
713537.000000
714297.000000
715126.000000
715932.000000
716682.000000
717376.000000
718051.000000
718741.000000
719438.000000
720107.000000
720750.000000
721366.000000
721982.000000
722733.000000
723602.000000
724450.000000
725323.000000
726186.000000
726950.000000
727671.000000
728418.000000
729199.000000
729963.000000
730707.000000
731417.000000
732140.000000
732909.000000
733724.000000
734545.000000
735280.000000
735980.000000
736771.000000
737615.000000
738466.000000
739266.000000
739983.000000
740679.000000
741449.000000
742267.000000
743098.000000
743884.000000
744618.000000
745400.000000
746207.000000
746980.000000
747711.000000
748411.000000
749100.000000
749825.000000
750602.000000
751400.000000
752133.000000
752827.000000
753575.000000
754394.000000
755231.000000
756045.000000
756781.000000
757474.000000
758174.000000
758897.000000
759651.000000
760437.000000
761193.000000
761883.000000
762589.000000
763331.000000
764072.000000
764771.000000
765427.000000
766087.000000
766780.000000
767502.000000
768196.000000
768862.000000
769524.000000
770212.000000
770896.000000
771537.000000
772175.000000
772818.000000
773479.000000
774164.000000
774838.000000
775478.000000
776178.000000
776991.000000
777797.000000
778548.000000
779221.000000
779918.000000
780694.000000
781478.000000
782268.000000
782978.000000
783656.000000
784344.000000
785064.000000
785820.000000
786543.000000
787225.000000
787891.000000
788590.000000
789382.000000
790176.000000
790914.000000
791592.000000
792257.000000
792960.000000
793679.000000
794416.000000
795116.000000
795801.000000
796495.000000
797231.000000
797979.000000
798703.000000
799440.000000
800199.000000
800919.000000
801624.000000
802291.000000
802941.000000
803603.000000
804285.000000
804991.000000
805674.000000
806321.000000
806995.000000
807836.000000
808576.000000
809317.000000
809978.000000
810629.000000
811298.000000
811972.000000
812660.000000
813311.000000
813964.000000
814640.000000
815364.000000
816080.000000
816744.000000
817392.000000
818074.000000
818805.000000
819548.000000
820254.000000
820917.000000
821603.000000
822338.000000
823144.000000
823980.000000
824702.000000
825364.000000
826043.000000
826763.000000
827506.000000
828214.000000
828878.000000
829524.000000
830195.000000
830921.000000
831625.000000
832287.000000
832960.000000
833622.000000
834240.000000
834864.000000
835535.000000
836187.000000
836850.000000
837560.000000
838296.000000
839056.000000
839781.000000
840447.000000
841113.000000
841781.000000
842463.000000
843166.000000
843849.000000
844514.000000
845207.000000
845936.000000
846639.000000
847308.000000
847974.000000
848656.000000
849380.000000
850107.000000
850798.000000
851533.000000
852292.000000
853000.000000
853671.000000
854333.000000
854988.000000
855645.000000
856267.000000
856889.000000
857521.000000
858173.000000
858855.000000
859518.000000
860209.000000
860901.000000
861586.000000
862260.000000
862939.000000
863594.000000
864225.000000
864847.000000
865489.000000
866150.000000
866855.000000
867538.000000
868228.000000
868913.000000
869644.000000
870385.000000
871067.000000
871753.000000
872439.000000
873135.000000
873824.000000
874489.000000
875162.000000
875864.000000
876575.000000
877257.000000
877935.000000
878613.000000
879318.000000
880021.000000
880699.000000
881361.000000
882049.000000
882781.000000
883521.000000
884224.000000
884892.000000
885557.000000
886249.000000
886979.000000
887724.000000
888398.000000
889039.000000
889691.000000
890364.000000
891064.000000
891762.000000
892425.000000
893119.000000
893873.000000
894625.000000
895315.000000
896023.000000
896738.000000
897470.000000
898164.000000
898839.000000
899527.000000
900287.000000
901047.000000
901718.000000
902393.000000
903069.000000
903753.000000
904425.000000
905090.000000
905772.000000
906514.000000
907260.000000
907939.000000
908595.000000
909257.000000
909943.000000
910680.000000
911374.000000
912040.000000
912716.000000
913422.000000
914150.000000
914837.000000
915519.000000
916245.000000
917010.000000
917726.000000
918440.000000
919167.000000
919899.000000
920600.000000
921291.000000
921986.000000
922735.000000
923456.000000
924131.000000
924794.000000
925473.000000
926197.000000
926892.000000
927560.000000
928233.000000
928937.000000
929681.000000
930385.000000
931050.000000
931718.000000
932393.000000
933061.000000
933705.000000
934345.000000
935006.000000
935712.000000
936407.000000
937069.000000
937740.000000
938449.000000
939167.000000
939854.000000
940504.000000
941180.000000
941879.000000
942579.000000
943233.000000
943874.000000
944524.000000
945190.000000
945893.000000
946580.000000
947237.000000
947903.000000
948586.000000
949275.000000
949960.000000
950612.000000
951250.000000
951905.000000
952618.000000
953416.000000
954135.000000
954801.000000
955487.000000
956213.000000
956929.000000
957619.000000
958279.000000
958945.000000
959637.000000
960376.000000
961108.000000
961791.000000
962472.000000
963171.000000
963835.000000
964503.000000
965163.000000
965844.000000
966508.000000
967142.000000
967779.000000
968433.000000
969099.000000
969755.000000
970416.000000
971091.000000
971765.000000
972427.000000
973079.000000
973711.000000
974321.000000
974919.000000
975512.000000
976107.000000
976745.000000
977362.000000
977993.000000
978675.000000
979372.000000
980028.000000
980666.000000
981314.000000
981957.000000
982613.000000
983253.000000
983880.000000
984524.000000
985193.000000
985867.000000
986494.000000
987100.000000
987694.000000
988301.000000
988950.000000
989625.000000
990250.000000
990845.000000
991444.000000
992068.000000
992729.000000
993368.000000
994019.000000
994671.000000
995332.000000
995983.000000
996611.000000
997223.000000
997843.000000
998478.000000
999161.000000
999877.000000
1000560.000000
1001207.000000
1001861.000000
1002541.000000
1003244.000000
1003931.000000
1004599.000000
1005259.000000
1005886.000000
1006509.000000
1007144.000000
1007798.000000
1008445.000000
1009091.000000
1009730.000000
1010357.000000
1010971.000000
1011574.000000
1012172.000000
1012768.000000
1013371.000000
1014012.000000
1014665.000000
1015312.000000
1016013.000000
1016852.000000
1017631.000000
1018348.000000
1019040.000000
1019713.000000
1020368.000000
1020995.000000
1021622.000000
1022251.000000
1022895.000000
1023561.000000
1024237.000000
1024906.000000
1025550.000000
1026186.000000
1026822.000000
1027443.000000
1028055.000000
1028684.000000
1029331.000000
1029978.000000
1030656.000000
1031402.000000
1032153.000000
1032833.000000
1033496.000000
1034169.000000
1034854.000000
1035555.000000
1036217.000000
1036868.000000
1037534.000000
1038225.000000
1038950.000000
1039624.000000
1040275.000000
1040959.000000
1041690.000000
1042367.000000
1043024.000000
1043688.000000
1044371.000000
1045045.000000
1045689.000000
1046310.000000
1046931.000000
1047575.000000
1048258.000000
1048975.000000
1049700.000000
1050405.000000
1051089.000000
1051749.000000
1052380.000000
1053002.000000
1053633.000000
1054276.000000
1054929.000000
1055555.000000
1056173.000000
1056822.000000
1057538.000000
1058280.000000
1059004.000000
1059706.000000
1060370.000000
1061017.000000
1061653.000000
1062294.000000
1062954.000000
1063610.000000
1064272.000000
1064918.000000
1065541.000000
1066168.000000
1066837.000000
1067555.000000
1068327.000000
1069048.000000
1069720.000000
1070391.000000
1071066.000000
1071754.000000
1072414.000000
1073060.000000
1073687.000000
1074314.000000
1074954.000000
1075581.000000
1076191.000000
1076809.000000
1077469.000000
1078196.000000
1078903.000000
1079613.000000
1080299.000000
1080952.000000
1081611.000000
1082279.000000
1082947.000000
1083611.000000
1084268.000000
1084901.000000
1085512.000000
1086114.000000
1086710.000000
1087320.000000
1087966.000000
1088574.000000
1089206.000000
1089883.000000
1090566.000000
1091265.000000
1091953.000000
1092636.000000
1093302.000000
1093963.000000
1094609.000000
1095255.000000
1095921.000000
1096554.000000
1097169.000000
1097785.000000
1098440.000000
1099176.000000
1099908.000000
1100571.000000
1101266.000000
1101989.000000
1102743.000000
1103437.000000
1104087.000000
1104730.000000
1105373.000000
1106034.000000
1106696.000000
1107336.000000
1107951.000000
1108571.000000
1109222.000000
1109921.000000
1110602.000000
1111257.000000
1111937.000000
1112658.000000
1113445.000000
1114158.000000
1114821.000000
1115505.000000
1116176.000000
1116845.000000
1117483.000000
1118115.000000
1118751.000000
1119403.000000
1120070.000000
1120722.000000
1121393.000000
1122113.000000
1122868.000000
1123566.000000
1124274.000000
1125007.000000
1125762.000000
1126530.000000
1127230.000000
1127896.000000
1128540.000000
1129174.000000
1129788.000000
1130389.000000
1131001.000000
1131658.000000
1132354.000000
1133055.000000
1133749.000000
1134415.000000
1135069.000000
1135723.000000
1136393.000000
1137057.000000
1137695.000000
1138314.000000
1138923.000000
1139534.000000
1140162.000000
1140807.000000
1141469.000000
1142104.000000
1142734.000000
1143388.000000
1144055.000000
1144735.000000
1145407.000000
1146053.000000
1146705.000000
1147378.000000
1148046.000000
1148693.000000
1149322.000000
1149939.000000
1150547.000000
1151159.000000
1151796.000000
1152464.000000
1153090.000000
1153724.000000
1154399.000000
1155069.000000
1155764.000000
1156444.000000
1157115.000000
1157783.000000
1158447.000000
1159113.000000
1159750.000000
1160379.000000
1161004.000000
1161637.000000
1162270.000000
1162895.000000
1163519.000000
1164166.000000
1164859.000000
1165519.000000
1166171.000000
1166843.000000
1167588.000000
1168303.000000
1169005.000000
1169690.000000
1170370.000000
1171057.000000
1171734.000000
1172388.000000
1173045.000000
1173735.000000
1174442.000000
1175120.000000
1175787.000000
1176453.000000
1177136.000000
1177820.000000
1178500.000000
1179164.000000
1179804.000000
1180419.000000
1181025.000000
1181624.000000
1182249.000000
1182897.000000
1183559.000000
1184219.000000
1184924.000000
1185625.000000
1186321.000000
1186984.000000
1187617.000000
1188249.000000
1188889.000000
1189526.000000
1190159.000000
1190797.000000
1191428.000000
1192046.000000
1192654.000000
1193269.000000
1193912.000000
1194567.000000
1195232.000000
1195890.000000
1196530.000000
1197152.000000
1197775.000000
1198426.000000
1199082.000000
1199720.000000
1200345.000000
1200969.000000
1201612.000000
1202245.000000
1202880.000000
1203581.000000
1204317.000000
1205033.000000
1205741.000000
1206451.000000
1207133.000000
1207802.000000
1208453.000000
1209099.000000
1209737.000000
1210393.000000
1211033.000000
1211656.000000
1212299.000000
1212978.000000
1213758.000000
