Peaks (s)
856.000000
1605.000000
2365.000000
3156.000000
3963.000000
4785.000000
5625.000000
6457.000000
7270.000000
8084.000000
8872.000000
9648.000000
10425.000000
11189.000000
11952.000000
12733.000000
13538.000000
14340.000000
15150.000000
15981.000000
16814.000000
17618.000000
18412.000000
19214.000000
20037.000000
20834.000000
21625.000000
22415.000000
23196.000000
23979.000000
24768.000000
25564.000000
26360.000000
27150.000000
27939.000000
28725.000000
29499.000000
30280.000000
31069.000000
31854.000000
32644.000000
33423.000000
34187.000000
34963.000000
35755.000000
36555.000000
37373.000000
38191.000000
38994.000000
39795.000000
40579.000000
41351.000000
42137.000000
42908.000000
43684.000000
44474.000000
45261.000000
46048.000000
46849.000000
47651.000000
48449.000000
49252.000000
50051.000000
50834.000000
51625.000000
52414.000000
53202.000000
53998.000000
54793.000000
55590.000000
56390.000000
57180.000000
57947.000000
58710.000000
59478.000000
60243.000000
61035.000000
61856.000000
62663.000000
63473.000000
64286.000000
65084.000000
65875.000000
66671.000000
67459.000000
68247.000000
69042.000000
69838.000000
70633.000000
71446.000000
72248.000000
73040.000000
73836.000000
74635.000000
75424.000000
76222.000000
77027.000000
77823.000000
78627.000000
79434.000000
80220.000000
81011.000000
81806.000000
82594.000000
83389.000000
84186.000000
84969.000000
85754.000000
86535.000000
87302.000000
88080.000000
88854.000000
89616.000000
90388.000000
91172.000000
91955.000000
92748.000000
93551.000000
94351.000000
95151.000000
95953.000000
96745.000000
97527.000000
98313.000000
99096.000000
99869.000000
100662.000000
101451.000000
102231.000000
103017.000000
103796.000000
104558.000000
105310.000000
106066.000000
106823.000000
107571.000000
108333.000000
109109.000000
109896.000000
110691.000000
111497.000000
112299.000000
113087.000000
113873.000000
114639.000000
115381.000000
116127.000000
116863.000000
117620.000000
118405.000000
119207.000000
120010.000000
120826.000000
121645.000000
122452.000000
123262.000000
124068.000000
124867.000000
125654.000000
126440.000000
127231.000000
128021.000000
128838.000000
129654.000000
130451.000000
131246.000000
132032.000000
132806.000000
133594.000000
134411.000000
135238.000000
136084.000000
136932.000000
137755.000000
138575.000000
139378.000000
140158.000000
140927.000000
141685.000000
142448.000000
143224.000000
144020.000000
144819.000000
145616.000000
146419.000000
147211.000000
148010.000000
148806.000000
149595.000000
150398.000000
151201.000000
151992.000000
152786.000000
153581.000000
154365.000000
155178.000000
155997.000000
156800.000000
157605.000000
158414.000000
159199.000000
159983.000000
160762.000000
161536.000000
162312.000000
163090.000000
163864.000000
164649.000000
165457.000000
166273.000000
167077.000000
167882.000000
168673.000000
169443.000000
170218.000000
170994.000000
171761.000000
172531.000000
173310.000000
174098.000000
174889.000000
175700.000000
176515.000000
177313.000000
178104.000000
178886.000000
179647.000000
180404.000000
181159.000000
181916.000000
182685.000000
183469.000000
184279.000000
185088.000000
185910.000000
186728.000000
187518.000000
188311.000000
189101.000000
189884.000000
190682.000000
191473.000000
192222.000000
192942.000000
193667.000000
194397.000000
195144.000000
195884.000000
196616.000000
197343.000000
198067.000000
198795.000000
199520.000000
200248.000000
200963.000000
201658.000000
202339.000000
203026.000000
203719.000000
204429.000000
205154.000000
205882.000000
206622.000000
207362.000000
208089.000000
208795.000000
209496.000000
210195.000000
210909.000000
211641.000000
212387.000000
213145.000000
213903.000000
214669.000000
215450.000000
216220.000000
217001.000000
217766.000000
218510.000000
219224.000000
219922.000000
220606.000000
221286.000000
221957.000000
222619.000000
223296.000000
224010.000000
224748.000000
225482.000000
226194.000000
226877.000000
227558.000000
228234.000000
228920.000000
229622.000000
230357.000000
231099.000000
231849.000000
232582.000000
233297.000000
234007.000000
234713.000000
235422.000000
236130.000000
236848.000000
237575.000000
238317.000000
239067.000000
239831.000000
240583.000000
241310.000000
242021.000000
242713.000000
243398.000000
244089.000000
244777.000000
245477.000000
246182.000000
246900.000000
247642.000000
248380.000000
249113.000000
249846.000000
250564.000000
251265.000000
251961.000000
252646.000000
253325.000000
254010.000000
254708.000000
255425.000000
256161.000000
256878.000000
257583.000000
258277.000000
258962.000000
259643.000000
260333.000000
261028.000000
261737.000000
262452.000000
263159.000000
263863.000000
264559.000000
265247.000000
265935.000000
266635.000000
267338.000000
268041.000000
268758.000000
269484.000000
270211.000000
270932.000000
271650.000000
272367.000000
273082.000000
273800.000000
274517.000000
275225.000000
275930.000000
276639.000000
277346.000000
278054.000000
278767.000000
279479.000000
280203.000000
280927.000000
281650.000000
282375.000000
283101.000000
283828.000000
284558.000000
285295.000000
286023.000000
286744.000000
287463.000000
288170.000000
288870.000000
289572.000000
290282.000000
291004.000000
291746.000000
292505.000000
293274.000000
294028.000000
294791.000000
295544.000000
296288.000000
297024.000000
297752.000000
298484.000000
299226.000000
299979.000000
300738.000000
301522.000000
302304.000000
303063.000000
303818.000000
304560.000000
305286.000000
306017.000000
306759.000000
307522.000000
308303.000000
309090.000000
309872.000000
310661.000000
311453.000000
312236.000000
313011.000000
313771.000000
314504.000000
315235.000000
315968.000000
316719.000000
317508.000000
318351.000000
319207.000000
320034.000000
320849.000000
321637.000000
322401.000000
323157.000000
323896.000000
324619.000000
325339.000000
326062.000000
326777.000000
327516.000000
328287.000000
329081.000000
329889.000000
330685.000000
331457.000000
332233.000000
333004.000000
333764.000000
334522.000000
335289.000000
336068.000000
336861.000000
337666.000000
338445.000000
339225.000000
340007.000000
340781.000000
341548.000000
342322.000000
343102.000000
343868.000000
344628.000000
345387.000000
346156.000000
346931.000000
347717.000000
348486.000000
349250.000000
350005.000000
350755.000000
351504.000000
352254.000000
353003.000000
353770.000000
354554.000000
355338.000000
356137.000000
356938.000000
357724.000000
358507.000000
359288.000000
360068.000000
360865.000000
361658.000000
362433.000000
363223.000000
364027.000000
364823.000000
365617.000000
366410.000000
367181.000000
367962.000000
368754.000000
369537.000000
370299.000000
371081.000000
371872.000000
372649.000000
373422.000000
374205.000000
374995.000000
375772.000000
376542.000000
377317.000000
378089.000000
378849.000000
379625.000000
380403.000000
381159.000000
381914.000000
382661.000000
383405.000000
384152.000000
384913.000000
385668.000000
386432.000000
387212.000000
387992.000000
388757.000000
389528.000000
390278.000000
391012.000000
391747.000000
392481.000000
393214.000000
393954.000000
394711.000000
395480.000000
396236.000000
396995.000000
397754.000000
398501.000000
399240.000000
399991.000000
400729.000000
401455.000000
402182.000000
402894.000000
403590.000000
404286.000000
404989.000000
405702.000000
406405.000000
407087.000000
407786.000000
408505.000000
409240.000000
409979.000000
410723.000000
411459.000000
412182.000000
412896.000000
413600.000000
414305.000000
415012.000000
415721.000000
416436.000000
417157.000000
417890.000000
418636.000000
419381.000000
420120.000000
420865.000000
421605.000000
422321.000000
423042.000000
423753.000000
424472.000000
425206.000000
425955.000000
426717.000000
427501.000000
428291.000000
429060.000000
429817.000000
430563.000000
431296.000000
432028.000000
432752.000000
433478.000000
434206.000000
434955.000000
435734.000000
436519.000000
437302.000000
438084.000000
438855.000000
439619.000000
440396.000000
441181.000000
441966.000000
442753.000000
443533.000000
444305.000000
445071.000000
445823.000000
446566.000000
447311.000000
448055.000000
448802.000000
449555.000000
450310.000000
451068.000000
451844.000000
452623.000000
453405.000000
454185.000000
454952.000000
455712.000000
456469.000000
457225.000000
457971.000000
458717.000000
459470.000000
460231.000000
460997.000000
461777.000000
462562.000000
463342.000000
464125.000000
464903.000000
465665.000000
466424.000000
467180.000000
467932.000000
468696.000000
469479.000000
470269.000000
471052.000000
471843.000000
472625.000000
473394.000000
474164.000000
474926.000000
475684.000000
476447.000000
477223.000000
477996.000000
478768.000000
479543.000000
480321.000000
481092.000000
481864.000000
482644.000000
483415.000000
484178.000000
484932.000000
485684.000000
486430.000000
487189.000000
487955.000000
488715.000000
489483.000000
490252.000000
491013.000000
491773.000000
492529.000000
493268.000000
494000.000000
494734.000000
495466.000000
496204.000000
496961.000000
497722.000000
498485.000000
499258.000000
500028.000000
500795.000000
501569.000000
502341.000000
503106.000000
503872.000000
504629.000000
505379.000000
506132.000000
506889.000000
507645.000000
508418.000000
509193.000000
509967.000000
510752.000000
511539.000000
512320.000000
513112.000000
513905.000000
514690.000000
515482.000000
516255.000000
517007.000000
517756.000000
518512.000000
519270.000000
520052.000000
520842.000000
521628.000000
522415.000000
523194.000000
523946.000000
524685.000000
525418.000000
526142.000000
526878.000000
527639.000000
528447.000000
529260.000000
530075.000000
530873.000000
531654.000000
532432.000000
533196.000000
533951.000000
534718.000000
535493.000000
536276.000000
537070.000000
537858.000000
538628.000000
539387.000000
540144.000000
540893.000000
541645.000000
542400.000000
543157.000000
543909.000000
544677.000000
545443.000000
546202.000000
546957.000000
547710.000000
548448.000000
549188.000000
549940.000000
550685.000000
551433.000000
552177.000000
552924.000000
553680.000000
554436.000000
555197.000000
555933.000000
556636.000000
557327.000000
558016.000000
558707.000000
559400.000000
560107.000000
560827.000000
561569.000000
562314.000000
563063.000000
563805.000000
564544.000000
565272.000000
565993.000000
566718.000000
567448.000000
568181.000000
568918.000000
569663.000000
570415.000000
571158.000000
571895.000000
572635.000000
573367.000000
574115.000000
574869.000000
575614.000000
576369.000000
577135.000000
577907.000000
578670.000000
579433.000000
580182.000000
580920.000000
581657.000000
582392.000000
583132.000000
583886.000000
584654.000000
585418.000000
586183.000000
586943.000000
587688.000000
588431.000000
589170.000000
589903.000000
590644.000000
591392.000000
592140.000000
592895.000000
593657.000000
594407.000000
595140.000000
595858.000000
596556.000000
597250.000000
597944.000000
598669.000000
599439.000000
600240.000000
601073.000000
601913.000000
602719.000000
603520.000000
604307.000000
605085.000000
605866.000000
606635.000000
607399.000000
608168.000000
608946.000000
609736.000000
610538.000000
611354.000000
612162.000000
612971.000000
613787.000000
614587.000000
615385.000000
616169.000000
616950.000000
617730.000000
618516.000000
619315.000000
620129.000000
620946.000000
621745.000000
622541.000000
623323.000000
624099.000000
624874.000000
625644.000000
626418.000000
627202.000000
627986.000000
628753.000000
629536.000000
630313.000000
631086.000000
631871.000000
632669.000000
633456.000000
634251.000000
635052.000000
635841.000000
636608.000000
637365.000000
638110.000000
638852.000000
639603.000000
640369.000000
641150.000000
641950.000000
642764.000000
643570.000000
644364.000000
645157.000000
645938.000000
646705.000000
647475.000000
648251.000000
649017.000000
649788.000000
650566.000000
651344.000000
652125.000000
652922.000000
653720.000000
654518.000000
655317.000000
656105.000000
656887.000000
657668.000000
658447.000000
659245.000000
660052.000000
660861.000000
661652.000000
662439.000000
663220.000000
663991.000000
664774.000000
665579.000000
666378.000000
667187.000000
668007.000000
668820.000000
669629.000000
670424.000000
671204.000000
671982.000000
672757.000000
673527.000000
674314.000000
675104.000000
675890.000000
676687.000000
677488.000000
678279.000000
679066.000000
679846.000000
680624.000000
681403.000000
682168.000000
682923.000000
683682.000000
684447.000000
685216.000000
685995.000000
686775.000000
687558.000000
688344.000000
689122.000000
689900.000000
690685.000000
691453.000000
692210.000000
692968.000000
693725.000000
694475.000000
695222.000000
695954.000000
696681.000000
697416.000000
698170.000000
698919.000000
699665.000000
700416.000000
701148.000000
701869.000000
702584.000000
703291.000000
704001.000000
704716.000000
705442.000000
706172.000000
706905.000000
707658.000000
708406.000000
709156.000000
709921.000000
710701.000000
711446.000000
712172.000000
712898.000000
713625.000000
714363.000000
715111.000000
715862.000000
716607.000000
717330.000000
718023.000000
718710.000000
719411.000000
720147.000000
720902.000000
721663.000000
722407.000000
723124.000000
723834.000000
724537.000000
725224.000000
725914.000000
726617.000000
727332.000000
728067.000000
728829.000000
729606.000000
730381.000000
731157.000000
731907.000000
732640.000000
733361.000000
734068.000000
734785.000000
735508.000000
736246.000000
736990.000000
737747.000000
738503.000000
739250.000000
739998.000000
740738.000000
741462.000000
742180.000000
742895.000000
743605.000000
744320.000000
745041.000000
745770.000000
746491.000000
747211.000000
747926.000000
748635.000000
749342.000000
750053.000000
750757.000000
751459.000000
752178.000000
752903.000000
753628.000000
754350.000000
755069.000000
755780.000000
756480.000000
757182.000000
757890.000000
758604.000000
759328.000000
760065.000000
760816.000000
761567.000000
762313.000000
763048.000000
763770.000000
764477.000000
765177.000000
765869.000000
766558.000000
767253.000000
767965.000000
768703.000000
769463.000000
770232.000000
771009.000000
771778.000000
772522.000000
773246.000000
773959.000000
774661.000000
775362.000000
776063.000000
776763.000000
777466.000000
778177.000000
778903.000000
779642.000000
780387.000000
781134.000000
781868.000000
782594.000000
783319.000000
784044.000000
784763.000000
785483.000000
786205.000000
786925.000000
787644.000000
788371.000000
789102.000000
789832.000000
790575.000000
791314.000000
792035.000000
792750.000000
793449.000000
794143.000000
794840.000000
795540.000000
796246.000000
796967.000000
797699.000000
798439.000000
799180.000000
799920.000000
800666.000000
801412.000000
802154.000000
802902.000000
803648.000000
804395.000000
805164.000000
805949.000000
806724.000000
807489.000000
808246.000000
808991.000000
809721.000000
810458.000000
811209.000000
811966.000000
812727.000000
813498.000000
814273.000000
815032.000000
815786.000000
816540.000000
817280.000000
818022.000000
818780.000000
819520.000000
820245.000000
820962.000000
821683.000000
822404.000000
823137.000000
823883.000000
824629.000000
825377.000000
826124.000000
826878.000000
827614.000000
828343.000000
829067.000000
829791.000000
830507.000000
831223.000000
831940.000000
832661.000000
833390.000000
834124.000000
834859.000000
835589.000000
836313.000000
837040.000000
837767.000000
838491.000000
839226.000000
839969.000000
840710.000000
841443.000000
842169.000000
842884.000000
843591.000000
844302.000000
845029.000000
845761.000000
846508.000000
847281.000000
848058.000000
848818.000000
849568.000000
850297.000000
850999.000000
851696.000000
852389.000000
853083.000000
853799.000000
854543.000000
855322.000000
856105.000000
856881.000000
857646.000000
858414.000000
859160.000000
859895.000000
860642.000000
861389.000000
862127.000000
862854.000000
863563.000000
864250.000000
864929.000000
865597.000000
866252.000000
866927.000000
867661.000000
868419.000000
869174.000000
869942.000000
870671.000000
871362.000000
872039.000000
872717.000000
873398.000000
874089.000000
874796.000000
875510.000000
876232.000000
876964.000000
877693.000000
878420.000000
879133.000000
879823.000000
880505.000000
881184.000000
881858.000000
882522.000000
883172.000000
883828.000000
884491.000000
885157.000000
885839.000000
886535.000000
887242.000000
887945.000000
888636.000000
889322.000000
890000.000000
890674.000000
891352.000000
892034.000000
892723.000000
893440.000000
894174.000000
894916.000000
895642.000000
896363.000000
897083.000000
897797.000000
898510.000000
899222.000000
899932.000000
900635.000000
901343.000000
902048.000000
902773.000000
903500.000000
