Peaks (s)
1063.000000
1995.000000
2953.000000
3906.000000
4832.000000
5713.000000
6555.000000
7400.000000
8253.000000
9119.000000
9949.000000
10822.000000
11678.000000
12586.000000
13575.000000
14616.000000
15534.000000
16454.000000
17381.000000
18316.000000
19194.000000
20079.000000
21010.000000
21971.000000
22887.000000
23817.000000
24771.000000
25757.000000
26732.000000
27659.000000
28584.000000
29525.000000
30486.000000
31392.000000
32263.000000
33236.000000
34256.000000
35267.000000
36271.000000
37230.000000
38075.000000
39050.000000
40145.000000
41158.000000
42154.000000
43119.000000
44057.000000
45002.000000
45994.000000
46961.000000
47925.000000
48928.000000
49931.000000
50919.000000
51896.000000
52862.000000
53834.000000
54742.000000
55547.000000
56421.000000
57489.000000
58512.000000
59513.000000
60493.000000
61474.000000
62456.000000
63440.000000
64406.000000
65337.000000
66298.000000
67305.000000
68327.000000
69358.000000
70349.000000
71338.000000
72337.000000
73358.000000
74366.000000
75391.000000
76436.000000
77479.000000
78501.000000
79535.000000
80553.000000
81551.000000
82544.000000
83578.000000
84667.000000
85704.000000
86709.000000
87739.000000
88823.000000
89885.000000
90898.000000
91873.000000
92875.000000
93911.000000
94984.000000
96044.000000
97075.000000
98129.000000
99185.000000
100234.000000
101257.000000
102247.000000
103200.000000
104178.000000
105185.000000
106233.000000
107273.000000
108290.000000
109336.000000
110381.000000
111395.000000
112390.000000
113380.000000
114390.000000
115385.000000
116332.000000
117284.000000
118261.000000
119233.000000
120199.000000
121171.000000
122195.000000
123270.000000
124336.000000
125369.000000
126437.000000
127514.000000
128594.000000
129621.000000
130659.000000
131693.000000
132724.000000
133713.000000
134719.000000
135742.000000
136748.000000
137692.000000
138649.000000
139610.000000
140584.000000
141519.000000
142494.000000
143483.000000
144475.000000
145436.000000
146359.000000
147285.000000
148277.000000
149289.000000
150318.000000
151349.000000
152347.000000
153304.000000
154292.000000
155264.000000
156228.000000
157166.000000
158046.000000
158890.000000
159911.000000
160768.000000
161586.000000
162425.000000
163380.000000
164310.000000
165370.000000
166423.000000
167453.000000
168492.000000
169489.000000
170455.000000
171441.000000
172421.000000
173395.000000
174389.000000
175361.000000
176333.000000
177337.000000
178370.000000
179402.000000
180409.000000
181374.000000
182358.000000
183377.000000
184415.000000
185431.000000
186407.000000
187388.000000
188397.000000
189475.000000
190567.000000
191606.000000
192647.000000
193727.000000
194793.000000
195850.000000
196877.000000
197922.000000
199007.000000
200069.000000
201095.000000
202127.000000
203160.000000
204132.000000
205139.000000
206168.000000
207187.000000
208241.000000
209344.000000
210452.000000
211521.000000
212593.000000
213632.000000
214656.000000
215698.000000
216737.000000
217751.000000
218784.000000
219816.000000
220811.000000
221817.000000
222853.000000
223889.000000
224894.000000
225935.000000
226981.000000
228026.000000
229008.000000
230004.000000
231022.000000
232028.000000
233041.000000
234082.000000
235129.000000
236163.000000
237180.000000
238227.000000
239296.000000
240358.000000
241378.000000
242374.000000
243397.000000
244462.000000
245576.000000
246681.000000
247727.000000
248754.000000
249798.000000
250853.000000
251885.000000
252879.000000
253881.000000
254881.000000
255911.000000
256916.000000
257974.000000
259092.000000
260185.000000
261210.000000
262222.000000
263253.000000
264291.000000
265290.000000
266322.000000
267399.000000
268460.000000
269486.000000
270548.000000
271599.000000
272640.000000
273645.000000
274643.000000
275661.000000
276677.000000
277697.000000
278692.000000
279655.000000
280657.000000
281699.000000
282753.000000
283760.000000
284814.000000
285888.000000
286929.000000
287907.000000
288892.000000
289852.000000
290802.000000
291830.000000
292986.000000
294121.000000
295305.000000
296434.000000
297549.000000
298654.000000
299739.000000
300807.000000
301861.000000
302867.000000
303886.000000
304916.000000
305894.000000
306900.000000
307953.000000
308972.000000
310013.000000
311043.000000
312052.000000
313086.000000
314129.000000
315130.000000
316116.000000
317136.000000
318137.000000
319127.000000
320152.000000
321171.000000
322179.000000
323193.000000
324231.000000
325277.000000
326287.000000
327266.000000
328272.000000
329285.000000
330295.000000
331265.000000
332256.000000
333260.000000
334258.000000
335263.000000
336299.000000
337335.000000
338342.000000
339340.000000
340384.000000
341431.000000
342428.000000
343421.000000
344418.000000
345433.000000
346460.000000
347465.000000
348526.000000
349691.000000
350806.000000
351862.000000
352956.000000
354080.000000
355179.000000
356242.000000
357308.000000
358372.000000
359431.000000
360433.000000
361450.000000
362487.000000
363541.000000
364628.000000
365668.000000
366696.000000
367756.000000
368831.000000
369870.000000
370898.000000
371954.000000
373009.000000
374061.000000
375086.000000
376117.000000
377159.000000
378141.000000
379113.000000
380125.000000
381174.000000
382222.000000
383371.000000
384523.000000
385670.000000
386752.000000
387866.000000
389000.000000
390070.000000
391144.000000
392213.000000
393245.000000
394173.000000
395207.000000
396266.000000
397257.000000
398286.000000
399387.000000
400476.000000
401534.000000
402588.000000
403649.000000
404672.000000
405672.000000
406730.000000
407777.000000
408790.000000
409849.000000
410938.000000
412033.000000
413079.000000
414147.000000
415202.000000
416218.000000
417272.000000
418365.000000
419483.000000
420553.000000
421579.000000
422648.000000
423710.000000
424736.000000
425736.000000
426793.000000
427891.000000
428960.000000
429986.000000
431027.000000
432102.000000
433225.000000
434275.000000
435298.000000
436362.000000
437431.000000
438486.000000
439495.000000
440499.000000
441523.000000
442579.000000
443652.000000
444698.000000
445747.000000
446827.000000
447896.000000
448911.000000
449839.000000
450780.000000
451899.000000
452953.000000
453984.000000
454978.000000
456011.000000
457092.000000
458177.000000
459236.000000
460311.000000
461383.000000
462420.000000
463430.000000
464436.000000
465445.000000
466465.000000
467453.000000
468478.000000
469523.000000
470587.000000
471594.000000
472613.000000
473657.000000
474738.000000
475819.000000
476858.000000
477897.000000
478911.000000
479878.000000
480869.000000
481898.000000
482905.000000
483942.000000
485013.000000
486081.000000
487110.000000
488163.000000
489231.000000
490283.000000
491292.000000
492257.000000
493247.000000
494259.000000
495310.000000
496362.000000
497381.000000
498431.000000
499496.000000
500558.000000
501606.000000
502665.000000
503731.000000
504766.000000
505776.000000
506813.000000
507865.000000
508893.000000
509892.000000
510911.000000
511941.000000
512940.000000
513953.000000
515029.000000
516185.000000
517283.000000
518364.000000
519479.000000
520582.000000
521630.000000
522675.000000
523718.000000
524725.000000
525710.000000
526727.000000
527761.000000
528769.000000
529759.000000
530788.000000
531871.000000
532950.000000
534005.000000
535089.000000
536195.000000
537248.000000
538298.000000
539355.000000
540417.000000
541422.000000
542453.000000
543525.000000
544619.000000
545684.000000
546746.000000
547826.000000
548913.000000
549951.000000
550986.000000
552042.000000
553083.000000
554120.000000
555111.000000
556053.000000
557037.000000
558040.000000
559078.000000
560110.000000
561122.000000
562171.000000
563239.000000
564319.000000
565386.000000
566423.000000
567482.000000
568550.000000
569608.000000
570632.000000
571630.000000
572681.000000
573788.000000
574930.000000
576046.000000
577139.000000
578251.000000
579366.000000
580449.000000
581485.000000
582488.000000
583529.000000
584633.000000
585769.000000
586863.000000
587955.000000
589089.000000
590204.000000
591263.000000
592307.000000
593376.000000
594480.000000
595588.000000
596658.000000
597758.000000
598891.000000
599961.000000
600973.000000
601947.000000
602973.000000
604029.000000
605084.000000
606142.000000
607221.000000
608315.000000
609424.000000
610444.000000
611404.000000
612491.000000
613548.000000
614559.000000
615599.000000
616684.000000
617801.000000
618870.000000
619896.000000
620939.000000
621991.000000
622993.000000
623993.000000
625031.000000
626062.000000
627063.000000
628103.000000
629183.000000
630275.000000
631315.000000
632341.000000
633371.000000
634370.000000
635326.000000
636350.000000
637417.000000
638477.000000
639517.000000
640514.000000
641522.000000
642557.000000
643598.000000
644630.000000
645627.000000
646613.000000
647645.000000
648694.000000
649740.000000
650759.000000
651800.000000
652923.000000
654038.000000
655114.000000
656142.000000
657174.000000
658264.000000
659322.000000
660335.000000
661397.000000
662480.000000
663507.000000
664537.000000
665577.000000
666631.000000
667587.000000
668474.000000
669417.000000
670533.000000
671549.000000
672548.000000
673621.000000
674724.000000
675821.000000
676946.000000
678056.000000
679114.000000
680199.000000
681272.000000
682313.000000
683373.000000
684427.000000
685450.000000
686508.000000
687587.000000
688654.000000
689759.000000
690861.000000
691891.000000
692948.000000
693988.000000
694965.000000
695988.000000
697030.000000
698048.000000
699108.000000
700185.000000
701278.000000
702361.000000
703432.000000
704484.000000
705447.000000
706432.000000
707470.000000
708514.000000
709557.000000
710569.000000
711589.000000
712645.000000
713728.000000
714811.000000
715848.000000
716895.000000
717953.000000
719004.000000
720031.000000
721030.000000
722105.000000
723267.000000
724433.000000
725549.000000
726666.000000
727787.000000
728906.000000
729939.000000
730964.000000
732039.000000
733131.000000
734247.000000
735357.000000
736505.000000
737640.000000
738710.000000
739807.000000
740912.000000
742000.000000
743059.000000
744135.000000
745217.000000
746256.000000
747299.000000
748366.000000
749468.000000
750541.000000
751681.000000
752763.000000
753810.000000
754903.000000
756051.000000
757186.000000
758269.000000
759379.000000
760527.000000
761641.000000
762692.000000
763798.000000
764921.000000
765965.000000
767015.000000
768103.000000
769176.000000
770213.000000
771189.000000
772219.000000
773267.000000
774290.000000
775295.000000
776331.000000
777393.000000
778385.000000
779326.000000
780348.000000
781436.000000
782470.000000
783466.000000
784532.000000
785652.000000
786725.000000
787821.000000
788965.000000
790049.000000
791144.000000
792257.000000
793315.000000
794306.000000
795319.000000
796338.000000
797364.000000
798362.000000
799376.000000
800443.000000
801585.000000
802679.000000
803697.000000
804739.000000
805789.000000
806816.000000
807814.000000
808811.000000
809848.000000
810950.000000
812026.000000
813061.000000
814140.000000
815223.000000
816311.000000
817355.000000
818411.000000
819496.000000
820602.000000
821644.000000
822681.000000
823740.000000
824812.000000
825873.000000
826899.000000
827951.000000
829020.000000
830073.000000
831079.000000
832049.000000
832989.000000
833912.000000
834854.000000
836068.000000
837196.000000
838331.000000
839517.000000
840693.000000
841804.000000
842798.000000
843807.000000
844864.000000
845914.000000
846929.000000
847913.000000
848964.000000
850084.000000
851127.000000
852203.000000
853283.000000
854302.000000
855329.000000
856392.000000
857438.000000
858509.000000
859603.000000
860667.000000
861726.000000
862808.000000
863885.000000
864885.000000
865821.000000
866773.000000
867847.000000
868910.000000
869922.000000
870925.000000
871993.000000
873082.000000
874109.000000
875053.000000
876060.000000
877179.000000
878242.000000
879270.000000
880372.000000
881496.000000
882549.000000
883601.000000
884683.000000
885762.000000
886788.000000
887852.000000
888916.000000
889963.000000
891053.000000
892153.000000
893220.000000
894296.000000
895364.000000
896427.000000
897449.000000
898508.000000
899604.000000
900688.000000
901773.000000
902878.000000
903978.000000
905025.000000
906079.000000
907147.000000
908219.000000
909260.000000
910263.000000
911294.000000
912349.000000
913410.000000
914424.000000
915460.000000
916515.000000
917556.000000
918553.000000
919563.000000
920579.000000
921605.000000
922596.000000
923570.000000
924637.000000
925682.000000
926700.000000
927742.000000
928812.000000
929929.000000
930958.000000
931996.000000
933061.000000
934099.000000
935091.000000
936147.000000
937212.000000
938292.000000
939346.000000
940398.000000
941451.000000
942504.000000
943516.000000
944546.000000
945617.000000
946726.000000
947809.000000
948857.000000
949923.000000
950971.000000
951987.000000
952980.000000
954018.000000
955099.000000
956176.000000
957253.000000
958353.000000
959460.000000
960547.000000
961588.000000
962633.000000
963723.000000
964838.000000
965951.000000
967021.000000
968034.000000
969086.000000
970183.000000
971278.000000
972351.000000
973384.000000
974464.000000
975559.000000
976650.000000
977698.000000
978736.000000
979825.000000
980972.000000
982068.000000
983132.000000
984227.000000
985320.000000
986394.000000
987484.000000
988635.000000
989792.000000
990911.000000
991991.000000
993075.000000
994163.000000
995250.000000
996292.000000
997381.000000
998488.000000
999568.000000
1000632.000000
1001730.000000
1002802.000000
1003822.000000
1004809.000000
1005865.000000
1006950.000000
1008068.000000
1009152.000000
1010264.000000
1011368.000000
1012507.000000
1013562.000000
1014623.000000
1015717.000000
1016759.000000
1017775.000000
1018826.000000
1019915.000000
1021017.000000
1022075.000000
1023145.000000
1024239.000000
1025295.000000
1026347.000000
1027421.000000
1028472.000000
1029498.000000
1030561.000000
1031587.000000
1032605.000000
1033676.000000
1034807.000000
1035875.000000
1036939.000000
1038032.000000
1039118.000000
1040146.000000
1041149.000000
1042204.000000
1043279.000000
1044318.000000
1045383.000000
1046480.000000
1047551.000000
1048612.000000
1049713.000000
1050820.000000
1051893.000000
1052938.000000
1054033.000000
1055137.000000
1056168.000000
1057199.000000
1058264.000000
1059336.000000
1060367.000000
1061357.000000
1062451.000000
1063620.000000
1064711.000000
1065749.000000
1066783.000000
1067869.000000
1068985.000000
1070066.000000
1071090.000000
1072142.000000
1073199.000000
1074253.000000
1075283.000000
1076316.000000
1077373.000000
1078440.000000
1079490.000000
1080496.000000
1081504.000000
1082533.000000
1083576.000000
1084588.000000
1085638.000000
1086747.000000
1087837.000000
1088928.000000
1090081.000000
1091163.000000
1092196.000000
1093253.000000
1094336.000000
1095377.000000
1096416.000000
1097482.000000
1098568.000000
1099650.000000
1100749.000000
1101847.000000
1102920.000000
1103944.000000
1104974.000000
1106001.000000
1107004.000000
1107973.000000
1108975.000000
1110013.000000
1111044.000000
1112093.000000
1113178.000000
1114255.000000
1115266.000000
1116282.000000
1117312.000000
1118355.000000
1119309.000000
1120131.000000
1120903.000000
1121714.000000
1122706.000000
1123634.000000
1124472.000000
1125291.000000
1126508.000000
1127614.000000
1128722.000000
1129837.000000
1130919.000000
1131940.000000
1132950.000000
1133972.000000
1135003.000000
1136034.000000
1137024.000000
1137981.000000
1139017.000000
1140101.000000
1141164.000000
1142187.000000
1143093.000000
1144017.000000
1144986.000000
1146101.000000
1147196.000000
1148279.000000
1149353.000000
1150481.000000
1151627.000000
1152752.000000
1153806.000000
1154826.000000
1155907.000000
1156988.000000
1158045.000000
1159054.000000
1160106.000000
1161193.000000
1162282.000000
1163351.000000
1164389.000000
1165431.000000
1166475.000000
1167521.000000
1168532.000000
1169530.000000
1170581.000000
1171662.000000
1172755.000000
1173843.000000
1174954.000000
1175998.000000
1176948.000000
1178006.000000
1179064.000000
1180069.000000
1181075.000000
1182118.000000
1183123.000000
1184071.000000
1185058.000000
1186080.000000
1187067.000000
1188004.000000
1189003.000000
1190011.000000
1190985.000000
1191908.000000
1192770.000000
1193803.000000
1194879.000000
1195901.000000
1196899.000000
1197914.000000
1198942.000000
1199987.000000
1201025.000000
1202033.000000
1203022.000000
1204062.000000
1205091.000000
