Peaks (s)
374.000000
1154.000000
1977.000000
2777.000000
3553.000000
4308.000000
5079.000000
5883.000000
6756.000000
7624.000000
8473.000000
9313.000000
10142.000000
10960.000000
11724.000000
12449.000000
13157.000000
13860.000000
14583.000000
15382.000000
16277.000000
17220.000000
18174.000000
19103.000000
19985.000000
20826.000000
21650.000000
22463.000000
23247.000000
23998.000000
24733.000000
25488.000000
26307.000000
27167.000000
28024.000000
28840.000000
29621.000000
30412.000000
31230.000000
32072.000000
32916.000000
33725.000000
34505.000000
35265.000000
36028.000000
36812.000000
37618.000000
38448.000000
39293.000000
40159.000000
40988.000000
41777.000000
42541.000000
43312.000000
44099.000000
44912.000000
45759.000000
46627.000000
47480.000000
48333.000000
49146.000000
49937.000000
50729.000000
51545.000000
52403.000000
53286.000000
54156.000000
54993.000000
55798.000000
56607.000000
57435.000000
58267.000000
59101.000000
59938.000000
60772.000000
61605.000000
62445.000000
63292.000000
64105.000000
64906.000000
65711.000000
66546.000000
67418.000000
68304.000000
69181.000000
70031.000000
70838.000000
71631.000000
72432.000000
73267.000000
74136.000000
75038.000000
75952.000000
76825.000000
77654.000000
78465.000000
79281.000000
80124.000000
80991.000000
81890.000000
82792.000000
83642.000000
84456.000000
85259.000000
86089.000000
86950.000000
87822.000000
88711.000000
89609.000000
90495.000000
91334.000000
92116.000000
92871.000000
93646.000000
94476.000000
95364.000000
96281.000000
97201.000000
98100.000000
98918.000000
99688.000000
100445.000000
101227.000000
102092.000000
103025.000000
103962.000000
104883.000000
105767.000000
106595.000000
107382.000000
108160.000000
108971.000000
109836.000000
110754.000000
111677.000000
112559.000000
113379.000000
114156.000000
114941.000000
115756.000000
116654.000000
117557.000000
118460.000000
119327.000000
120142.000000
120934.000000
121759.000000
122621.000000
123508.000000
124399.000000
125253.000000
126080.000000
126881.000000
127712.000000
128549.000000
129419.000000
130314.000000
131157.000000
131984.000000
132826.000000
133673.000000
134516.000000
135322.000000
136072.000000
136827.000000
137602.000000
138449.000000
139367.000000
140283.000000
141187.000000
142013.000000
142803.000000
143618.000000
144455.000000
145315.000000
146183.000000
147018.000000
147836.000000
148693.000000
149573.000000
150483.000000
151394.000000
152238.000000
153050.000000
153847.000000
154671.000000
155515.000000
156385.000000
157256.000000
158149.000000
159040.000000
159905.000000
160737.000000
161538.000000
162331.000000
163175.000000
164064.000000
164958.000000
165823.000000
166651.000000
167459.000000
168253.000000
169064.000000
169903.000000
170781.000000
171667.000000
172549.000000
173417.000000
174281.000000
175125.000000
175961.000000
176814.000000
177668.000000
178459.000000
179243.000000
180012.000000
180758.000000
181548.000000
182351.000000
183150.000000
183947.000000
184791.000000
185672.000000
186573.000000
187484.000000
188383.000000
189268.000000
190117.000000
190927.000000
191745.000000
192580.000000
193463.000000
194369.000000
195239.000000
196069.000000
196885.000000
197737.000000
198626.000000
199536.000000
200409.000000
201262.000000
202149.000000
203047.000000
203945.000000
204819.000000
205650.000000
206467.000000
207296.000000
208143.000000
209015.000000
209907.000000
210787.000000
211637.000000
212442.000000
213240.000000
214042.000000
214860.000000
215729.000000
216617.000000
217507.000000
218390.000000
219272.000000
220104.000000
220901.000000
221667.000000
222408.000000
223171.000000
224028.000000
224957.000000
225885.000000
226803.000000
227680.000000
228513.000000
229296.000000
230055.000000
230816.000000
231597.000000
232418.000000
233275.000000
234153.000000
235036.000000
235899.000000
236699.000000
237463.000000
238234.000000
239010.000000
239794.000000
240568.000000
241339.000000
242149.000000
242972.000000
243807.000000
244610.000000
245360.000000
246095.000000
246842.000000
247607.000000
248404.000000
249231.000000
250083.000000
250937.000000
251740.000000
252516.000000
253294.000000
254081.000000
254892.000000
255729.000000
256565.000000
257366.000000
258106.000000
258827.000000
259556.000000
260321.000000
261132.000000
261955.000000
262759.000000
263519.000000
264255.000000
264993.000000
265769.000000
266577.000000
267410.000000
268258.000000
269073.000000
269864.000000
270632.000000
271429.000000
272251.000000
273098.000000
273959.000000
274791.000000
275614.000000
276435.000000
277217.000000
277993.000000
278795.000000
279638.000000
280520.000000
281422.000000
282271.000000
283085.000000
283873.000000
284693.000000
285532.000000
286398.000000
287250.000000
288045.000000
288807.000000
289566.000000
290352.000000
291196.000000
292081.000000
292955.000000
293769.000000
294588.000000
295384.000000
296152.000000
296928.000000
297718.000000
298505.000000
299287.000000
300068.000000
300860.000000
301702.000000
302566.000000
303434.000000
304270.000000
305080.000000
305844.000000
306590.000000
307346.000000
308129.000000
308966.000000
309808.000000
310646.000000
311426.000000
312178.000000
312929.000000
313716.000000
314568.000000
315428.000000
316284.000000
317156.000000
318037.000000
318923.000000
319748.000000
320562.000000
321368.000000
322175.000000
322994.000000
323802.000000
324586.000000
325365.000000
326174.000000
327013.000000
327878.000000
328785.000000
329680.000000
330507.000000
331301.000000
332112.000000
332932.000000
333767.000000
334620.000000
335445.000000
336296.000000
337132.000000
337980.000000
338821.000000
339616.000000
340383.000000
341136.000000
341929.000000
342767.000000
343649.000000
344558.000000
345409.000000
346227.000000
347070.000000
347911.000000
348773.000000
349649.000000
350509.000000
351337.000000
352133.000000
352913.000000
353729.000000
354577.000000
355453.000000
356337.000000
357210.000000
358057.000000
358922.000000
359762.000000
360599.000000
361407.000000
362183.000000
362937.000000
363689.000000
364465.000000
365304.000000
366153.000000
366973.000000
367826.000000
368673.000000
369501.000000
370289.000000
371064.000000
371872.000000
372684.000000
373498.000000
374284.000000
375026.000000
375756.000000
376514.000000
377296.000000
378116.000000
378918.000000
379684.000000
380415.000000
381145.000000
381895.000000
382681.000000
383486.000000
384260.000000
385012.000000
385763.000000
386539.000000
387363.000000
388208.000000
389049.000000
389888.000000
390729.000000
391527.000000
392302.000000
393071.000000
393864.000000
394688.000000
395560.000000
396469.000000
397385.000000
398224.000000
399045.000000
399887.000000
400772.000000
401617.000000
402430.000000
403220.000000
404062.000000
404930.000000
405828.000000
406664.000000
407467.000000
408290.000000
409115.000000
409958.000000
410811.000000
411657.000000
412539.000000
413412.000000
414288.000000
415161.000000
415997.000000
416858.000000
417697.000000
418551.000000
419420.000000
420290.000000
421126.000000
421982.000000
422840.000000
423690.000000
424520.000000
425367.000000
426218.000000
427056.000000
427861.000000
428624.000000
429378.000000
430143.000000
430929.000000
431782.000000
432638.000000
433436.000000
434193.000000
434932.000000
435680.000000
436465.000000
437294.000000
438155.000000
438945.000000
439688.000000
440418.000000
441134.000000
441850.000000
442580.000000
443312.000000
444043.000000
444759.000000
445466.000000
446181.000000
446929.000000
447663.000000
448414.000000
449204.000000
450017.000000
450833.000000
451646.000000
452422.000000
453176.000000
453947.000000
454729.000000
455537.000000
456365.000000
457184.000000
457990.000000
458817.000000
459645.000000
460451.000000
461222.000000
462006.000000
462790.000000
463585.000000
464384.000000
465155.000000
465910.000000
466702.000000
467533.000000
468379.000000
469228.000000
470058.000000
470878.000000
471695.000000
472512.000000
473298.000000
474058.000000
474826.000000
475647.000000
476521.000000
477442.000000
478362.000000
479242.000000
480133.000000
480994.000000
481855.000000
482656.000000
483424.000000
484179.000000
484961.000000
485809.000000
486720.000000
487637.000000
488498.000000
489330.000000
490197.000000
491063.000000
491915.000000
492728.000000
493509.000000
494300.000000
495123.000000
495971.000000
496799.000000
497595.000000
498441.000000
499298.000000
500153.000000
500997.000000
501804.000000
502577.000000
503357.000000
504141.000000
504946.000000
505784.000000
506566.000000
507332.000000
508096.000000
508855.000000
509616.000000
510368.000000
511109.000000
511840.000000
512574.000000
513295.000000
514042.000000
514807.000000
515578.000000
516386.000000
517221.000000
518068.000000
518881.000000
519660.000000
520419.000000
521188.000000
521976.000000
522794.000000
523646.000000
524507.000000
525370.000000
526219.000000
527042.000000
527894.000000
528722.000000
529521.000000
530268.000000
530992.000000
531739.000000
532536.000000
533407.000000
534323.000000
535232.000000
536069.000000
536863.000000
537695.000000
538566.000000
539457.000000
540293.000000
541091.000000
541882.000000
542671.000000
543463.000000
544246.000000
545023.000000
545836.000000
546657.000000
547490.000000
548304.000000
549098.000000
549898.000000
550718.000000
551505.000000
552288.000000
553058.000000
553842.000000
554629.000000
555456.000000
556303.000000
557130.000000
557939.000000
558784.000000
559602.000000
560415.000000
561234.000000
562059.000000
562884.000000
563711.000000
564527.000000
565327.000000
566144.000000
566977.000000
567823.000000
568671.000000
569520.000000
570324.000000
571145.000000
571976.000000
572829.000000
573672.000000
574527.000000
575404.000000
576282.000000
577169.000000
578044.000000
578918.000000
579733.000000
580561.000000
581404.000000
582204.000000
582956.000000
583695.000000
584475.000000
585309.000000
586155.000000
587004.000000
587802.000000
588565.000000
589346.000000
590102.000000
590842.000000
591588.000000
592378.000000
593201.000000
594057.000000
594919.000000
595770.000000
596608.000000
597391.000000
598129.000000
598848.000000
599573.000000
600320.000000
601140.000000
602000.000000
602843.000000
603606.000000
604327.000000
605052.000000
605774.000000
606534.000000
607350.000000
608190.000000
609060.000000
609920.000000
610747.000000
611543.000000
612319.000000
613065.000000
613791.000000
614518.000000
615236.000000
615976.000000
616771.000000
617570.000000
618347.000000
619160.000000
619974.000000
620810.000000
621629.000000
622424.000000
623244.000000
624052.000000
624883.000000
625746.000000
626603.000000
627467.000000
628319.000000
629157.000000
629975.000000
630853.000000
631736.000000
632615.000000
633477.000000
634308.000000
635106.000000
635945.000000
636833.000000
637784.000000
638755.000000
639695.000000
640568.000000
641394.000000
642249.000000
643143.000000
644067.000000
644958.000000
645822.000000
646694.000000
647519.000000
648301.000000
649078.000000
649845.000000
650650.000000
651473.000000
652291.000000
653187.000000
654089.000000
654933.000000
655726.000000
656545.000000
657354.000000
658142.000000
658898.000000
659617.000000
660329.000000
661058.000000
661809.000000
662613.000000
663449.000000
664298.000000
665125.000000
665902.000000
666647.000000
667391.000000
668145.000000
668930.000000
669748.000000
670581.000000
671423.000000
672240.000000
673042.000000
673830.000000
674617.000000
675397.000000
676176.000000
676959.000000
677730.000000
678482.000000
679226.000000
679978.000000
680737.000000
681531.000000
682323.000000
683116.000000
683943.000000
684787.000000
685629.000000
686485.000000
687299.000000
688118.000000
688912.000000
689711.000000
690499.000000
691288.000000
692058.000000
692840.000000
693670.000000
694529.000000
695385.000000
696196.000000
697013.000000
697841.000000
698668.000000
699490.000000
700287.000000
701055.000000
701813.000000
702591.000000
703383.000000
704191.000000
704995.000000
705816.000000
706636.000000
707441.000000
708215.000000
708958.000000
709686.000000
710444.000000
711236.000000
712079.000000
712954.000000
713837.000000
714649.000000
715477.000000
716290.000000
717102.000000
717886.000000
718714.000000
719531.000000
720353.000000
721184.000000
722041.000000
722876.000000
723676.000000
724478.000000
725300.000000
726162.000000
727037.000000
727898.000000
728693.000000
729445.000000
730199.000000
730956.000000
731756.000000
732576.000000
733433.000000
734299.000000
735179.000000
735987.000000
736733.000000
737479.000000
738215.000000
738959.000000
739710.000000
740455.000000
741176.000000
741918.000000
742679.000000
743461.000000
744277.000000
745126.000000
745981.000000
746847.000000
747710.000000
748571.000000
749401.000000
750197.000000
750978.000000
751753.000000
752523.000000
753312.000000
754096.000000
754904.000000
755713.000000
756480.000000
757215.000000
757968.000000
758761.000000
759628.000000
760554.000000
761484.000000
762344.000000
763155.000000
763970.000000
764804.000000
765669.000000
766538.000000
767401.000000
768227.000000
769079.000000
769918.000000
770729.000000
771517.000000
772306.000000
773121.000000
773999.000000
774923.000000
775853.000000
776790.000000
777677.000000
778473.000000
779257.000000
780013.000000
780779.000000
781578.000000
782433.000000
783297.000000
784246.000000
785152.000000
785966.000000
786726.000000
787465.000000
788229.000000
789063.000000
789950.000000
790850.000000
791735.000000
792605.000000
793416.000000
794173.000000
794913.000000
795661.000000
796421.000000
797242.000000
798113.000000
798953.000000
799710.000000
800447.000000
801181.000000
801913.000000
802665.000000
803452.000000
804253.000000
805051.000000
805834.000000
806635.000000
807441.000000
808252.000000
809082.000000
809920.000000
810775.000000
811648.000000
812520.000000
813318.000000
814071.000000
814814.000000
815571.000000
816405.000000
817310.000000
818234.000000
819146.000000
819996.000000
820888.000000
821788.000000
822645.000000
823449.000000
824231.000000
825044.000000
825897.000000
826811.000000
827696.000000
828593.000000
829508.000000
830411.000000
831269.000000
832102.000000
832924.000000
833778.000000
834641.000000
835473.000000
836288.000000
837112.000000
838020.000000
838984.000000
839959.000000
840905.000000
841809.000000
842728.000000
843646.000000
844565.000000
845468.000000
846370.000000
847227.000000
848053.000000
848903.000000
849753.000000
850619.000000
851510.000000
852411.000000
853309.000000
854214.000000
855122.000000
856018.000000
856903.000000
857713.000000
858478.000000
859234.000000
860018.000000
860880.000000
861817.000000
862747.000000
863624.000000
864510.000000
865415.000000
866314.000000
867232.000000
868144.000000
868972.000000
869796.000000
870625.000000
871461.000000
872338.000000
873233.000000
874143.000000
875069.000000
875907.000000
876699.000000
877497.000000
878316.000000
879181.000000
880076.000000
881006.000000
881959.000000
882921.000000
883879.000000
884771.000000
885587.000000
886397.000000
887209.000000
888060.000000
888960.000000
889905.000000
890853.000000
891744.000000
892570.000000
893362.000000
894179.000000
895025.000000
895921.000000
896841.000000
897740.000000
898637.000000
899541.000000
900457.000000
901357.000000
902201.000000
902996.000000
903752.000000
904515.000000
905290.000000
906130.000000
907022.000000
907939.000000
908871.000000
909759.000000
910674.000000
911597.000000
912529.000000
913409.000000
914215.000000
915013.000000
915847.000000
916738.000000
917673.000000
918634.000000
919583.000000
920521.000000
