Peaks (s)
648.000000
1884.000000
3016.000000
4144.000000
5154.000000
6054.000000
7020.000000
8230.000000
9362.000000
10449.000000
11465.000000
12768.000000
14140.000000
15256.000000
16202.000000
17095.000000
18119.000000
19423.000000
20389.000000
21249.000000
22114.000000
23037.000000
24409.000000
25583.000000
26609.000000
27577.000000
28519.000000
29447.000000
30436.000000
31432.000000
32400.000000
33381.000000
34377.000000
35423.000000
36549.000000
37694.000000
38765.000000
39643.000000
40495.000000
41303.000000
42110.000000
42936.000000
43770.000000
44580.000000
45534.000000
47004.000000
48330.000000
49487.000000
50673.000000
51857.000000
52967.000000
54098.000000
55042.000000
55912.000000
56772.000000
57618.000000
58459.000000
59397.000000
60464.000000
61569.000000
62798.000000
64008.000000
65095.000000
66163.000000
67149.000000
68074.000000
69271.000000
70547.000000
71630.000000
72806.000000
73855.000000
74816.000000
76007.000000
77297.000000
78370.000000
79557.000000
80680.000000
81733.000000
83191.000000
84385.000000
85493.000000
86784.000000
87923.000000
89096.000000
90236.000000
91351.000000
92555.000000
93714.000000
94886.000000
96104.000000
97269.000000
98495.000000
99793.000000
100926.000000
102083.000000
103150.000000
104348.000000
105486.000000
106632.000000
107820.000000
108957.000000
110123.000000
111288.000000
112429.000000
113620.000000
114754.000000
115933.000000
117111.000000
118281.000000
119487.000000
120674.000000
121871.000000
123043.000000
124204.000000
125339.000000
126387.000000
127617.000000
128740.000000
129836.000000
130958.000000
132060.000000
133317.000000
134571.000000
135776.000000
136977.000000
138099.000000
139272.000000
140369.000000
141568.000000
142795.000000
143978.000000
145098.000000
146300.000000
147488.000000
148672.000000
149917.000000
151110.000000
152318.000000
153514.000000
154649.000000
155755.000000
156970.000000
158110.000000
159284.000000
160420.000000
161618.000000
162815.000000
163980.000000
165176.000000
166312.000000
167489.000000
168653.000000
169764.000000
170893.000000
171974.000000
173138.000000
174446.000000
175599.000000
176816.000000
178086.000000
179274.000000
180511.000000
181644.000000
182760.000000
183839.000000
184986.000000
186217.000000
187429.000000
188565.000000
189839.000000
191003.000000
192245.000000
193442.000000
194590.000000
195775.000000
196933.000000
198096.000000
199337.000000
200509.000000
201718.000000
202936.000000
204099.000000
205285.000000
206459.000000
207626.000000
208820.000000
209952.000000
211121.000000
212224.000000
213362.000000
214629.000000
215760.000000
216927.000000
218091.000000
219199.000000
220388.000000
221553.000000
222686.000000
223895.000000
225063.000000
226257.000000
227442.000000
228567.000000
229640.000000
230810.000000
231830.000000
232941.000000
234129.000000
235288.000000
236447.000000
237527.000000
238619.000000
239804.000000
240936.000000
242081.000000
243179.000000
244359.000000
245485.000000
246628.000000
247776.000000
248825.000000
249902.000000
251045.000000
252131.000000
253281.000000
254395.000000
255528.000000
256854.000000
258036.000000
259221.000000
260356.000000
261355.000000
262574.000000
263677.000000
264728.000000
265894.000000
267098.000000
268201.000000
269423.000000
270587.000000
271805.000000
273011.000000
274155.000000
275332.000000
276372.000000
277601.000000
278709.000000
279678.000000
280712.000000
281963.000000
283058.000000
284322.000000
285516.000000
286724.000000
288058.000000
289183.000000
290567.000000
291770.000000
292883.000000
294093.000000
295525.000000
296974.000000
298266.000000
299599.000000
300840.000000
302083.000000
303346.000000
304543.000000
305768.000000
306942.000000
308108.000000
309311.000000
310457.000000
311649.000000
312819.000000
314029.000000
315257.000000
316436.000000
317687.000000
318919.000000
320123.000000
321422.000000
322623.000000
323860.000000
325053.000000
326228.000000
327434.000000
328491.000000
329727.000000
330907.000000
332046.000000
333221.000000
334359.000000
335578.000000
336779.000000
337894.000000
339090.000000
340215.000000
341259.000000
342560.000000
343742.000000
344997.000000
346167.000000
347393.000000
348597.000000
349792.000000
351034.000000
352227.000000
353450.000000
354625.000000
355834.000000
357082.000000
358302.000000
359571.000000
360819.000000
362067.000000
363326.000000
364478.000000
365550.000000
366673.000000
367837.000000
369014.000000
370130.000000
371285.000000
372461.000000
373579.000000
374775.000000
375940.000000
377111.000000
378293.000000
379452.000000
380636.000000
381758.000000
382878.000000
383894.000000
385130.000000
386364.000000
387536.000000
388753.000000
390018.000000
391263.000000
392506.000000
393678.000000
394858.000000
396015.000000
397109.000000
398266.000000
399392.000000
400521.000000
401812.000000
402994.000000
404221.000000
405391.000000
406576.000000
407761.000000
408889.000000
409981.000000
411051.000000
412179.000000
413547.000000
414779.000000
415953.000000
417123.000000
418166.000000
419627.000000
421022.000000
422345.000000
423711.000000
424936.000000
426280.000000
427515.000000
428725.000000
429962.000000
431136.000000
432380.000000
433598.000000
434806.000000
436089.000000
437272.000000
438516.000000
439710.000000
440947.000000
442163.000000
443344.000000
444578.000000
445780.000000
446992.000000
448233.000000
449408.000000
450628.000000
451826.000000
453005.000000
454200.000000
455257.000000
456427.000000
457730.000000
458976.000000
460220.000000
461404.000000
462595.000000
463877.000000
465076.000000
466299.000000
467515.000000
468732.000000
469952.000000
471085.000000
472308.000000
473473.000000
474561.000000
475594.000000
476866.000000
478035.000000
479296.000000
480477.000000
481681.000000
482904.000000
484092.000000
485308.000000
486459.000000
487621.000000
488799.000000
489950.000000
491142.000000
492327.000000
493463.000000
494655.000000
495821.000000
496914.000000
498088.000000
499281.000000
500429.000000
501690.000000
502882.000000
504038.000000
505257.000000
506419.000000
507619.000000
508788.000000
509917.000000
510996.000000
512006.000000
513027.000000
514315.000000
515398.000000
516471.000000
517760.000000
518985.000000
520212.000000
521521.000000
522587.000000
523839.000000
525088.000000
526392.000000
527658.000000
528735.000000
529830.000000
531334.000000
532663.000000
534086.000000
535326.000000
536563.000000
537818.000000
538983.000000
540165.000000
541177.000000
542189.000000
543375.000000
544806.000000
546204.000000
547576.000000
548821.000000
550027.000000
551280.000000
552287.000000
553319.000000
554489.000000
555672.000000
557106.000000
558457.000000
559810.000000
561113.000000
562259.000000
563621.000000
564883.000000
566114.000000
567396.000000
568555.000000
569761.000000
570967.000000
572091.000000
573299.000000
574471.000000
575614.000000
576856.000000
578029.000000
579170.000000
580352.000000
581494.000000
582610.000000
583606.000000
584700.000000
585621.000000
586527.000000
587733.000000
588808.000000
590133.000000
591339.000000
592398.000000
593445.000000
594514.000000
595489.000000
596498.000000
597708.000000
598732.000000
600031.000000
601254.000000
602466.000000
603788.000000
604923.000000
606269.000000
607522.000000
608600.000000
609848.000000
611006.000000
612054.000000
613448.000000
614642.000000
615646.000000
616772.000000
617963.000000
619101.000000
620529.000000
621892.000000
623043.000000
624205.000000
625472.000000
626662.000000
627932.000000
629176.000000
630438.000000
631697.000000
632886.000000
634120.000000
635248.000000
636260.000000
637622.000000
638763.000000
639789.000000
641091.000000
642252.000000
643532.000000
644737.000000
645793.000000
646985.000000
648383.000000
649520.000000
650726.000000
651811.000000
652849.000000
654176.000000
655318.000000
656613.000000
657848.000000
658936.000000
660150.000000
661280.000000
662574.000000
663916.000000
665095.000000
666429.000000
667563.000000
668928.000000
670278.000000
671500.000000
672525.000000
673787.000000
674819.000000
676023.000000
677230.000000
678276.000000
679260.000000
680389.000000
681604.000000
682565.000000
683415.000000
684681.000000
685905.000000
687060.000000
688278.000000
689389.000000
690661.000000
691935.000000
693132.000000
694237.000000
695410.000000
696523.000000
697600.000000
698824.000000
700067.000000
701236.000000
702524.000000
703613.000000
704593.000000
705795.000000
706943.000000
707990.000000
709265.000000
710477.000000
711493.000000
712603.000000
713739.000000
714965.000000
716369.000000
717683.000000
718903.000000
720184.000000
721327.000000
722597.000000
723907.000000
725003.000000
726274.000000
727574.000000
728664.000000
729787.000000
730964.000000
732213.000000
733667.000000
735069.000000
736254.000000
737407.000000
738574.000000
739609.000000
740817.000000
742157.000000
743370.000000
744637.000000
745838.000000
747010.000000
748157.000000
749081.000000
750040.000000
751205.000000
752401.000000
753708.000000
754945.000000
756204.000000
757418.000000
758588.000000
759812.000000
760945.000000
761978.000000
762998.000000
764012.000000
765153.000000
766666.000000
768030.000000
769355.000000
770678.000000
771910.000000
773176.000000
774404.000000
775633.000000
776864.000000
778075.000000
779253.000000
780512.000000
781705.000000
782856.000000
784103.000000
785364.000000
786539.000000
787786.000000
789034.000000
790162.000000
791384.000000
792540.000000
793695.000000
794936.000000
796162.000000
797402.000000
798665.000000
799900.000000
801145.000000
802342.000000
803385.000000
804434.000000
805843.000000
807075.000000
808242.000000
809451.000000
810500.000000
811846.000000
812983.000000
814032.000000
815318.000000
816512.000000
817671.000000
818995.000000
820172.000000
821451.000000
822769.000000
823970.000000
825237.000000
826495.000000
827554.000000
828648.000000
829686.000000
830756.000000
832121.000000
833475.000000
834811.000000
836105.000000
837163.000000
838175.000000
839499.000000
840802.000000
842010.000000
843341.000000
844608.000000
845860.000000
847115.000000
848289.000000
849488.000000
850524.000000
851525.000000
852699.000000
853975.000000
855216.000000
856504.000000
857666.000000
858720.000000
859822.000000
861110.000000
862313.000000
863490.000000
864475.000000
865431.000000
866362.000000
867297.000000
868282.000000
869272.000000
870315.000000
871256.000000
872204.000000
873257.000000
874351.000000
875424.000000
876576.000000
877676.000000
878844.000000
879818.000000
880775.000000
881677.000000
882568.000000
883482.000000
884446.000000
885352.000000
886254.000000
887156.000000
888052.000000
888915.000000
889813.000000
890821.000000
891965.000000
893029.000000
894175.000000
895337.000000
896460.000000
897454.000000
898520.000000
899770.000000
900966.000000
902152.000000
903467.000000
904760.000000
906091.000000
907313.000000
908462.000000
909672.000000
910841.000000
912050.000000
913255.000000
914404.000000
915610.000000
916779.000000
917905.000000
918986.000000
919963.000000
921052.000000
922300.000000
923507.000000
924712.000000
925971.000000
927155.000000
928358.000000
929532.000000
930691.000000
931892.000000
932995.000000
933937.000000
934827.000000
935825.000000
936940.000000
938186.000000
939254.000000
940578.000000
941828.000000
942831.000000
943960.000000
945334.000000
946641.000000
947814.000000
949234.000000
950518.000000
951744.000000
953071.000000
954275.000000
955448.000000
956604.000000
957715.000000
958817.000000
959846.000000
961138.000000
962401.000000
963626.000000
964784.000000
965967.000000
967088.000000
968159.000000
969228.000000
970385.000000
971639.000000
972880.000000
974131.000000
975301.000000
976505.000000
977702.000000
978788.000000
979933.000000
981081.000000
982109.000000
983355.000000
984776.000000
986089.000000
987439.000000
988683.000000
989957.000000
991230.000000
992442.000000
993735.000000
994924.000000
996073.000000
997284.000000
998408.000000
999588.000000
1000764.000000
1001912.000000
1003181.000000
1004419.000000
1005661.000000
1006949.000000
1008171.000000
1009352.000000
1010595.000000
1011836.000000
1013043.000000
1014307.000000
1015520.000000
1016678.000000
1017944.000000
1019181.000000
1020434.000000
1021743.000000
1022963.000000
1024208.000000
1025395.000000
1026425.000000
1027379.000000
1028286.000000
1029194.000000
1030477.000000
1031590.000000
1032835.000000
1033952.000000
1034948.000000
1035847.000000
1036727.000000
1037920.000000
1039200.000000
1040491.000000
1041817.000000
1043111.000000
1044312.000000
1045717.000000
1047069.000000
1048298.000000
1049743.000000
1051005.000000
1052341.000000
1053616.000000
1054668.000000
1055813.000000
1057014.000000
1058061.000000
1059459.000000
1060787.000000
1061971.000000
1063327.000000
1064676.000000
1065990.000000
1067412.000000
1068762.000000
1070090.000000
1071351.000000
1072553.000000
1074022.000000
1075421.000000
1076703.000000
1078051.000000
1079264.000000
1080630.000000
1081828.000000
1082933.000000
1084299.000000
1085517.000000
1086781.000000
1088026.000000
1089145.000000
1090473.000000
1091660.000000
1092782.000000
1094191.000000
1095395.000000
1096664.000000
1097903.000000
1099018.000000
1100463.000000
1101813.000000
1103000.000000
1104364.000000
1105537.000000
1106901.000000
1108245.000000
1109428.000000
1110783.000000
1112084.000000
1113296.000000
1114615.000000
1115844.000000
1117199.000000
1118512.000000
1119764.000000
1121139.000000
1122384.000000
1123586.000000
1124860.000000
1126018.000000
1127382.000000
1128729.000000
1129904.000000
1131015.000000
1132129.000000
1133420.000000
1134724.000000
1136081.000000
1137236.000000
1138384.000000
1139713.000000
1140896.000000
1142017.000000
1143028.000000
1143999.000000
1144927.000000
1145785.000000
1146958.000000
1148318.000000
1149415.000000
1150587.000000
1151776.000000
1152847.000000
1153995.000000
1155107.000000
1156138.000000
1157455.000000
1158788.000000
1159961.000000
1161099.000000
1162301.000000
1163444.000000
1164730.000000
1166082.000000
1167244.000000
1168489.000000
1169550.000000
1170559.000000
1171825.000000
1173073.000000
1174232.000000
1175727.000000
1177080.000000
1178428.000000
1179642.000000
1180738.000000
1182077.000000
1183038.000000
1183995.000000
1185159.000000
1186178.000000
1187516.000000
1188863.000000
1189999.000000
1191031.000000
1192032.000000
1193007.000000
1193985.000000
1195151.000000
1196649.000000
1198017.000000
1199329.000000
1200659.000000
1201872.000000
1203226.000000
1204468.000000
1205673.000000
1207112.000000
1208385.000000
1209739.000000
1211002.000000
1211990.000000
1213035.000000
1214267.000000
1215270.000000
1216157.000000
1217046.000000
1218690.000000
1220229.000000
1221637.000000
1223029.000000
1224309.000000
1225556.000000
1226773.000000
1227944.000000
1229080.000000
1230174.000000
1231271.000000
1232448.000000
1233657.000000
1234844.000000
1235960.000000
1236955.000000
1237826.000000
1238660.000000
1239559.000000
1240949.000000
1242098.000000
1243080.000000
1244101.000000
1245381.000000
1246382.000000
1247456.000000
1248588.000000
1249879.000000
1251006.000000
1252237.000000
