Peaks (s)
370.000000
1284.000000
2152.000000
3073.000000
3925.000000
4802.000000
5714.000000
6641.000000
7480.000000
8316.000000
9163.000000
9996.000000
10871.000000
11757.000000
12630.000000
13469.000000
14297.000000
15143.000000
16002.000000
16868.000000
17768.000000
18645.000000
19534.000000
20410.000000
21277.000000
22070.000000
22900.000000
23775.000000
24610.000000
25478.000000
26350.000000
27187.000000
28058.000000
28927.000000
29791.000000
30627.000000
31445.000000
32272.000000
33088.000000
33939.000000
34834.000000
35686.000000
36546.000000
37419.000000
38247.000000
39087.000000
39941.000000
40801.000000
41616.000000
42479.000000
43338.000000
44134.000000
44988.000000
45862.000000
46688.000000
47550.000000
48404.000000
49255.000000
50144.000000
50979.000000
51826.000000
52707.000000
53573.000000
54469.000000
55383.000000
56247.000000
57166.000000
58083.000000
58931.000000
59796.000000
60676.000000
61533.000000
62421.000000
63357.000000
64251.000000
65164.000000
66091.000000
66999.000000
67877.000000
68780.000000
69664.000000
70531.000000
71443.000000
72344.000000
73223.000000
74146.000000
75033.000000
75873.000000
76757.000000
77648.000000
78517.000000
79385.000000
80267.000000
81172.000000
82027.000000
82903.000000
83785.000000
84633.000000
85500.000000
86379.000000
87237.000000
88123.000000
89016.000000
89857.000000
90739.000000
91609.000000
92472.000000
93348.000000
94198.000000
95009.000000
95871.000000
96759.000000
97624.000000
98530.000000
99400.000000
100275.000000
101135.000000
101935.000000
102750.000000
103606.000000
104479.000000
105429.000000
106360.000000
107249.000000
108177.000000
109062.000000
109914.000000
110804.000000
111689.000000
112540.000000
113372.000000
114277.000000
115138.000000
115906.000000
116673.000000
117469.000000
118254.000000
119112.000000
120027.000000
120903.000000
121794.000000
122685.000000
123530.000000
124364.000000
125231.000000
126123.000000
126984.000000
127871.000000
128780.000000
129651.000000
130573.000000
131498.000000
132369.000000
133233.000000
134105.000000
134967.000000
135764.000000
136595.000000
137475.000000
138325.000000
139227.000000
140126.000000
140995.000000
141875.000000
142762.000000
143619.000000
144504.000000
145371.000000
146192.000000
147040.000000
147927.000000
148779.000000
149650.000000
150524.000000
151370.000000
152246.000000
153157.000000
154004.000000
154876.000000
155763.000000
156598.000000
157457.000000
158362.000000
159237.000000
160084.000000
160969.000000
161910.000000
162802.000000
163665.000000
164558.000000
165500.000000
166401.000000
167283.000000
168185.000000
169093.000000
169989.000000
170801.000000
171667.000000
172600.000000
173519.000000
174410.000000
175326.000000
176235.000000
177088.000000
177980.000000
178882.000000
179739.000000
180588.000000
181507.000000
182406.000000
183291.000000
184212.000000
185108.000000
185981.000000
186890.000000
187799.000000
188671.000000
189571.000000
190481.000000
191340.000000
192205.000000
193099.000000
193982.000000
194860.000000
195791.000000
196682.000000
197581.000000
198488.000000
199348.000000
200195.000000
201073.000000
201911.000000
202775.000000
203653.000000
204519.000000
205404.000000
206273.000000
207091.000000
207927.000000
208781.000000
209599.000000
210428.000000
211280.000000
212072.000000
212920.000000
213764.000000
214571.000000
215402.000000
216261.000000
217076.000000
217911.000000
218759.000000
219575.000000
220387.000000
221217.000000
222034.000000
222827.000000
223673.000000
224498.000000
225310.000000
226171.000000
227017.000000
227863.000000
228724.000000
229554.000000
230407.000000
231268.000000
232086.000000
232935.000000
233792.000000
234587.000000
235404.000000
236261.000000
237105.000000
237921.000000
238778.000000
239661.000000
240545.000000
241397.000000
242274.000000
243159.000000
244029.000000
244853.000000
245741.000000
246651.000000
247520.000000
248405.000000
249301.000000
250168.000000
250981.000000
251843.000000
252727.000000
253568.000000
254362.000000
255100.000000
255831.000000
256596.000000
257383.000000
258280.000000
259216.000000
260101.000000
261025.000000
261923.000000
262789.000000
263666.000000
264545.000000
265336.000000
266206.000000
267111.000000
267990.000000
268902.000000
269815.000000
270694.000000
271591.000000
272506.000000
273359.000000
274201.000000
275097.000000
275996.000000
276871.000000
277760.000000
278685.000000
279593.000000
280474.000000
281378.000000
282277.000000
283137.000000
284011.000000
284905.000000
285772.000000
286638.000000
287517.000000
288390.000000
289297.000000
290216.000000
291075.000000
291946.000000
292836.000000
293678.000000
294517.000000
295369.000000
296216.000000
297081.000000
297973.000000
298840.000000
299704.000000
300597.000000
301453.000000
302285.000000
303149.000000
304027.000000
304853.000000
305678.000000
306532.000000
307346.000000
308195.000000
309058.000000
309875.000000
310738.000000
311612.000000
312488.000000
313383.000000
314331.000000
315246.000000
316115.000000
316982.000000
317873.000000
318719.000000
319520.000000
320353.000000
321301.000000
322203.000000
323135.000000
324104.000000
324996.000000
325872.000000
326767.000000
327632.000000
328493.000000
329377.000000
330200.000000
331064.000000
331967.000000
332842.000000
333752.000000
334679.000000
335553.000000
336448.000000
337336.000000
338167.000000
339021.000000
339882.000000
340682.000000
341508.000000
342374.000000
343193.000000
344027.000000
344905.000000
345769.000000
346618.000000
347491.000000
348367.000000
349174.000000
350019.000000
350860.000000
351684.000000
352546.000000
353422.000000
354279.000000
355163.000000
356035.000000
356842.000000
357684.000000
358524.000000
359312.000000
360139.000000
360992.000000
361848.000000
362733.000000
363633.000000
364495.000000
365382.000000
366253.000000
367066.000000
367852.000000
368700.000000
369545.000000
370367.000000
371223.000000
372088.000000
372909.000000
373716.000000
374550.000000
375366.000000
376137.000000
376951.000000
377791.000000
378608.000000
379470.000000
380334.000000
381155.000000
381989.000000
382840.000000
383691.000000
384496.000000
385354.000000
386204.000000
387045.000000
387907.000000
388721.000000
389528.000000
390350.000000
391176.000000
392015.000000
392894.000000
393775.000000
394577.000000
395323.000000
396048.000000
396781.000000
397573.000000
398417.000000
399261.000000
400062.000000
400877.000000
401710.000000
402524.000000
403358.000000
404213.000000
405022.000000
405838.000000
406699.000000
407516.000000
408328.000000
409175.000000
410022.000000
410832.000000
411686.000000
412545.000000
413373.000000
414233.000000
415076.000000
415891.000000
416752.000000
417587.000000
418371.000000
419197.000000
420051.000000
420847.000000
421665.000000
422538.000000
423345.000000
424137.000000
424973.000000
425827.000000
426645.000000
427438.000000
428305.000000
429227.000000
430054.000000
430822.000000
431602.000000
432443.000000
433308.000000
434164.000000
434953.000000
435736.000000
436571.000000
437446.000000
438316.000000
439129.000000
439959.000000
440823.000000
441718.000000
442567.000000
443394.000000
444263.000000
445145.000000
445972.000000
446796.000000
447663.000000
448512.000000
449330.000000
450162.000000
451043.000000
451938.000000
452773.000000
453592.000000
454450.000000
455297.000000
456107.000000
456988.000000
457929.000000
458855.000000
459692.000000
460532.000000
461381.000000
462185.000000
462980.000000
463889.000000
464869.000000
465825.000000
466692.000000
467588.000000
468520.000000
469457.000000
470277.000000
471105.000000
471987.000000
472925.000000
473783.000000
474626.000000
475519.000000
476415.000000
477257.000000
478141.000000
479011.000000
479835.000000
480664.000000
481528.000000
482362.000000
483184.000000
484045.000000
484905.000000
485745.000000
486619.000000
487470.000000
488290.000000
489142.000000
489964.000000
490773.000000
491592.000000
492397.000000
493181.000000
494007.000000
494857.000000
495663.000000
496490.000000
497344.000000
498179.000000
499003.000000
499874.000000
500721.000000
501519.000000
502365.000000
503225.000000
504040.000000
504880.000000
505732.000000
506556.000000
507346.000000
508165.000000
508991.000000
509788.000000
510620.000000
511489.000000
512320.000000
513129.000000
513973.000000
514805.000000
515609.000000
516450.000000
517335.000000
518179.000000
519006.000000
519888.000000
520751.000000
521546.000000
522361.000000
523183.000000
523983.000000
524800.000000
525685.000000
526552.000000
527373.000000
528230.000000
529111.000000
529917.000000
530754.000000
531606.000000
532430.000000
533271.000000
534141.000000
534996.000000
535799.000000
536635.000000
537484.000000
538316.000000
539233.000000
652810.000000
654240.000000
654732.000000
655374.000000
657612.000000
