Peaks (s)
1052.000000
1831.000000
2589.000000
3349.000000
4110.000000
4874.000000
5619.000000
6361.000000
7100.000000
7839.000000
8579.000000
9311.000000
10040.000000
10790.000000
11545.000000
12287.000000
13019.000000
13749.000000
14479.000000
15229.000000
15985.000000
16727.000000
17471.000000
18233.000000
19002.000000
19760.000000
20505.000000
21240.000000
21975.000000
22726.000000
23494.000000
24246.000000
24976.000000
25697.000000
26421.000000
27161.000000
27907.000000
28654.000000
29398.000000
30157.000000
30934.000000
31706.000000
32448.000000
33182.000000
33918.000000
34655.000000
35385.000000
36106.000000
36830.000000
37575.000000
38340.000000
39095.000000
39835.000000
40569.000000
41302.000000
42036.000000
42771.000000
43494.000000
44215.000000
44934.000000
45676.000000
46424.000000
47175.000000
47938.000000
48704.000000
49499.000000
50282.000000
51049.000000
51809.000000
52570.000000
53341.000000
54123.000000
54898.000000
55661.000000
56401.000000
57128.000000
57864.000000
58634.000000
59427.000000
60203.000000
60970.000000
61735.000000
62516.000000
63312.000000
64094.000000
64852.000000
65607.000000
66357.000000
67120.000000
67875.000000
68622.000000
69351.000000
70075.000000
70802.000000
71542.000000
72291.000000
73027.000000
73767.000000
74516.000000
75273.000000
76020.000000
76751.000000
77467.000000
78184.000000
78900.000000
79631.000000
80366.000000
81097.000000
81827.000000
82574.000000
83333.000000
84077.000000
84810.000000
85547.000000
86290.000000
87037.000000
87784.000000
88514.000000
89240.000000
89957.000000
90683.000000
91411.000000
92143.000000
92871.000000
93599.000000
94356.000000
95105.000000
95834.000000
96557.000000
97285.000000
98026.000000
98756.000000
99482.000000
100218.000000
100996.000000
101782.000000
102547.000000
103291.000000
104032.000000
104775.000000
105532.000000
106290.000000
107028.000000
107758.000000
108492.000000
109239.000000
109982.000000
110721.000000
111456.000000
112193.000000
112932.000000
113687.000000
114438.000000
115176.000000
115900.000000
116619.000000
117343.000000
118084.000000
118826.000000
119570.000000
120315.000000
121069.000000
121822.000000
122560.000000
123297.000000
124035.000000
124802.000000
125574.000000
126332.000000
127079.000000
127824.000000
128599.000000
129371.000000
130122.000000
130864.000000
131606.000000
132381.000000
133159.000000
133919.000000
134679.000000
135456.000000
136242.000000
137012.000000
137767.000000
138524.000000
139293.000000
140057.000000
140812.000000
141553.000000
142281.000000
143005.000000
143740.000000
144476.000000
145205.000000
145939.000000
146682.000000
147455.000000
148218.000000
148968.000000
149713.000000
150462.000000
151223.000000
151996.000000
152774.000000
153532.000000
154296.000000
155056.000000
155833.000000
156615.000000
157375.000000
158132.000000
158883.000000
159641.000000
160398.000000
161147.000000
161902.000000
162668.000000
163462.000000
164254.000000
165032.000000
165791.000000
166553.000000
167321.000000
168117.000000
168894.000000
169647.000000
170392.000000
171137.000000
171908.000000
172699.000000
173490.000000
174280.000000
175079.000000
175897.000000
176695.000000
177474.000000
178227.000000
178964.000000
179697.000000
180433.000000
181196.000000
181964.000000
182746.000000
183578.000000
184408.000000
185208.000000
185978.000000
186729.000000
187476.000000
188233.000000
189001.000000
189772.000000
190531.000000
191299.000000
192087.000000
192878.000000
193652.000000
194413.000000
195167.000000
195936.000000
196708.000000
197460.000000
198216.000000
198972.000000
199751.000000
200544.000000
201320.000000
202078.000000
202834.000000
203600.000000
204386.000000
205171.000000
205930.000000
206681.000000
207443.000000
208209.000000
208976.000000
209738.000000
210508.000000
211298.000000
212075.000000
212836.000000
213610.000000
214385.000000
215175.000000
215956.000000
216714.000000
217469.000000
218237.000000
219031.000000
219854.000000
220659.000000
221455.000000
222259.000000
223080.000000
223874.000000
224639.000000
225383.000000
226111.000000
226846.000000
227600.000000
228396.000000
229200.000000
230114.000000
230942.000000
231743.000000
232529.000000
233330.000000
234124.000000
234905.000000
235656.000000
236408.000000
237185.000000
237962.000000
238711.000000
239443.000000
240187.000000
240932.000000
241682.000000
242446.000000
243242.000000
244059.000000
244880.000000
245676.000000
246464.000000
247251.000000
248027.000000
248791.000000
249546.000000
250301.000000
251060.000000
251827.000000
252595.000000
253354.000000
254124.000000
254893.000000
255664.000000
256426.000000
257180.000000
257930.000000
258685.000000
259442.000000
260202.000000
260959.000000
261704.000000
262443.000000
263175.000000
263912.000000
264654.000000
265395.000000
266148.000000
266928.000000
267721.000000
268516.000000
269301.000000
270086.000000
270864.000000
271632.000000
272392.000000
273149.000000
273896.000000
274640.000000
275401.000000
276176.000000
276949.000000
277706.000000
278446.000000
279186.000000
279933.000000
280687.000000
281430.000000
282170.000000
282908.000000
283646.000000
284379.000000
285101.000000
285826.000000
286576.000000
287342.000000
288098.000000
288851.000000
289608.000000
290356.000000
291116.000000
291867.000000
292606.000000
293347.000000
294089.000000
294839.000000
295580.000000
296311.000000
297036.000000
297755.000000
298477.000000
299213.000000
299957.000000
300698.000000
301431.000000
302168.000000
302917.000000
303677.000000
304430.000000
305175.000000
305920.000000
306665.000000
307423.000000
308193.000000
308955.000000
309702.000000
310459.000000
311225.000000
311997.000000
312759.000000
313504.000000
314234.000000
314959.000000
315692.000000
316441.000000
317200.000000
317955.000000
318716.000000
319494.000000
320265.000000
321025.000000
321788.000000
322557.000000
323336.000000
324130.000000
324912.000000
325671.000000
326418.000000
327158.000000
327912.000000
328689.000000
329473.000000
330258.000000
331027.000000
331798.000000
332567.000000
333357.000000
334148.000000
334923.000000
335681.000000
336445.000000
337216.000000
338005.000000
338790.000000
339554.000000
340307.000000
341059.000000
341821.000000
342585.000000
343335.000000
344079.000000
344824.000000
345589.000000
346363.000000
347144.000000
347922.000000
348713.000000
349540.000000
350344.000000
351125.000000
351900.000000
352682.000000
353470.000000
354258.000000
355039.000000
355805.000000
356569.000000
357340.000000
358125.000000
358917.000000
359697.000000
360480.000000
361278.000000
362087.000000
362889.000000
363658.000000
364410.000000
365152.000000
365892.000000
366649.000000
367405.000000
368159.000000
368911.000000
369676.000000
370455.000000
371237.000000
372002.000000
372739.000000
373466.000000
374190.000000
374920.000000
375662.000000
376399.000000
377132.000000
377875.000000
378628.000000
379384.000000
380128.000000
380871.000000
381616.000000
382363.000000
383134.000000
383920.000000
384693.000000
385441.000000
386176.000000
386911.000000
387661.000000
388425.000000
389189.000000
389944.000000
390697.000000
391463.000000
392238.000000
393002.000000
393748.000000
394494.000000
395256.000000
396032.000000
396800.000000
397556.000000
398311.000000
399063.000000
399835.000000
400607.000000
401370.000000
402127.000000
402886.000000
403641.000000
404385.000000
405128.000000
405866.000000
406596.000000
407327.000000
408068.000000
408811.000000
409560.000000
410301.000000
411059.000000
411848.000000
412650.000000
413433.000000
414198.000000
414954.000000
415706.000000
416482.000000
417269.000000
418049.000000
418827.000000
419617.000000
420427.000000
421248.000000
422060.000000
422842.000000
423603.000000
424366.000000
425135.000000
425907.000000
426673.000000
427440.000000
428213.000000
428982.000000
429748.000000
430499.000000
431242.000000
431985.000000
432729.000000
433475.000000
434215.000000
434956.000000
435714.000000
436498.000000
437280.000000
438043.000000
438826.000000
439579.000000
440338.000000
441089.000000
441847.000000
442611.000000
443389.000000
444177.000000
444928.000000
445649.000000
446353.000000
447067.000000
447776.000000
448475.000000
449176.000000
449882.000000
450613.000000
451345.000000
452077.000000
452801.000000
453519.000000
454237.000000
454953.000000
455660.000000
456371.000000
457089.000000
457822.000000
458552.000000
459268.000000
459977.000000
460678.000000
461378.000000
462073.000000
462764.000000
463465.000000
464165.000000
464868.000000
465579.000000
466285.000000
466992.000000
467706.000000
468452.000000
469223.000000
469983.000000
470731.000000
471482.000000
472239.000000
473005.000000
473770.000000
474520.000000
475266.000000
476003.000000
476730.000000
477466.000000
478201.000000
478928.000000
479622.000000
480321.000000
481036.000000
481762.000000
482505.000000
483253.000000
484007.000000
484743.000000
485470.000000
486193.000000
486918.000000
487664.000000
488412.000000
489156.000000
489904.000000
490674.000000
491456.000000
492217.000000
492976.000000
493735.000000
494526.000000
495321.000000
496112.000000
496880.000000
497652.000000
498426.000000
499223.000000
500009.000000
500771.000000
501532.000000
502293.000000
503052.000000
503808.000000
504553.000000
505293.000000
506037.000000
506810.000000
507622.000000
508441.000000
509234.000000
510021.000000
510833.000000
511635.000000
512429.000000
513205.000000
513985.000000
514807.000000
515671.000000
516492.000000
517288.000000
518094.000000
518934.000000
519780.000000
520597.000000
521381.000000
522159.000000
522927.000000
523720.000000
524533.000000
525332.000000
526106.000000
526879.000000
527653.000000
528447.000000
529256.000000
530064.000000
530834.000000
531586.000000
532339.000000
533090.000000
533840.000000
534589.000000
535360.000000
536190.000000
537028.000000
537827.000000
538619.000000
539395.000000
540182.000000
540966.000000
541730.000000
542489.000000
543299.000000
544125.000000
544931.000000
545727.000000
546509.000000
547294.000000
548111.000000
548930.000000
549733.000000
550515.000000
551298.000000
552104.000000
552915.000000
553704.000000
554469.000000
555227.000000
556011.000000
556815.000000
557629.000000
558457.000000
559274.000000
560122.000000
560982.000000
561795.000000
562586.000000
563370.000000
564142.000000
564901.000000
565655.000000
566412.000000
567176.000000
567991.000000
568847.000000
569660.000000
570439.000000
571201.000000
571950.000000
572721.000000
573563.000000
574380.000000
575179.000000
576008.000000
576835.000000
577655.000000
578455.000000
579249.000000
580056.000000
580856.000000
581644.000000
582412.000000
583172.000000
583934.000000
584704.000000
585468.000000
586223.000000
586969.000000
587714.000000
588482.000000
589254.000000
590014.000000
590754.000000
591485.000000
592219.000000
592965.000000
593708.000000
594453.000000
595200.000000
595948.000000
596737.000000
597535.000000
598310.000000
599069.000000
599818.000000
600579.000000
601338.000000
602092.000000
602838.000000
603575.000000
604328.000000
605088.000000
605846.000000
606591.000000
607358.000000
608159.000000
608981.000000
609797.000000
610576.000000
611340.000000
612104.000000
612895.000000
613681.000000
614458.000000
615219.000000
615978.000000
616765.000000
617569.000000
618366.000000
619147.000000
619924.000000
620721.000000
621503.000000
622281.000000
623047.000000
623813.000000
624584.000000
625396.000000
626186.000000
626956.000000
627714.000000
628467.000000
629238.000000
630017.000000
630780.000000
631543.000000
632334.000000
633128.000000
633910.000000
634685.000000
635491.000000
636275.000000
637044.000000
637807.000000
638579.000000
639364.000000
640178.000000
640982.000000
641754.000000
642507.000000
643257.000000
644018.000000
644797.000000
645587.000000
646360.000000
647123.000000
647891.000000
648677.000000
649456.000000
650222.000000
650983.000000
651738.000000
652491.000000
653232.000000
653972.000000
654716.000000
655482.000000
656282.000000
657073.000000
657847.000000
658608.000000
659364.000000
660134.000000
660897.000000
661646.000000
662386.000000
663117.000000
663855.000000
664604.000000
665355.000000
666101.000000
666843.000000
667590.000000
668367.000000
669147.000000
669924.000000
670680.000000
671431.000000
672190.000000
672969.000000
673776.000000
674594.000000
675402.000000
676212.000000
677045.000000
677863.000000
678649.000000
679432.000000
680232.000000
681039.000000
681830.000000
682607.000000
683375.000000
684152.000000
684949.000000
685753.000000
686537.000000
687319.000000
688114.000000
688924.000000
689706.000000
690474.000000
691228.000000
691974.000000
692734.000000
693520.000000
694317.000000
695116.000000
695961.000000
696791.000000
697591.000000
698363.000000
699121.000000
699883.000000
700675.000000
701477.000000
702266.000000
703042.000000
703811.000000
704597.000000
705374.000000
706137.000000
706891.000000
707653.000000
708424.000000
709185.000000
709924.000000
710658.000000
711405.000000
712206.000000
713015.000000
713798.000000
714562.000000
715318.000000
716087.000000
716848.000000
717603.000000
718348.000000
719088.000000
719852.000000
720622.000000
721384.000000
722126.000000
722868.000000
723625.000000
724418.000000
725187.000000
725955.000000
726714.000000
727464.000000
728218.000000
728985.000000
729783.000000
730562.000000
731338.000000
732104.000000
732869.000000
733627.000000
734376.000000
735133.000000
735904.000000
736697.000000
737484.000000
738255.000000
739017.000000
739790.000000
740562.000000
741320.000000
742067.000000
742807.000000
743574.000000
744342.000000
745115.000000
745876.000000
746635.000000
747416.000000
748200.000000
748969.000000
749716.000000
750451.000000
751188.000000
751931.000000
752665.000000
753409.000000
754156.000000
754935.000000
755754.000000
756566.000000
757358.000000
758130.000000
758896.000000
759676.000000
760454.000000
761222.000000
761966.000000
762711.000000
763470.000000
764256.000000
765052.000000
765830.000000
766597.000000
767367.000000
768139.000000
768907.000000
769663.000000
770411.000000
771168.000000
771949.000000
772731.000000
773486.000000
774231.000000
774974.000000
775727.000000
776482.000000
777225.000000
777964.000000
778706.000000
779470.000000
780238.000000
781000.000000
781757.000000
782515.000000
783284.000000
784036.000000
784782.000000
785537.000000
786317.000000
787105.000000
787873.000000
788626.000000
789365.000000
790112.000000
790881.000000
791648.000000
792423.000000
793204.000000
794023.000000
794851.000000
795654.000000
796433.000000
797205.000000
797964.000000
798740.000000
799541.000000
800340.000000
801119.000000
801880.000000
802629.000000
803370.000000
804126.000000
804887.000000
805635.000000
806386.000000
807141.000000
807921.000000
808726.000000
809524.000000
810300.000000
811060.000000
811809.000000
812558.000000
813336.000000
814142.000000
814937.000000
815709.000000
816476.000000
817243.000000
818015.000000
818826.000000
819619.000000
820390.000000
821163.000000
821917.000000
822671.000000
823414.000000
824143.000000
824870.000000
825600.000000
826351.000000
827144.000000
827927.000000
828715.000000
829495.000000
830311.000000
831116.000000
831888.000000
832653.000000
833437.000000
834247.000000
835047.000000
835829.000000
836599.000000
837377.000000
838165.000000
838945.000000
839712.000000
840477.000000
841252.000000
842041.000000
842833.000000
843620.000000
844399.000000
845175.000000
845966.000000
846781.000000
847574.000000
848350.000000
849115.000000
849869.000000
850651.000000
851434.000000
852212.000000
852968.000000
853716.000000
854460.000000
855213.000000
855986.000000
856766.000000
857536.000000
858294.000000
859041.000000
859787.000000
860533.000000
861263.000000
861984.000000
862708.000000
863431.000000
864191.000000
864981.000000
865766.000000
866540.000000
867311.000000
868066.000000
868831.000000
869617.000000
870391.000000
871146.000000
871892.000000
872633.000000
873378.000000
874138.000000
874907.000000
875668.000000
876456.000000
877265.000000
878066.000000
878853.000000
879610.000000
880367.000000
881137.000000
881894.000000
882640.000000
883387.000000
884136.000000
884891.000000
885673.000000
886446.000000
887214.000000
887958.000000
888698.000000
889441.000000
890207.000000
890972.000000
891728.000000
892467.000000
893203.000000
893945.000000
894701.000000
895447.000000
896185.000000
896910.000000
897635.000000
898378.000000
899147.000000
899926.000000
