Peaks (s)
292.000000
1109.000000
2180.000000
3291.000000
4307.000000
5370.000000
6452.000000
7488.000000
8654.000000
9748.000000
10825.000000
11970.000000
13022.000000
14122.000000
15306.000000
16366.000000
17523.000000
18609.000000
19731.000000
20876.000000
21907.000000
23002.000000
24145.000000
25165.000000
26275.000000
27379.000000
28437.000000
29522.000000
30545.000000
31576.000000
32598.000000
33583.000000
34656.000000
35715.000000
36795.000000
37948.000000
38998.000000
39992.000000
40977.000000
41934.000000
43094.000000
44288.000000
45512.000000
46737.000000
47834.000000
49016.000000
50104.000000
51202.000000
52352.000000
53391.000000
54541.000000
55632.000000
56722.000000
57872.000000
58907.000000
60035.000000
61073.000000
62158.000000
63340.000000
64367.000000
65532.000000
66642.000000
67619.000000
68690.000000
69835.000000
70977.000000
72193.000000
73318.000000
74491.000000
75634.000000
76697.000000
77853.000000
78969.000000
80113.000000
81329.000000
82405.000000
83570.000000
84788.000000
85893.000000
87127.000000
88279.000000
89465.000000
90655.000000
91706.000000
92845.000000
93934.000000
95031.000000
96211.000000
97305.000000
98493.000000
99697.000000
100796.000000
101940.000000
103008.000000
104141.000000
105356.000000
106490.000000
107696.000000
108918.000000
110220.000000
111540.000000
112710.000000
113904.000000
115025.000000
116136.000000
117315.000000
118375.000000
119514.000000
120714.000000
121797.000000
122943.000000
124098.000000
125172.000000
126298.000000
127454.000000
128562.000000
129628.000000
130797.000000
131923.000000
133030.000000
134156.000000
135187.000000
136213.000000
137397.000000
138530.000000
139565.000000
140704.000000
141804.000000
142842.000000
143959.000000
144967.000000
146022.000000
147120.000000
148198.000000
149347.000000
150535.000000
151585.000000
152697.000000
153805.000000
154897.000000
156101.000000
157214.000000
158321.000000
159465.000000
160489.000000
161587.000000
162752.000000
163792.000000
164942.000000
166074.000000
167114.000000
168249.000000
169274.000000
170338.000000
171503.000000
172600.000000
173761.000000
174985.000000
176134.000000
177368.000000
178518.000000
179670.000000
180884.000000
181974.000000
183138.000000
184331.000000
185451.000000
186648.000000
187773.000000
188918.000000
190113.000000
191193.000000
192339.000000
193423.000000
194484.000000
195598.000000
196638.000000
197780.000000
198905.000000
199910.000000
201032.000000
202121.000000
203203.000000
204410.000000
205527.000000
206656.000000
207868.000000
208951.000000
210073.000000
211291.000000
212386.000000
213540.000000
214656.000000
215709.000000
216820.000000
217855.000000
218902.000000
220035.000000
221096.000000
222101.000000
223181.000000
224268.000000
225392.000000
226586.000000
227690.000000
228871.000000
229998.000000
231027.000000
232099.000000
233139.000000
234201.000000
235373.000000
236507.000000
237686.000000
238897.000000
239979.000000
241144.000000
242214.000000
243161.000000
244131.000000
245151.000000
246185.000000
247347.000000
248443.000000
249583.000000
250734.000000
251732.000000
252789.000000
253841.000000
254816.000000
255921.000000
257001.000000
258068.000000
259189.000000
260229.000000
261270.000000
262306.000000
263251.000000
264318.000000
265510.000000
266620.000000
267808.000000
268915.000000
270003.000000
271139.000000
272167.000000
273329.000000
274511.000000
275642.000000
276810.000000
277866.000000
278944.000000
280077.000000
281081.000000
282118.000000
283254.000000
284299.000000
285523.000000
286721.000000
287865.000000
289043.000000
290087.000000
291142.000000
292215.000000
293241.000000
294405.000000
295512.000000
296650.000000
297847.000000
298926.000000
300020.000000
301214.000000
302353.000000
303550.000000
304660.000000
305768.000000
306970.000000
308040.000000
309202.000000
310360.000000
311502.000000
312678.000000
313692.000000
314732.000000
315896.000000
316934.000000
318076.000000
319243.000000
320323.000000
321470.000000
322539.000000
323597.000000
324672.000000
325666.000000
326649.000000
327725.000000
328739.000000
329835.000000
331065.000000
332132.000000
333089.000000
334007.000000
334879.000000
335901.000000
337106.000000
338131.000000
339177.000000
340270.000000
341267.000000
342317.000000
343466.000000
344511.000000
345576.000000
346682.000000
347645.000000
348657.000000
349720.000000
350691.000000
351767.000000
352900.000000
353937.000000
355019.000000
356096.000000
357050.000000
358025.000000
359027.000000
360005.000000
361052.000000
362114.000000
363083.000000
364067.000000
364974.000000
365864.000000
366843.000000
367834.000000
368796.000000
369857.000000
370909.000000
371976.000000
373026.000000
373974.000000
375030.000000
376108.000000
377187.000000
378318.000000
379325.000000
380407.000000
381507.000000
382539.000000
383630.000000
384827.000000
385884.000000
386993.000000
388122.000000
389154.000000
390310.000000
391439.000000
392551.000000
393698.000000
394755.000000
395852.000000
397006.000000
398025.000000
399126.000000
400346.000000
401480.000000
402732.000000
403939.000000
405008.000000
406150.000000
407282.000000
408302.000000
409347.000000
410569.000000
411719.000000
412850.000000
414045.000000
415118.000000
416242.000000
417401.000000
418446.000000
419581.000000
420746.000000
421776.000000
422909.000000
424063.000000
425071.000000
426230.000000
427473.000000
428572.000000
429758.000000
431000.000000
432091.000000
433286.000000
434516.000000
435606.000000
436807.000000
437930.000000
439103.000000
440292.000000
441356.000000
442522.000000
443694.000000
444788.000000
445965.000000
447098.000000
448296.000000
449559.000000
450728.000000
452003.000000
453296.000000
454426.000000
455640.000000
456657.000000
457534.000000
458448.000000
459815.000000
461112.000000
462195.000000
463317.000000
464492.000000
465554.000000
466701.000000
467834.000000
468966.000000
470228.000000
471359.000000
472565.000000
473733.000000
474762.000000
475897.000000
477053.000000
478102.000000
479256.000000
480406.000000
481429.000000
482577.000000
483752.000000
484810.000000
485935.000000
487055.000000
488093.000000
489211.000000
490323.000000
491363.000000
492449.000000
493501.000000
494563.000000
495704.000000
496795.000000
497877.000000
498986.000000
500050.000000
501118.000000
502282.000000
503385.000000
504591.000000
505809.000000
506921.000000
508124.000000
509323.000000
510394.000000
511574.000000
512812.000000
513914.000000
515102.000000
516333.000000
517451.000000
518664.000000
519902.000000
521040.000000
522288.000000
523460.000000
524627.000000
525849.000000
526967.000000
528212.000000
529455.000000
530637.000000
531885.000000
533043.000000
534276.000000
535487.000000
536564.000000
537727.000000
538850.000000
539985.000000
541198.000000
542326.000000
543526.000000
544726.000000
545797.000000
546939.000000
548048.000000
549115.000000
550267.000000
551349.000000
552481.000000
553629.000000
554683.000000
555817.000000
557001.000000
558051.000000
559176.000000
560292.000000
561314.000000
562424.000000
563517.000000
564555.000000
565640.000000
566814.000000
567869.000000
569060.000000
570235.000000
571439.000000
572671.000000
573758.000000
574908.000000
576024.000000
577176.000000
578337.000000
579416.000000
580639.000000
581765.000000
582899.000000
583957.000000
585008.000000
586093.000000
587136.000000
588298.000000
589440.000000
590482.000000
591586.000000
592713.000000
593741.000000
594888.000000
596016.000000
597043.000000
598119.000000
599167.000000
600127.000000
601161.000000
602225.000000
603292.000000
604448.000000
605560.000000
606649.000000
607754.000000
608785.000000
609844.000000
610830.000000
611881.000000
612989.000000
614009.000000
615122.000000
616189.000000
617294.000000
618438.000000
619523.000000
620776.000000
621949.000000
623150.000000
624337.000000
625397.000000
626646.000000
627838.000000
629055.000000
630304.000000
631401.000000
632573.000000
633687.000000
634778.000000
635910.000000
636981.000000
638118.000000
639270.000000
640311.000000
641483.000000
642645.000000
643794.000000
645020.000000
646153.000000
647314.000000
648533.000000
649640.000000
650793.000000
651990.000000
653090.000000
654314.000000
655458.000000
656563.000000
657747.000000
658899.000000
660063.000000
661257.000000
662313.000000
663406.000000
664507.000000
665508.000000
666639.000000
667778.000000
668907.000000
670120.000000
671225.000000
672418.000000
673606.000000
674676.000000
675836.000000
677007.000000
678164.000000
679377.000000
680505.000000
681666.000000
682854.000000
683892.000000
684978.000000
686165.000000
687247.000000
688443.000000
689605.000000
690696.000000
691781.000000
692767.000000
693773.000000
694873.000000
695956.000000
697055.000000
698189.000000
699211.000000
700265.000000
701405.000000
702507.000000
703624.000000
704758.000000
705770.000000
706864.000000
708026.000000
709040.000000
710036.000000
711217.000000
712508.000000
713704.000000
714946.000000
716067.000000
717265.000000
718455.000000
719516.000000
720655.000000
721826.000000
722866.000000
723989.000000
725083.000000
726223.000000
727404.000000
728463.000000
729537.000000
730643.000000
731697.000000
732843.000000
733990.000000
735023.000000
736143.000000
737243.000000
738267.000000
739340.000000
740341.000000
741327.000000
742414.000000
743477.000000
744572.000000
745733.000000
746811.000000
747841.000000
748862.000000
749819.000000
750792.000000
751863.000000
752896.000000
754013.000000
755142.000000
756201.000000
757302.000000
758398.000000
759362.000000
760398.000000
761484.000000
762483.000000
763583.000000
764749.000000
765789.000000
766887.000000
767965.000000
768913.000000
769911.000000
770958.000000
771924.000000
772960.000000
774071.000000
775126.000000
776196.000000
777319.000000
778362.000000
779457.000000
780593.000000
781600.000000
782703.000000
783793.000000
784817.000000
785961.000000
787011.000000
788080.000000
789181.000000
790194.000000
791265.000000
792409.000000
793474.000000
794674.000000
795842.000000
796899.000000
798036.000000
799139.000000
800251.000000
801453.000000
802588.000000
803781.000000
804910.000000
805999.000000
807079.000000
808075.000000
809146.000000
810319.000000
811344.000000
812449.000000
813507.000000
814562.000000
815752.000000
816893.000000
818092.000000
819357.000000
820500.000000
821678.000000
822916.000000
824041.000000
825238.000000
826474.000000
827604.000000
828835.000000
830017.000000
831221.000000
832485.000000
833645.000000
834854.000000
836059.000000
837216.000000
838441.000000
839617.000000
840842.000000
842084.000000
843213.000000
844379.000000
845599.000000
846736.000000
847960.000000
849138.000000
850267.000000
851444.000000
852535.000000
853663.000000
854859.000000
855971.000000
857162.000000
858374.000000
859446.000000
860567.000000
861730.000000
862795.000000
863943.000000
865119.000000
866202.000000
867340.000000
868376.000000
869414.000000
870527.000000
871606.000000
872715.000000
873876.000000
874923.000000
876005.000000
877109.000000
878102.000000
879227.000000
880420.000000
881494.000000
882635.000000
883791.000000
884867.000000
886013.000000
887179.000000
888287.000000
889484.000000
890578.000000
891672.000000
892780.000000
893799.000000
894900.000000
896067.000000
897199.000000
898356.000000
899522.000000
900542.000000
901631.000000
902741.000000
903793.000000
904914.000000
905982.000000
907021.000000
908076.000000
909116.000000
910208.000000
911393.000000
912479.000000
913644.000000
914842.000000
915923.000000
917055.000000
918209.000000
919241.000000
920347.000000
921523.000000
922580.000000
923741.000000
924898.000000
925993.000000
927169.000000
928278.000000
929326.000000
930412.000000
931440.000000
932482.000000
933586.000000
934603.000000
935672.000000
936772.000000
937792.000000
938903.000000
940021.000000
941048.000000
942213.000000
943336.000000
944441.000000
945636.000000
946712.000000
947837.000000
948936.000000
949940.000000
951040.000000
952241.000000
953325.000000
954501.000000
955657.000000
956762.000000
957909.000000
958978.000000
960064.000000
961196.000000
962285.000000
963382.000000
964543.000000
965659.000000
966855.000000
968051.000000
969185.000000
970387.000000
971555.000000
972687.000000
973919.000000
975047.000000
976270.000000
977520.000000
978618.000000
979807.000000
980962.000000
982090.000000
983282.000000
984393.000000
985616.000000
986842.000000
988019.000000
989301.000000
990455.000000
991655.000000
992852.000000
993964.000000
995218.000000
996374.000000
997504.000000
998709.000000
999807.000000
1000962.000000
1002165.000000
1003211.000000
1004310.000000
1005467.000000
1006494.000000
1007590.000000
1008697.000000
1009665.000000
1010660.000000
1011709.000000
1012700.000000
1013767.000000
1014885.000000
1015900.000000
1016990.000000
1018057.000000
1019004.000000
1020068.000000
1021158.000000
1022184.000000
1023322.000000
1024439.000000
1025525.000000
1026682.000000
1027808.000000
1028861.000000
1029911.000000
1030873.000000
1031872.000000
1033004.000000
1034149.000000
1035311.000000
1036493.000000
1037564.000000
1038735.000000
1039953.000000
1041022.000000
1042130.000000
1043229.000000
1044259.000000
1045430.000000
1046556.000000
1047695.000000
1048827.000000
1049823.000000
1050897.000000
1052026.000000
1053081.000000
1054199.000000
1055277.000000
1056252.000000
1057303.000000
1058366.000000
1059400.000000
1060497.000000
1061579.000000
1062721.000000
1063885.000000
1064965.000000
1066046.000000
1067004.000000
1068064.000000
1069133.000000
1070212.000000
1071405.000000
1072531.000000
1073665.000000
1074811.000000
1075796.000000
1076839.000000
1077930.000000
1078979.000000
1080168.000000
1081270.000000
1082382.000000
1083530.000000
1084586.000000
1085725.000000
1086890.000000
1088004.000000
1089212.000000
1090341.000000
1091514.000000
1092685.000000
1093754.000000
1094961.000000
1096163.000000
1097371.000000
1098629.000000
1099777.000000
1100934.000000
1102094.000000
1103149.000000
1104321.000000
1105364.000000
1106470.000000
1107721.000000
1108777.000000
1109905.000000
1111074.000000
1112104.000000
1113219.000000
1114274.000000
1115315.000000
1116409.000000
1117458.000000
1118541.000000
1119638.000000
1120610.000000
1121616.000000
1122688.000000
1123683.000000
1124782.000000
1125844.000000
1126896.000000
1128021.000000
1129088.000000
1130155.000000
1131244.000000
1132216.000000
1133281.000000
1134654.000000
1135833.000000
1137072.000000
1138251.000000
1139373.000000
1140523.000000
1141576.000000
1142742.000000
1143973.000000
1145082.000000
1146291.000000
1147517.000000
1148617.000000
1149803.000000
1150999.000000
1152110.000000
1153275.000000
1154362.000000
1155502.000000
1156692.000000
1157772.000000
1158948.000000
1160075.000000
1161169.000000
1162370.000000
1163534.000000
1164714.000000
1165859.000000
1166883.000000
1167973.000000
1168994.000000
1169995.000000
1171135.000000
1172229.000000
1173336.000000
1174449.000000
1175427.000000
1176461.000000
1177590.000000
1178661.000000
1179738.000000
1180850.000000
1181854.000000
1182906.000000
1183987.000000
1185011.000000
1186050.000000
1187164.000000
1188181.000000
1189253.000000
1190369.000000
1191404.000000
1192480.000000
1193597.000000
1194553.000000
1195556.000000
1196608.000000
1197656.000000
1198714.000000
1199803.000000
1200816.000000
1201878.000000
1202980.000000
1204026.000000
1205133.000000
1206292.000000
1207350.000000
1208426.000000
1209534.000000
1210648.000000
1211828.000000
1213100.000000
1214246.000000
1215399.000000
1216476.000000
1217599.000000
1218757.000000
1219828.000000
1221011.000000
1222229.000000
1223426.000000
1224536.000000
1225508.000000
1226643.000000
1227776.000000
1228915.000000
1230041.000000
1231166.000000
1232248.000000
1233216.000000
1234253.000000
1235249.000000
1236295.000000
1237341.000000
1238317.000000
1239425.000000
1240531.000000
1241607.000000
1242742.000000
1243739.000000
1244793.000000
1245838.000000
1246784.000000
1247781.000000
1248769.000000
1249683.000000
1250671.000000
1251922.000000
1253070.000000
1254215.000000
1255315.000000
1256271.000000
1257232.000000
1258214.000000
1259169.000000
1260223.000000
1261348.000000
1262370.000000
1263466.000000
1264510.000000
1265505.000000
1266512.000000
1267430.000000
1268346.000000
1269289.000000
1270234.000000
1271194.000000
1272238.000000
1273262.000000
1274246.000000
1275259.000000
1276198.000000
1277176.000000
1278220.000000
1279240.000000
1280266.000000
1281298.000000
1282255.000000
1283233.000000
1284238.000000
1285200.000000
1286190.000000
1287263.000000
1288295.000000
1289387.000000
1290495.000000
1291506.000000
1292625.000000
1293695.000000
1294736.000000
1295822.000000
1296828.000000
1297829.000000
1298864.000000
1299938.000000
1300968.000000
1302140.000000
1303190.000000
1304277.000000
1305380.000000
1306365.000000
1307380.000000
1308475.000000
1309571.000000
1310684.000000
1311866.000000
1312885.000000
1313885.000000
1314898.000000
1315843.000000
1316868.000000
1318018.000000
1319145.000000
1320251.000000
1321363.000000
1322370.000000
1323428.000000
1324519.000000
1325497.000000
1326492.000000
1327522.000000
1328540.000000
1329568.000000
1330663.000000
1331708.000000
1332759.000000
1333846.000000
1334884.000000
1335961.000000
1337092.000000
1338150.000000
1339220.000000
1340317.000000
1341319.000000
1342421.000000
1343567.000000
1344626.000000
1345816.000000
1346956.000000
1348026.000000
1349122.000000
1350078.000000
1351094.000000
1352159.000000
1353142.000000
1354196.000000
1355259.000000
1356238.000000
1357345.000000
1358463.000000
1359528.000000
1360596.000000
1361545.000000
1362545.000000
1363610.000000
1364617.000000
1365736.000000
1366930.000000
1368113.000000
1369298.000000
1370506.000000
1371569.000000
1372638.000000
1373713.000000
1374682.000000
1375758.000000
1376978.000000
1378089.000000
1379253.000000
1380443.000000
1381657.000000
1382909.000000
1384081.000000
1385207.000000
1386312.000000
1387306.000000
1388384.000000
1389531.000000
1390754.000000
1391970.000000
1393195.000000
1394332.000000
1395290.000000
1396261.000000
1397304.000000
1398362.000000
1399520.000000
1400601.000000
1401674.000000
1402723.000000
1403668.000000
1404650.000000
1405647.000000
1406607.000000
1407587.000000
1408609.000000
1409553.000000
1410578.000000
1411646.000000
1412658.000000
1413722.000000
1414769.000000
1415680.000000
1416636.000000
1417599.000000
1418533.000000
1419500.000000
1420590.000000
1421567.000000
1422571.000000
1423624.000000
1424570.000000
1425583.000000
1426641.000000
1427666.000000
1428797.000000
1429859.000000
1430922.000000
1431994.000000
1432947.000000
1433967.000000
1435072.000000
1436034.000000
1437143.000000
1438264.000000
1439234.000000
1440263.000000
1441289.000000
1442190.000000
1443164.000000
1444228.000000
1445241.000000
1446354.000000
1447504.000000
1448493.000000
1449545.000000
1450650.000000
1451648.000000
1452730.000000
1453799.000000
1454811.000000
1455857.000000
1457028.000000
1458178.000000
1459335.000000
1460524.000000
1461573.000000
1462643.000000
1463716.000000
1464686.000000
1465797.000000
1467011.000000
1468161.000000
1469331.000000
1470549.000000
1471631.000000
1472831.000000
1474015.000000
1475203.000000
1476422.000000
1477518.000000
1478661.000000
1479711.000000
1480880.000000
1482087.000000
1483271.000000
1484452.000000
1485472.000000
1486593.000000
1487732.000000
1488927.000000
1490312.000000
1491469.000000
1492681.000000
1493837.000000
1495018.000000
1496232.000000
1497353.000000
1498540.000000
1499679.000000
1500751.000000
1501850.000000
1502879.000000
1503979.000000
1505287.000000
1506430.000000
1507640.000000
1508869.000000
1509967.000000
1511162.000000
1512231.000000
1513351.000000
1514514.000000
1515600.000000
1516810.000000
1517958.000000
1519103.000000
1520324.000000
1521439.000000
1522607.000000
1523821.000000
1524960.000000
1526086.000000
1527257.000000
1528274.000000
1529332.000000
1530434.000000
1531478.000000
1532568.000000
1533722.000000
1534748.000000
1535799.000000
1536943.000000
1538003.000000
1539046.000000
1540085.000000
1541079.000000
1542090.000000
1543247.000000
1544461.000000
1545654.000000
1546816.000000
1547943.000000
1548970.000000
1550001.000000
1551040.000000
1552072.000000
1553053.000000
1554057.000000
1554999.000000
1555953.000000
1556828.000000
1557752.000000
1558684.000000
1559686.000000
1560725.000000
1561747.000000
1562797.000000
1563851.000000
1564758.000000
1565728.000000
1566760.000000
1567805.000000
1568984.000000
1569987.000000
1571033.000000
1572187.000000
1573150.000000
1574204.000000
1575227.000000
1576217.000000
1577327.000000
1578380.000000
1579501.000000
1580629.000000
1581667.000000
1582756.000000
1583792.000000
1584821.000000
1585872.000000
1586835.000000
1587848.000000
1588903.000000
1589915.000000
1591034.000000
1592076.000000
1593173.000000
1594274.000000
1595368.000000
1596524.000000
1597537.000000
1598572.000000
1599615.000000
1600631.000000
1601701.000000
1602712.000000
1603884.000000
1605002.000000
1606104.000000
1607182.000000
1608144.000000
1609197.000000
1610242.000000
1611378.000000
1612573.000000
1613673.000000
1614847.000000
1615899.000000
1617031.000000
1618123.000000
1619229.000000
1620383.000000
1621408.000000
1622522.000000
1623586.000000
1624641.000000
1625777.000000
1626829.000000
1627975.000000
1629132.000000
1630222.000000
1631312.000000
1632294.000000
1633350.000000
1634453.000000
1635503.000000
1636651.000000
1637712.000000
1638798.000000
1639875.000000
1640842.000000
1641869.000000
1642907.000000
1643940.000000
1645034.000000
1646080.000000
1647194.000000
1648340.000000
1649375.000000
1650450.000000
1651491.000000
1652528.000000
1653628.000000
1654685.000000
1655760.000000
1656892.000000
1657963.000000
1659079.000000
1660203.000000
1661221.000000
1662298.000000
1663339.000000
1664359.000000
1665440.000000
1666546.000000
1667720.000000
1668864.000000
1669880.000000
1670966.000000
1672002.000000
1673050.000000
1674158.000000
1675184.000000
1676341.000000
1677522.000000
1678565.000000
1679674.000000
1680747.000000
1681811.000000
1682948.000000
1684000.000000
1685117.000000
1686315.000000
1687425.000000
1688624.000000
1689760.000000
1690871.000000
1692067.000000
1693154.000000
1694313.000000
1695470.000000
1696520.000000
1697674.000000
1698783.000000
1699945.000000
1701192.000000
1702303.000000
1703498.000000
1704591.000000
1705678.000000
1706841.000000
1707906.000000
1709001.000000
1710105.000000
1711127.000000
1712251.000000
1713358.000000
1714471.000000
1715631.000000
1716700.000000
1717913.000000
1719115.000000
1720224.000000
1721382.000000
1722462.000000
1723526.000000
1724646.000000
1725733.000000
1726874.000000
1728105.000000
1729203.000000
1730403.000000
1731570.000000
1732660.000000
1733844.000000
1734982.000000
1736094.000000
1737248.000000
1738337.000000
1739477.000000
1740670.000000
1741734.000000
1742893.000000
1744021.000000
1745163.000000
1746342.000000
1747441.000000
1748593.000000
1749769.000000
1750831.000000
1751976.000000
1753133.000000
1754254.000000
1755409.000000
1756434.000000
1757533.000000
1758725.000000
1759832.000000
1760993.000000
1762051.000000
1763133.000000
1764232.000000
1765242.000000
1766334.000000
1767533.000000
1768651.000000
1769827.000000
1770989.000000
1772088.000000
1773255.000000
1774313.000000
1775336.000000
1776414.000000
1777473.000000
1778435.000000
1779548.000000
1780804.000000
1781898.000000
1783057.000000
1784225.000000
1785255.000000
1786299.000000
1787374.000000
1788391.000000
1789428.000000
1790524.000000
1791579.000000
1792657.000000
1793822.000000
1794949.000000
1796077.000000
1797196.000000
1798238.000000
1799277.000000
1800326.000000
