Peaks (s)
1157.000000
2105.000000
3052.000000
3977.000000
4878.000000
5794.000000
6731.000000
7681.000000
8640.000000
9565.000000
10491.000000
11437.000000
12396.000000
13355.000000
14316.000000
15248.000000
16184.000000
17140.000000
18094.000000
19035.000000
19972.000000
20926.000000
21905.000000
22889.000000
23877.000000
24870.000000
25862.000000
26851.000000
27825.000000
28791.000000
29770.000000
30748.000000
31713.000000
32658.000000
33587.000000
34546.000000
35515.000000
36503.000000
37499.000000
38479.000000
39442.000000
40414.000000
41415.000000
42411.000000
43410.000000
44388.000000
45340.000000
46288.000000
47254.000000
48221.000000
49192.000000
50140.000000
51085.000000
52043.000000
53031.000000
54022.000000
55021.000000
56029.000000
57028.000000
57995.000000
58943.000000
59879.000000
60820.000000
61788.000000
62771.000000
63767.000000
64777.000000
65780.000000
66770.000000
67773.000000
68771.000000
69759.000000
70731.000000
71679.000000
72630.000000
73601.000000
74577.000000
75567.000000
76571.000000
77589.000000
78578.000000
79547.000000
80516.000000
81506.000000
82500.000000
83492.000000
84477.000000
85463.000000
86434.000000
87412.000000
88413.000000
89413.000000
90414.000000
91387.000000
92346.000000
93294.000000
94265.000000
95243.000000
96228.000000
97205.000000
98177.000000
99155.000000
100122.000000
101069.000000
102004.000000
102969.000000
103948.000000
104928.000000
105917.000000
106884.000000
107841.000000
108811.000000
109810.000000
110807.000000
111799.000000
112774.000000
113739.000000
114703.000000
115639.000000
116580.000000
117531.000000
118508.000000
119494.000000
120490.000000
121468.000000
122422.000000
123366.000000
124339.000000
125330.000000
126323.000000
127313.000000
128284.000000
129237.000000
130193.000000
131181.000000
132181.000000
133181.000000
134149.000000
135105.000000
136076.000000
137059.000000
138053.000000
139047.000000
140043.000000
141041.000000
142032.000000
143015.000000
143972.000000
144956.000000
145949.000000
146948.000000
147919.000000
148903.000000
149913.000000
150934.000000
151956.000000
152936.000000
153933.000000
154946.000000
155959.000000
156932.000000
157893.000000
158866.000000
159870.000000
160887.000000
161905.000000
162921.000000
163925.000000
164890.000000
165820.000000
166742.000000
167664.000000
168613.000000
169575.000000
170535.000000
171470.000000
172410.000000
173386.000000
174368.000000
175334.000000
176283.000000
177236.000000
178210.000000
179191.000000
180158.000000
181128.000000
182076.000000
183029.000000
184008.000000
184988.000000
185970.000000
186934.000000
187907.000000
188901.000000
189887.000000
190859.000000
191811.000000
192756.000000
193729.000000
194725.000000
195725.000000
196697.000000
197656.000000
198641.000000
199621.000000
200586.000000
201531.000000
202490.000000
203476.000000
204467.000000
205455.000000
206428.000000
207391.000000
208369.000000
209366.000000
210367.000000
211367.000000
212335.000000
213283.000000
214246.000000
215227.000000
216226.000000
217223.000000
218192.000000
219158.000000
220157.000000
221147.000000
222124.000000
223079.000000
224046.000000
225028.000000
226006.000000
226978.000000
227931.000000
228866.000000
229793.000000
230746.000000
231714.000000
232712.000000
233714.000000
234717.000000
235701.000000
236696.000000
237683.000000
238659.000000
239607.000000
240561.000000
241510.000000
242445.000000
243372.000000
244333.000000
245302.000000
246284.000000
247240.000000
248188.000000
249171.000000
250156.000000
251119.000000
252074.000000
253042.000000
254004.000000
254947.000000
255914.000000
256875.000000
257825.000000
258753.000000
259705.000000
260682.000000
261677.000000
262670.000000
263652.000000
264673.000000
265688.000000
266693.000000
267664.000000
268647.000000
269626.000000
270597.000000
271546.000000
272522.000000
273498.000000
274461.000000
275409.000000
276370.000000
277343.000000
278314.000000
279276.000000
280272.000000
281276.000000
282255.000000
283242.000000
284231.000000
285201.000000
286152.000000
287128.000000
288111.000000
289073.000000
290052.000000
291036.000000
292000.000000
292957.000000
293924.000000
294867.000000
295800.000000
296767.000000
297732.000000
298686.000000
299663.000000
300636.000000
301587.000000
302553.000000
303531.000000
304489.000000
305453.000000
306436.000000
307399.000000
308368.000000
309374.000000
310366.000000
311323.000000
312305.000000
313287.000000
314246.000000
315200.000000
316171.000000
317144.000000
318092.000000
319058.000000
320031.000000
320982.000000
321951.000000
322930.000000
323892.000000
324842.000000
325826.000000
326811.000000
327771.000000
328753.000000
329743.000000
330723.000000
331682.000000
332649.000000
333584.000000
334512.000000
335437.000000
336330.000000
337229.000000
338136.000000
339048.000000
339944.000000
340856.000000
341795.000000
342725.000000
343635.000000
344544.000000
345473.000000
346402.000000
347322.000000
348267.000000
349225.000000
350146.000000
351067.000000
352008.000000
352953.000000
353929.000000
354890.000000
355830.000000
356800.000000
357770.000000
358724.000000
359664.000000
360635.000000
361623.000000
362593.000000
363563.000000
364529.000000
365478.000000
366422.000000
367392.000000
368367.000000
369335.000000
370295.000000
371278.000000
372271.000000
373224.000000
374178.000000
375143.000000
376091.000000
377024.000000
377974.000000
378926.000000
379859.000000
380817.000000
381787.000000
382732.000000
383683.000000
384652.000000
385622.000000
386559.000000
387504.000000
388467.000000
389420.000000
390367.000000
391337.000000
392308.000000
393273.000000
394219.000000
395178.000000
396101.000000
397033.000000
397952.000000
398864.000000
399803.000000
400748.000000
401699.000000
402630.000000
403592.000000
404565.000000
405515.000000
406455.000000
407417.000000
408382.000000
409336.000000
410287.000000
411271.000000
412258.000000
413216.000000
414192.000000
415171.000000
416137.000000
417087.000000
418049.000000
419009.000000
419946.000000
420874.000000
421839.000000
422809.000000
423763.000000
424721.000000
425706.000000
426686.000000
427657.000000
428615.000000
429605.000000
430587.000000
431540.000000
432491.000000
433477.000000
434470.000000
435460.000000
436430.000000
437414.000000
438418.000000
439423.000000
440386.000000
441374.000000
442353.000000
443315.000000
444276.000000
445267.000000
446266.000000
447246.000000
448215.000000
449206.000000
450187.000000
451147.000000
452117.000000
453096.000000
454039.000000
454968.000000
455916.000000
456870.000000
457800.000000
458734.000000
459695.000000
460657.000000
461595.000000
462552.000000
463516.000000
464460.000000
465391.000000
466332.000000
467267.000000
468186.000000
469135.000000
470095.000000
471036.000000
471993.000000
472948.000000
473886.000000
474829.000000
475779.000000
476724.000000
477648.000000
478588.000000
479545.000000
480486.000000
481397.000000
482325.000000
483232.000000
484111.000000
485011.000000
485927.000000
486822.000000
487730.000000
488647.000000
489555.000000
490453.000000
491369.000000
492301.000000
493242.000000
494196.000000
495163.000000
496096.000000
497031.000000
497977.000000
498927.000000
499854.000000
500777.000000
501727.000000
502659.000000
503572.000000
504501.000000
505432.000000
506343.000000
507273.000000
508210.000000
509151.000000
510087.000000
511054.000000
512025.000000
512971.000000
513919.000000
514879.000000
515828.000000
516754.000000
517698.000000
518648.000000
519579.000000
520497.000000
521438.000000
522391.000000
523339.000000
524269.000000
525219.000000
526172.000000
527115.000000
528039.000000
528976.000000
529913.000000
530826.000000
531756.000000
532706.000000
533660.000000
534598.000000
535564.000000
536528.000000
537461.000000
538401.000000
539349.000000
540271.000000
541183.000000
542126.000000
543082.000000
544022.000000
544976.000000
545936.000000
546879.000000
547816.000000
548767.000000
549718.000000
550644.000000
551588.000000
552543.000000
553480.000000
554427.000000
555395.000000
556363.000000
557318.000000
558293.000000
559267.000000
560216.000000
561180.000000
562146.000000
563085.000000
564031.000000
564989.000000
565937.000000
566878.000000
567842.000000
568802.000000
569741.000000
570710.000000
571677.000000
572633.000000
573604.000000
574554.000000
575496.000000
576466.000000
577441.000000
578387.000000
579326.000000
580289.000000
581254.000000
582207.000000
583154.000000
584131.000000
585108.000000
586063.000000
587025.000000
587996.000000
588951.000000
589891.000000
590847.000000
591793.000000
592720.000000
593669.000000
594630.000000
595572.000000
596499.000000
597450.000000
598394.000000
599310.000000
600232.000000
601170.000000
602103.000000
603020.000000
603961.000000
604912.000000
605846.000000
606772.000000
607719.000000
608671.000000
609598.000000
610544.000000
611510.000000
612448.000000
613392.000000
614344.000000
615296.000000
616221.000000
617175.000000
618124.000000
619051.000000
620003.000000
620954.000000
621891.000000
622824.000000
623772.000000
624711.000000
625625.000000
626558.000000
627498.000000
628431.000000
629369.000000
630325.000000
631268.000000
632208.000000
633171.000000
634111.000000
635039.000000
635997.000000
636956.000000
637895.000000
638847.000000
639820.000000
640780.000000
641724.000000
642701.000000
643676.000000
644619.000000
645575.000000
646537.000000
647491.000000
648418.000000
649362.000000
650268.000000
651154.000000
652059.000000
652976.000000
653884.000000
654811.000000
655755.000000
656697.000000
657609.000000
658543.000000
659475.000000
660398.000000
661317.000000
662274.000000
663241.000000
664183.000000
665142.000000
666122.000000
667098.000000
668046.000000
669009.000000
669982.000000
670924.000000
671876.000000
672850.000000
673815.000000
674766.000000
675732.000000
676704.000000
677650.000000
678598.000000
679557.000000
680521.000000
681460.000000
682421.000000
683394.000000
684363.000000
685312.000000
686286.000000
687263.000000
688214.000000
689184.000000
690157.000000
691100.000000
692052.000000
693027.000000
693997.000000
694939.000000
695896.000000
696862.000000
697820.000000
698775.000000
699750.000000
700728.000000
701701.000000
702662.000000
703640.000000
704616.000000
705569.000000
706535.000000
707513.000000
708474.000000
709428.000000
710402.000000
711375.000000
712326.000000
713287.000000
714270.000000
715250.000000
716218.000000
717207.000000
718196.000000
719147.000000
720109.000000
721075.000000
722021.000000
722979.000000
723965.000000
724938.000000
725907.000000
726901.000000
727877.000000
728859.000000
729859.000000
730846.000000
731820.000000
732823.000000
733819.000000
734791.000000
735774.000000
736720.000000
737697.000000
738680.000000
739648.000000
740642.000000
741649.000000
742616.000000
743583.000000
744581.000000
745584.000000
746559.000000
747541.000000
748531.000000
749490.000000
750441.000000
751415.000000
752375.000000
753315.000000
754276.000000
755245.000000
756198.000000
757150.000000
758124.000000
759103.000000
760059.000000
761028.000000
762016.000000
763010.000000
763982.000000
764974.000000
765973.000000
766939.000000
767914.000000
768900.000000
769881.000000
770846.000000
771832.000000
772826.000000
773786.000000
774747.000000
775736.000000
776724.000000
777689.000000
778636.000000
779605.000000
780573.000000
781516.000000
782465.000000
783428.000000
784383.000000
785328.000000
786289.000000
787268.000000
788232.000000
789182.000000
790159.000000
791134.000000
792071.000000
793014.000000
793970.000000
794918.000000
795857.000000
796822.000000
797789.000000
798742.000000
799696.000000
800671.000000
801648.000000
802597.000000
803565.000000
804552.000000
805538.000000
806500.000000
807490.000000
808480.000000
809475.000000
810442.000000
811430.000000
812409.000000
813358.000000
814332.000000
815309.000000
816287.000000
817245.000000
818219.000000
819203.000000
820175.000000
821146.000000
822131.000000
823109.000000
824073.000000
825063.000000
826042.000000
827006.000000
827993.000000
828990.000000
829964.000000
830954.000000
831957.000000
832951.000000
833921.000000
834911.000000
835897.000000
836860.000000
837824.000000
838795.000000
839773.000000
840729.000000
841703.000000
842687.000000
843681.000000
844666.000000
845672.000000
846675.000000
847649.000000
848608.000000
849594.000000
850582.000000
851546.000000
852493.000000
853470.000000
854446.000000
855385.000000
856314.000000
857269.000000
858198.000000
859153.000000
860090.000000
861001.000000
861907.000000
862821.000000
863722.000000
864629.000000
865551.000000
866479.000000
867417.000000
868336.000000
869281.000000
870237.000000
871198.000000
872124.000000
873092.000000
874055.000000
875018.000000
875965.000000
876947.000000
877945.000000
878946.000000
879913.000000
880903.000000
881892.000000
882839.000000
883799.000000
884773.000000
885757.000000
886701.000000
887669.000000
888644.000000
889624.000000
890592.000000
891541.000000
892514.000000
893495.000000
894484.000000
895449.000000
896407.000000
897385.000000
898361.000000
899328.000000
