Peaks (s)
1026.000000
2305.000000
3562.000000
4785.000000
5804.000000
7120.000000
8389.000000
9579.000000
10850.000000
12140.000000
13345.000000
14459.000000
15808.000000
17070.000000
18117.000000
19451.000000
20732.000000
21748.000000
23098.000000
24309.000000
25336.000000
26681.000000
27929.000000
29025.000000
30272.000000
31562.000000
32695.000000
33938.000000
35206.000000
36193.000000
37392.000000
38591.000000
39533.000000
40761.000000
42016.000000
42946.000000
44123.000000
45356.000000
46263.000000
47548.000000
48773.000000
49749.000000
51040.000000
52277.000000
53371.000000
54542.000000
55771.000000
56817.000000
57904.000000
59162.000000
60304.000000
61361.000000
62673.000000
63868.000000
64886.000000
66108.000000
67296.000000
68301.000000
69574.000000
70801.000000
71881.000000
73129.000000
74378.000000
75464.000000
76358.000000
77631.000000
78799.000000
79657.000000
81019.000000
82214.000000
83123.000000
84419.000000
85569.000000
86461.000000
87791.000000
88951.000000
89941.000000
91220.000000
92366.000000
93349.000000
94631.000000
95753.000000
96746.000000
98024.000000
99233.000000
100194.000000
101465.000000
102709.000000
103765.000000
104841.000000
106069.000000
107007.000000
108263.000000
109464.000000
110378.000000
111436.000000
112729.000000
113750.000000
114728.000000
115988.000000
116932.000000
117825.000000
118711.000000
119547.000000
120935.000000
122002.000000
123360.000000
124617.000000
125644.000000
126862.000000
128152.000000
129344.000000
130372.000000
131671.000000
132813.000000
133709.000000
135076.000000
136311.000000
137408.000000
138715.000000
139909.000000
140959.000000
142266.000000
143463.000000
144435.000000
145766.000000
147004.000000
147975.000000
149291.000000
150563.000000
151554.000000
152819.000000
154085.000000
155175.000000
156407.000000
157665.000000
158822.000000
160026.000000
161299.000000
162329.000000
163457.000000
164799.000000
166063.000000
167148.000000
168484.000000
169325.000000
170156.000000
171529.000000
172780.000000
173820.000000
175040.000000
176283.000000
177272.000000
178551.000000
179839.000000
181087.000000
182138.000000
183441.000000
184658.000000
185606.000000
186916.000000
188193.000000
189162.000000
190542.000000
191835.000000
192978.000000
194158.000000
195454.000000
196606.000000
197485.000000
198818.000000
200155.000000
201373.000000
202687.000000
203979.000000
205062.000000
206356.000000
207651.000000
208841.000000
210123.000000
211402.000000
212527.000000
213786.000000
215120.000000
216356.000000
217431.000000
218750.000000
219936.000000
221070.000000
222353.000000
223305.000000
224483.000000
225726.000000
226731.000000
228090.000000
229418.000000
230698.000000
231913.000000
233028.000000
234253.000000
235527.000000
236670.000000
237509.000000
238584.000000
239880.000000
240714.000000
241499.000000
242859.000000
244078.000000
245099.000000
246095.000000
247308.000000
248536.000000
249543.000000
250718.000000
251919.000000
252966.000000
253999.000000
255240.000000
256505.000000
257720.000000
258725.000000
259998.000000
261210.000000
262321.000000
263292.000000
264594.000000
265763.000000
267042.000000
268333.000000
269477.000000
270701.000000
271980.000000
273186.000000
274328.000000
275632.000000
276829.000000
277853.000000
279202.000000
280492.000000
281687.000000
282750.000000
284059.000000
284976.000000
285743.000000
286611.000000
288028.000000
289324.000000
290644.000000
291904.000000
293122.000000
294132.000000
295347.000000
296659.000000
297883.000000
298889.000000
299819.000000
301177.000000
302413.000000
303466.000000
304525.000000
305781.000000
306929.000000
307889.000000
309212.000000
310471.000000
311679.000000
312833.000000
314131.000000
315369.000000
316605.000000
317605.000000
318891.000000
320078.000000
320915.000000
321674.000000
323071.000000
324339.000000
325244.000000
326547.000000
327794.000000
328751.000000
330031.000000
331276.000000
332234.000000
333508.000000
334748.000000
335717.000000
336989.000000
338304.000000
339377.000000
340605.000000
341800.000000
342712.000000
343974.000000
345208.000000
346164.000000
347457.000000
348714.000000
349701.000000
350977.000000
352235.000000
353377.000000
354647.000000
355833.000000
356939.000000
358081.000000
358978.000000
359825.000000
361099.000000
362334.000000
363451.000000
364539.000000
365813.000000
366998.000000
367928.000000
369214.000000
370460.000000
371483.000000
372795.000000
374088.000000
375187.000000
376220.000000
377531.000000
378705.000000
379685.000000
380965.000000
382219.000000
383171.000000
384066.000000
385470.000000
386735.000000
387704.000000
389036.000000
390251.000000
391186.000000
392463.000000
393644.000000
394603.000000
395831.000000
397056.000000
398032.000000
399200.000000
400437.000000
401392.000000
402562.000000
403806.000000
404783.000000
405748.000000
407035.000000
408158.000000
409169.000000
410430.000000
411513.000000
412493.000000
413749.000000
414917.000000
415801.000000
417110.000000
418373.000000
419476.000000
420593.000000
421878.000000
423047.000000
424143.000000
425436.000000
426648.000000
427746.000000
429024.000000
430260.000000
431275.000000
432476.000000
433761.000000
434925.000000
435894.000000
437215.000000
438390.000000
439307.000000
440623.000000
441864.000000
442888.000000
444191.000000
445319.000000
446239.000000
447533.000000
448583.000000
449608.000000
450594.000000
451460.000000
452761.000000
453602.000000
454479.000000
455820.000000
457074.000000
458195.000000
459325.000000
460550.000000
461739.000000
462790.000000
464011.000000
465251.000000
466400.000000
467424.000000
468682.000000
469843.000000
470791.000000
472105.000000
473339.000000
474274.000000
475529.000000
476735.000000
477731.000000
478966.000000
480190.000000
481219.000000
482293.000000
483554.000000
484767.000000
485811.000000
487110.000000
488312.000000
489305.000000
490564.000000
491851.000000
493019.000000
493984.000000
495320.000000
496557.000000
497656.000000
498908.000000
500198.000000
501394.000000
502344.000000
503662.000000
504927.000000
506008.000000
507244.000000
508517.000000
509534.000000
510736.000000
512005.000000
513174.000000
514256.000000
515560.000000
516783.000000
517788.000000
519057.000000
520294.000000
521366.000000
522419.000000
523694.000000
524868.000000
525908.000000
527185.000000
528403.000000
529415.000000
530691.000000
531870.000000
532891.000000
534197.000000
535360.000000
536206.000000
536968.000000
538390.000000
539698.000000
540969.000000
542211.000000
543381.000000
544674.000000
545941.000000
547121.000000
548345.000000
549656.000000
550923.000000
552137.000000
553354.000000
554642.000000
555867.000000
556917.000000
558215.000000
559503.000000
560683.000000
561748.000000
563117.000000
564403.000000
565557.000000
566883.000000
568161.000000
569268.000000
570554.000000
571769.000000
572903.000000
574068.000000
575329.000000
576439.000000
577616.000000
578880.000000
580077.000000
581124.000000
582429.000000
583656.000000
584638.000000
585939.000000
587162.000000
588309.000000
589601.000000
590800.000000
591911.000000
593208.000000
594406.000000
595569.000000
596880.000000
598073.000000
599107.000000
600405.000000
601603.000000
602848.000000
604163.000000
605231.000000
606467.000000
607723.000000
608806.000000
