Peaks (s)
1182.000000
2052.000000
2984.000000
3885.000000
4777.000000
5646.000000
6456.000000
7344.000000
8267.000000
9105.000000
10050.000000
10931.000000
11791.000000
12785.000000
13669.000000
14556.000000
15450.000000
16340.000000
17157.000000
18035.000000
18874.000000
19653.000000
20460.000000
21259.000000
22202.000000
23214.000000
24032.000000
24907.000000
25969.000000
27067.000000
27914.000000
28796.000000
29737.000000
30588.000000
31441.000000
32437.000000
33368.000000
34196.000000
35119.000000
36110.000000
36987.000000
37920.000000
38922.000000
39799.000000
40771.000000
41720.000000
42589.000000
43513.000000
44407.000000
45248.000000
46173.000000
47056.000000
48016.000000
48896.000000
49747.000000
50641.000000
51509.000000
52389.000000
53342.000000
54258.000000
55102.000000
56020.000000
56915.000000
57757.000000
58669.000000
59557.000000
60424.000000
61343.000000
62212.000000
63155.000000
64241.000000
65137.000000
66090.000000
67110.000000
67983.000000
68885.000000
69911.000000
70781.000000
71722.000000
72667.000000
73530.000000
74548.000000
75479.000000
76324.000000
77292.000000
78228.000000
79074.000000
80011.000000
80944.000000
81794.000000
82568.000000
83371.000000
84716.000000
85830.000000
86820.000000
87648.000000
88505.000000
89395.000000
90231.000000
91136.000000
92055.000000
92903.000000
93847.000000
94827.000000
95713.000000
96732.000000
97627.000000
98494.000000
99445.000000
100334.000000
101204.000000
102127.000000
102989.000000
103920.000000
104838.000000
105710.000000
106646.000000
107531.000000
108479.000000
109338.000000
110150.000000
111037.000000
112012.000000
112867.000000
113717.000000
114624.000000
115500.000000
116367.000000
117511.000000
118234.000000
119080.000000
119870.000000
120710.000000
121619.000000
122519.000000
123440.000000
124284.000000
125130.000000
126030.000000
126917.000000
127778.000000
128705.000000
129590.000000
130447.000000
131384.000000
132298.000000
133156.000000
134140.000000
135033.000000
135941.000000
136851.000000
137723.000000
138672.000000
139567.000000
140493.000000
141451.000000
142327.000000
143199.000000
144148.000000
145046.000000
145910.000000
146845.000000
147796.000000
148661.000000
149528.000000
150445.000000
151343.000000
152216.000000
153063.000000
153834.000000
154631.000000
155480.000000
156416.000000
157290.000000
158196.000000
159167.000000
160063.000000
160986.000000
161960.000000
162829.000000
163721.000000
164631.000000
165506.000000
166386.000000
167355.000000
168280.000000
169122.000000
169996.000000
170884.000000
171715.000000
172564.000000
173899.000000
174957.000000
176017.000000
176953.000000
177830.000000
178705.000000
179589.000000
180401.000000
181259.000000
182222.000000
183062.000000
183943.000000
185042.000000
186019.000000
186971.000000
187830.000000
188652.000000
189540.000000
190493.000000
191341.000000
192246.000000
193554.000000
194552.000000
195573.000000
196585.000000
197439.000000
198302.000000
199251.000000
200195.000000
201094.000000
202046.000000
202920.000000
203808.000000
204720.000000
205608.000000
206518.000000
207445.000000
208371.000000
209239.000000
210199.000000
211146.000000
212036.000000
212889.000000
213815.000000
214736.000000
215613.000000
216564.000000
217468.000000
218318.000000
219221.000000
220118.000000
220961.000000
221886.000000
222838.000000
223680.000000
224567.000000
225404.000000
226273.000000
227184.000000
228038.000000
228934.000000
229840.000000
230691.000000
231585.000000
232421.000000
233240.000000
233986.000000
234752.000000
235557.000000
236351.000000
237143.000000
237884.000000
238991.000000
239842.000000
240774.000000
241662.000000
242511.000000
243484.000000
244532.000000
245426.000000
246399.000000
247352.000000
248213.000000
249100.000000
249978.000000
250832.000000
251762.000000
252676.000000
253597.000000
254539.000000
255500.000000
256443.000000
257280.000000
258165.000000
259121.000000
260048.000000
260941.000000
262001.000000
262990.000000
263860.000000
264761.000000
265600.000000
266477.000000
267400.000000
268276.000000
269187.000000
270302.000000
271243.000000
272256.000000
273198.000000
274051.000000
274992.000000
275963.000000
276835.000000
277728.000000
278724.000000
279631.000000
280473.000000
281385.000000
282266.000000
283091.000000
283998.000000
285314.000000
286361.000000
287384.000000
288328.000000
289147.000000
290045.000000
290990.000000
291897.000000
292840.000000
293734.000000
294583.000000
295497.000000
296395.000000
297273.000000
298117.000000
298940.000000
299799.000000
300665.000000
301548.000000
302432.000000
303317.000000
304135.000000
304939.000000
305880.000000
306745.000000
307552.000000
308488.000000
309452.000000
310383.000000
311292.000000
312186.000000
313007.000000
313816.000000
314751.000000
315783.000000
316729.000000
317648.000000
318475.000000
319274.000000
320154.000000
321491.000000
322638.000000
323656.000000
324522.000000
325368.000000
326243.000000
327150.000000
327997.000000
328840.000000
329733.000000
330648.000000
331560.000000
332429.000000
333292.000000
334113.000000
334935.000000
335707.000000
336531.000000
337363.000000
338207.000000
339095.000000
339983.000000
340830.000000
341661.000000
342537.000000
343419.000000
344215.000000
345016.000000
345850.000000
346666.000000
347655.000000
348611.000000
349544.000000
350395.000000
351243.000000
352144.000000
353026.000000
353870.000000
354765.000000
355657.000000
356549.000000
357397.000000
358253.000000
359161.000000
360028.000000
360903.000000
361818.000000
362674.000000
363598.000000
364501.000000
365359.000000
366294.000000
367228.000000
368096.000000
369030.000000
369913.000000
370799.000000
371740.000000
372714.000000
373596.000000
374535.000000
375482.000000
376334.000000
377116.000000
377899.000000
378730.000000
379686.000000
380547.000000
381479.000000
382414.000000
383267.000000
384212.000000
385183.000000
386063.000000
387002.000000
387963.000000
388872.000000
389791.000000
390625.000000
391443.000000
392363.000000
393332.000000
394213.000000
395208.000000
396260.000000
397175.000000
398045.000000
399002.000000
399924.000000
400797.000000
401800.000000
402749.000000
403653.000000
404635.000000
405603.000000
406466.000000
407466.000000
408442.000000
409295.000000
410231.000000
411184.000000
412061.000000
413002.000000
414073.000000
415040.000000
415953.000000
416815.000000
417741.000000
418629.000000
419547.000000
420506.000000
421412.000000
422273.000000
423217.000000
424177.000000
425048.000000
426023.000000
426962.000000
427854.000000
428779.000000
429671.000000
430576.000000
431502.000000
432377.000000
433297.000000
434297.000000
435200.000000
436075.000000
437021.000000
437917.000000
438815.000000
439742.000000
440670.000000
441510.000000
442431.000000
443758.000000
444736.000000
445654.000000
446551.000000
447405.000000
448201.000000
449062.000000
449949.000000
450802.000000
451704.000000
452557.000000
453426.000000
454273.000000
455286.000000
456246.000000
457170.000000
458156.000000
459046.000000
459989.000000
460940.000000
461896.000000
462851.000000
463739.000000
464686.000000
465646.000000
466528.000000
467432.000000
468349.000000
469234.000000
470158.000000
471114.000000
472000.000000
472868.000000
473810.000000
474904.000000
475920.000000
476809.000000
477675.000000
478585.000000
479457.000000
480306.000000
481252.000000
482182.000000
483069.000000
484009.000000
484895.000000
485797.000000
486745.000000
487657.000000
488575.000000
489461.000000
490350.000000
491255.000000
492116.000000
492998.000000
493939.000000
494896.000000
495773.000000
496669.000000
497667.000000
498624.000000
499455.000000
500340.000000
501238.000000
502080.000000
502900.000000
503816.000000
504840.000000
505738.000000
506612.000000
507536.000000
508555.000000
509473.000000
510338.000000
511251.000000
512163.000000
513083.000000
513952.000000
514787.000000
515717.000000
516709.000000
517612.000000
518466.000000
519374.000000
520292.000000
521170.000000
522048.000000
522978.000000
523919.000000
524860.000000
525799.000000
526675.000000
527553.000000
528434.000000
529329.000000
530179.000000
531102.000000
532026.000000
532878.000000
533768.000000
534672.000000
535531.000000
536305.000000
537140.000000
537968.000000
538768.000000
539595.000000
540486.000000
541336.000000
542207.000000
543120.000000
543987.000000
544824.000000
545725.000000
546636.000000
547479.000000
548317.000000
549228.000000
550181.000000
551058.000000
551951.000000
552903.000000
553854.000000
554789.000000
555699.000000
556542.000000
557422.000000
558321.000000
559199.000000
560112.000000
561000.000000
561863.000000
562706.000000
563573.000000
564554.000000
565485.000000
566341.000000
567278.000000
568234.000000
569098.000000
570015.000000
571105.000000
572063.000000
572965.000000
573909.000000
574804.000000
575634.000000
576527.000000
577868.000000
578872.000000
579764.000000
580681.000000
581612.000000
582464.000000
583281.000000
584182.000000
585130.000000
586016.000000
586869.000000
587772.000000
588663.000000
589571.000000
590422.000000
591285.000000
592188.000000
593111.000000
594022.000000
594894.000000
595745.000000
596644.000000
597572.000000
598449.000000
599343.000000
600262.000000
601144.000000
601996.000000
602901.000000
603807.000000
604620.000000
605426.000000
606337.000000
607162.000000
607975.000000
608812.000000
609641.000000
610521.000000
611475.000000
612373.000000
613247.000000
614207.000000
615153.000000
616035.000000
616951.000000
617909.000000
618796.000000
619627.000000
620500.000000
621494.000000
622472.000000
623425.000000
624313.000000
625162.000000
626048.000000
626968.000000
627834.000000
628736.000000
629655.000000
630531.000000
631410.000000
632334.000000
633283.000000
634156.000000
635072.000000
636012.000000
636917.000000
637811.000000
638734.000000
639629.000000
640482.000000
641370.000000
642265.000000
643121.000000
644038.000000
644953.000000
645819.000000
646766.000000
647723.000000
648617.000000
649601.000000
650541.000000
651399.000000
652308.000000
653242.000000
654165.000000
655018.000000
655901.000000
656874.000000
657871.000000
658810.000000
659724.000000
660609.000000
661462.000000
662319.000000
663240.000000
664147.000000
665005.000000
665912.000000
666846.000000
667737.000000
668617.000000
669541.000000
670495.000000
671414.000000
672345.000000
673220.000000
674078.000000
674947.000000
675750.000000
676546.000000
677412.000000
678238.000000
679086.000000
679984.000000
680886.000000
681808.000000
682658.000000
683523.000000
684441.000000
685309.000000
686175.000000
687106.000000
687995.000000
688851.000000
689780.000000
690712.000000
691559.000000
692499.000000
693430.000000
694287.000000
695221.000000
696202.000000
697076.000000
698067.000000
699037.000000
699972.000000
700884.000000
701723.000000
702602.000000
703540.000000
704448.000000
705333.000000
706274.000000
707186.000000
708038.000000
708939.000000
709880.000000
710758.000000
711614.000000
712571.000000
713515.000000
714397.000000
715329.000000
716221.000000
717103.000000
718066.000000
718949.000000
719807.000000
720714.000000
721597.000000
722494.000000
723448.000000
724363.000000
725238.000000
726074.000000
726921.000000
727771.000000
728612.000000
729462.000000
730326.000000
731206.000000
732056.000000
732923.000000
733842.000000
734678.000000
735541.000000
736450.000000
737355.000000
738175.000000
739198.000000
740471.000000
741590.000000
742492.000000
743300.000000
744121.000000
744903.000000
745693.000000
746579.000000
747430.000000
748295.000000
749242.000000
750141.000000
751002.000000
751980.000000
752904.000000
753773.000000
754737.000000
755729.000000
756593.000000
757516.000000
758445.000000
759363.000000
760209.000000
761122.000000
762061.000000
762919.000000
763814.000000
764729.000000
765622.000000
766512.000000
767423.000000
768295.000000
769140.000000
770049.000000
770954.000000
771801.000000
772721.000000
773604.000000
774448.000000
775382.000000
776352.000000
777227.000000
778104.000000
779028.000000
779977.000000
780935.000000
781813.000000
782713.000000
783668.000000
784609.000000
785484.000000
786431.000000
787485.000000
788391.000000
789240.000000
790155.000000
791107.000000
792013.000000
792894.000000
793807.000000
794604.000000
795438.000000
796303.000000
797171.000000
798077.000000
799016.000000
799912.000000
800908.000000
801828.000000
802688.000000
803601.000000
804582.000000
805449.000000
806365.000000
807296.000000
808179.000000
809076.000000
810051.000000
810944.000000
811806.000000
812737.000000
813689.000000
814635.000000
815530.000000
816410.000000
817302.000000
818168.000000
818999.000000
819874.000000
820766.000000
821612.000000
822498.000000
823412.000000
824295.000000
825116.000000
826007.000000
826932.000000
827798.000000
828746.000000
829709.000000
830641.000000
831531.000000
832411.000000
833311.000000
834228.000000
835065.000000
835958.000000
836907.000000
837834.000000
838691.000000
839601.000000
840520.000000
841408.000000
842289.000000
843236.000000
844151.000000
845010.000000
845917.000000
846747.000000
847529.000000
848367.000000
849189.000000
849976.000000
850795.000000
851625.000000
852414.000000
853316.000000
854265.000000
855134.000000
855978.000000
856849.000000
857686.000000
858512.000000
859451.000000
860310.000000
861154.000000
862118.000000
863061.000000
863926.000000
864888.000000
865843.000000
866717.000000
867625.000000
868568.000000
869446.000000
870298.000000
871229.000000
872238.000000
873123.000000
874066.000000
875387.000000
876388.000000
877357.000000
878263.000000
879084.000000
879955.000000
880891.000000
881762.000000
882604.000000
883532.000000
884466.000000
885297.000000
886213.000000
887094.000000
887915.000000
888906.000000
889957.000000
890850.000000
891792.000000
892726.000000
893624.000000
894466.000000
895362.000000
896291.000000
897142.000000
898057.000000
898996.000000
899860.000000
900805.000000
901777.000000
902678.000000
903571.000000
904484.000000
905371.000000
906252.000000
907228.000000
908123.000000
909009.000000
909926.000000
910808.000000
911694.000000
912594.000000
913470.000000
914357.000000
915277.000000
916226.000000
917097.000000
918001.000000
918919.000000
919792.000000
920736.000000
921673.000000
922541.000000
923456.000000
924371.000000
925264.000000
926201.000000
927146.000000
928063.000000
928911.000000
929815.000000
930724.000000
931577.000000
932501.000000
933440.000000
934323.000000
935167.000000
936065.000000
936992.000000
937867.000000
938721.000000
939612.000000
940523.000000
941371.000000
942277.000000
943255.000000
944165.000000
945064.000000
946002.000000
946888.000000
947766.000000
948663.000000
949567.000000
950436.000000
951357.000000
952292.000000
953164.000000
954021.000000
954914.000000
955808.000000
956649.000000
957520.000000
958405.000000
959260.000000
960126.000000
961033.000000
961946.000000
962822.000000
963673.000000
964551.000000
965431.000000
966258.000000
967195.000000
968139.000000
969028.000000
969843.000000
970737.000000
971625.000000
972483.000000
973293.000000
974205.000000
975110.000000
975961.000000
976804.000000
977695.000000
978453.000000
979310.000000
980183.000000
981019.000000
981786.000000
982644.000000
983525.000000
984445.000000
985277.000000
986412.000000
987401.000000
988336.000000
989235.000000
990091.000000
990953.000000
991829.000000
992704.000000
993530.000000
994369.000000
995247.000000
996111.000000
996916.000000
997752.000000
998636.000000
999518.000000
1000321.000000
1001156.000000
1002038.000000
1002885.000000
1003695.000000
1004548.000000
1005454.000000
1006323.000000
1007174.000000
1008069.000000
1008954.000000
1009780.000000
1010630.000000
1011527.000000
1012420.000000
1013236.000000
1014164.000000
1015036.000000
1015908.000000
1016741.000000
1017714.000000
1018549.000000
1019341.000000
1020127.000000
1020881.000000
1021671.000000
1022550.000000
1023475.000000
1024301.000000
1025181.000000
1026074.000000
1026974.000000
1027851.000000
1028693.000000
1029558.000000
1030554.000000
1031866.000000
1032904.000000
1033866.000000
1034729.000000
1035583.000000
1036493.000000
1037422.000000
1038265.000000
1039163.000000
1040089.000000
1040963.000000
1041893.000000
1042839.000000
1043711.000000
1044624.000000
1045543.000000
1046410.000000
1047281.000000
1048198.000000
1049128.000000
1050066.000000
1050975.000000
1051839.000000
1052691.000000
1053588.000000
1054456.000000
1055283.000000
1056166.000000
1057121.000000
1058009.000000
1058938.000000
1059894.000000
1060811.000000
1061703.000000
1062621.000000
1063502.000000
1064370.000000
1065308.000000
1066224.000000
1067127.000000
1068071.000000
1069005.000000
1069867.000000
1070789.000000
1071686.000000
1072600.000000
1073566.000000
1074523.000000
1075379.000000
1076271.000000
1077199.000000
1078114.000000
1078985.000000
1079933.000000
1080854.000000
1081746.000000
1082705.000000
1083651.000000
1084535.000000
1085491.000000
1086428.000000
1087291.000000
1088233.000000
1089154.000000
1090017.000000
1090946.000000
1091851.000000
1092721.000000
1093659.000000
1094561.000000
1095408.000000
1096306.000000
1097176.000000
1098021.000000
1098930.000000
1099825.000000
1100688.000000
1101568.000000
1102421.000000
1103288.000000
1104232.000000
1105124.000000
1106067.000000
1107037.000000
1107919.000000
1108845.000000
1109817.000000
1110730.000000
1111633.000000
1112543.000000
1113390.000000
1114240.000000
1115175.000000
1116074.000000
1116953.000000
1117873.000000
1118763.000000
1119641.000000
1120553.000000
1121441.000000
1122327.000000
1123303.000000
1124213.000000
1125135.000000
1126040.000000
1126900.000000
1127787.000000
1128675.000000
1129544.000000
1130436.000000
1131380.000000
1132265.000000
1133189.000000
1134044.000000
1134880.000000
1135657.000000
1136461.000000
1137261.000000
1138146.000000
1139010.000000
1139821.000000
1140715.000000
1141616.000000
1142525.000000
1143434.000000
1144247.000000
1145063.000000
1145901.000000
1146779.000000
1147579.000000
1148416.000000
1149259.000000
1150079.000000
1150890.000000
1151778.000000
1152622.000000
1153450.000000
1154414.000000
1155263.000000
1156106.000000
1157027.000000
1157889.000000
1158748.000000
1159751.000000
1160719.000000
1161584.000000
1162530.000000
1163579.000000
1164519.000000
1165365.000000
1166266.000000
1167227.000000
1168133.000000
1169040.000000
1169972.000000
1170878.000000
1171784.000000
1172695.000000
1173572.000000
1174473.000000
1175410.000000
1176281.000000
1177207.000000
1178151.000000
1179029.000000
1179941.000000
1180890.000000
1181780.000000
1182647.000000
1183584.000000
1184565.000000
1185471.000000
1186364.000000
1187302.000000
1188265.000000
1189159.000000
1190035.000000
1190945.000000
1191863.000000
1192787.000000
1193694.000000
1194522.000000
1195366.000000
1196274.000000
1197211.000000
1198096.000000
1198929.000000
1199787.000000
1200682.000000
1201539.000000
1202406.000000
1203321.000000
1204210.000000
1205058.000000
1205936.000000
1206802.000000
1207636.000000
1208544.000000
1209476.000000
1210347.000000
1211171.000000
1211937.000000
1212770.000000
1213610.000000
1214455.000000
1215356.000000
1216261.000000
1217110.000000
1218059.000000
1219036.000000
1219892.000000
1220783.000000
1221722.000000
1222614.000000
1223478.000000
1224400.000000
1225287.000000
1226151.000000
1227040.000000
1227991.000000
1228928.000000
