Peaks (s)
453.000000
1182.000000
1895.000000
2623.000000
3368.000000
4124.000000
4906.000000
5669.000000
6420.000000
7166.000000
7921.000000
8681.000000
9442.000000
10188.000000
10923.000000
11661.000000
12412.000000
13172.000000
13957.000000
14732.000000
15478.000000
16230.000000
16968.000000
17717.000000
18474.000000
19239.000000
19992.000000
20737.000000
21465.000000
22203.000000
22969.000000
23754.000000
24555.000000
25362.000000
26140.000000
26890.000000
27615.000000
28334.000000
29057.000000
29790.000000
30548.000000
31325.000000
32100.000000
32857.000000
33610.000000
34375.000000
35151.000000
35926.000000
36713.000000
37497.000000
38267.000000
39025.000000
39770.000000
40526.000000
41286.000000
42046.000000
42807.000000
43558.000000
44299.000000
45029.000000
45757.000000
46496.000000
47252.000000
48025.000000
48804.000000
49577.000000
50323.000000
51051.000000
51775.000000
52499.000000
53240.000000
54002.000000
54778.000000
55555.000000
56318.000000
57090.000000
57869.000000
58653.000000
59438.000000
60203.000000
60944.000000
61673.000000
62401.000000
63129.000000
63864.000000
64611.000000
65354.000000
66104.000000
66871.000000
67644.000000
68424.000000
69198.000000
69959.000000
70718.000000
71474.000000
72234.000000
72999.000000
73777.000000
74548.000000
75299.000000
76026.000000
76741.000000
77455.000000
78186.000000
78949.000000
79734.000000
80526.000000
81315.000000
82081.000000
82824.000000
83561.000000
84307.000000
85055.000000
85817.000000
86598.000000
87375.000000
88144.000000
88917.000000
89693.000000
90469.000000
91246.000000
92007.000000
92768.000000
93530.000000
94294.000000
95062.000000
95831.000000
96607.000000
97364.000000
98097.000000
98827.000000
99561.000000
100319.000000
101104.000000
101901.000000
102682.000000
103469.000000
104271.000000
105072.000000
105874.000000
106665.000000
107432.000000
108173.000000
108910.000000
109650.000000
110407.000000
111190.000000
111963.000000
112722.000000
113494.000000
114274.000000
115059.000000
115845.000000
116619.000000
117371.000000
118121.000000
118871.000000
119633.000000
120409.000000
121179.000000
121941.000000
122717.000000
123509.000000
124321.000000
125131.000000
125915.000000
126682.000000
127455.000000
128234.000000
129034.000000
129853.000000
130651.000000
131443.000000
132259.000000
133079.000000
133893.000000
134680.000000
135442.000000
136201.000000
136953.000000
137711.000000
138472.000000
139218.000000
139983.000000
140777.000000
141601.000000
142432.000000
143235.000000
144007.000000
144781.000000
145557.000000
146344.000000
147127.000000
147895.000000
148648.000000
149413.000000
150189.000000
150974.000000
151744.000000
152501.000000
153270.000000
154052.000000
154836.000000
155623.000000
156395.000000
157141.000000
157882.000000
158626.000000
159375.000000
160136.000000
160894.000000
161639.000000
162389.000000
163138.000000
163888.000000
164639.000000
165389.000000
166128.000000
166873.000000
167641.000000
168431.000000
169241.000000
170035.000000
170808.000000
171573.000000
172337.000000
173103.000000
173873.000000
174648.000000
175414.000000
176162.000000
176920.000000
177695.000000
178485.000000
179288.000000
180089.000000
180854.000000
181593.000000
182318.000000
183050.000000
183783.000000
184544.000000
185328.000000
186111.000000
186883.000000
187667.000000
188454.000000
189240.000000
190019.000000
190779.000000
191518.000000
192257.000000
192992.000000
193736.000000
194491.000000
195249.000000
196000.000000
196745.000000
197500.000000
198257.000000
199033.000000
199803.000000
200552.000000
201275.000000
201994.000000
202713.000000
203461.000000
204240.000000
205025.000000
205805.000000
206612.000000
207432.000000
208267.000000
209082.000000
209857.000000
210603.000000
211352.000000
212093.000000
212854.000000
213630.000000
214417.000000
215211.000000
215986.000000
216735.000000
217487.000000
218247.000000
219019.000000
219795.000000
220562.000000
221310.000000
222059.000000
222802.000000
223547.000000
224301.000000
225058.000000
225815.000000
226559.000000
227296.000000
228042.000000
228795.000000
229557.000000
230333.000000
231101.000000
231859.000000
232625.000000
233401.000000
234194.000000
234997.000000
235808.000000
236610.000000
237389.000000
238149.000000
238904.000000
239660.000000
240428.000000
241187.000000
241932.000000
242676.000000
243422.000000
244180.000000
244939.000000
245686.000000
246432.000000
247179.000000
247931.000000
248687.000000
249431.000000
250166.000000
250907.000000
251656.000000
252414.000000
253180.000000
253932.000000
254669.000000
255412.000000
256164.000000
256926.000000
257690.000000
258442.000000
259192.000000
259943.000000
260696.000000
261447.000000
262186.000000
262917.000000
263661.000000
264420.000000
265202.000000
265995.000000
266780.000000
267544.000000
268323.000000
269098.000000
269886.000000
270665.000000
271431.000000
272181.000000
272934.000000
273690.000000
274451.000000
275202.000000
275945.000000
276696.000000
277454.000000
278223.000000
278990.000000
279749.000000
280522.000000
281300.000000
282088.000000
282872.000000
283630.000000
284382.000000
285122.000000
285870.000000
286624.000000
287400.000000
288167.000000
288928.000000
289704.000000
290488.000000
291279.000000
292062.000000
292831.000000
293584.000000
294338.000000
295101.000000
295885.000000
296674.000000
297452.000000
298214.000000
298983.000000
299764.000000
300550.000000
301342.000000
302124.000000
302886.000000
303629.000000
304383.000000
305142.000000
305906.000000
306683.000000
307451.000000
308210.000000
308984.000000
309768.000000
310568.000000
311381.000000
312204.000000
313009.000000
313796.000000
314581.000000
315360.000000
316146.000000
316937.000000
317720.000000
318487.000000
319258.000000
320049.000000
320855.000000
321669.000000
322477.000000
323256.000000
324026.000000
324793.000000
325554.000000
326322.000000
327088.000000
327845.000000
328610.000000
329388.000000
330177.000000
330977.000000
331759.000000
332534.000000
333316.000000
334100.000000
334889.000000
335670.000000
336438.000000
337208.000000
337986.000000
338784.000000
339594.000000
340390.000000
341168.000000
341949.000000
342722.000000
343493.000000
344271.000000
345059.000000
345836.000000
346595.000000
347352.000000
348102.000000
348856.000000
349618.000000
350367.000000
351106.000000
351850.000000
352609.000000
353384.000000
354164.000000
354935.000000
355691.000000
356447.000000
357201.000000
357954.000000
358704.000000
359445.000000
360184.000000
360928.000000
361687.000000
362440.000000
363181.000000
363908.000000
364633.000000
365353.000000
366077.000000
366801.000000
367525.000000
368241.000000
368965.000000
369705.000000
370465.000000
371234.000000
371992.000000
372749.000000
373501.000000
374265.000000
375035.000000
375799.000000
376552.000000
377317.000000
378084.000000
378862.000000
379633.000000
380406.000000
381168.000000
381912.000000
382660.000000
383412.000000
384171.000000
384933.000000
385685.000000
386428.000000
387186.000000
387955.000000
388742.000000
389542.000000
390329.000000
391098.000000
391858.000000
392613.000000
393377.000000
394150.000000
394909.000000
395664.000000
396418.000000
397180.000000
397959.000000
398751.000000
399548.000000
400330.000000
401100.000000
401871.000000
402653.000000
403450.000000
404239.000000
405000.000000
405743.000000
406484.000000
407228.000000
407980.000000
408741.000000
409491.000000
410237.000000
411003.000000
411777.000000
412570.000000
413366.000000
414144.000000
414899.000000
415647.000000
416401.000000
417166.000000
417943.000000
418702.000000
419448.000000
420204.000000
420971.000000
421747.000000
422507.000000
423250.000000
423998.000000
424743.000000
425499.000000
426256.000000
427004.000000
427749.000000
428501.000000
429260.000000
430026.000000
430785.000000
431527.000000
432270.000000
433010.000000
433758.000000
434510.000000
435262.000000
436017.000000
436749.000000
437473.000000
438203.000000
438939.000000
439691.000000
440461.000000
441230.000000
441985.000000
442731.000000
443476.000000
444217.000000
444960.000000
445704.000000
446449.000000
447200.000000
447971.000000
448771.000000
449594.000000
450427.000000
451239.000000
452028.000000
452811.000000
453592.000000
454378.000000
455172.000000
455950.000000
456708.000000
457469.000000
458246.000000
459032.000000
459837.000000
460623.000000
461384.000000
462139.000000
462903.000000
463672.000000
464457.000000
465233.000000
465994.000000
466771.000000
467558.000000
468357.000000
469152.000000
469929.000000
470702.000000
471479.000000
472262.000000
473056.000000
473853.000000
474639.000000
475412.000000
476191.000000
476966.000000
477750.000000
478528.000000
479302.000000
480087.000000
480882.000000
481685.000000
482476.000000
483252.000000
484034.000000
484820.000000
485611.000000
486404.000000
487192.000000
487968.000000
488760.000000
489564.000000
490388.000000
491222.000000
492029.000000
492806.000000
493561.000000
494333.000000
495138.000000
496001.000000
496859.000000
497688.000000
498505.000000
499337.000000
500185.000000
501043.000000
501876.000000
502672.000000
503444.000000
504221.000000
505002.000000
505793.000000
506585.000000
507363.000000
508139.000000
508929.000000
509730.000000
510537.000000
511331.000000
512102.000000
512875.000000
513649.000000
514431.000000
515221.000000
515998.000000
516761.000000
517530.000000
518301.000000
519079.000000
519851.000000
520612.000000
521391.000000
522179.000000
522982.000000
523773.000000
524546.000000
525327.000000
526116.000000
526909.000000
527704.000000
528477.000000
529230.000000
529991.000000
530751.000000
531523.000000
532289.000000
533041.000000
533791.000000
534557.000000
535331.000000
536108.000000
536877.000000
537637.000000
538400.000000
539160.000000
539923.000000
540668.000000
541396.000000
542131.000000
542868.000000
543622.000000
544394.000000
545161.000000
545922.000000
546710.000000
547513.000000
548316.000000
549101.000000
549870.000000
550649.000000
551433.000000
552228.000000
553021.000000
553799.000000
554560.000000
555335.000000
556121.000000
556929.000000
557713.000000
558480.000000
559258.000000
560050.000000
560852.000000
561647.000000
562424.000000
563205.000000
563985.000000
564773.000000
565577.000000
566393.000000
567185.000000
567952.000000
568725.000000
569499.000000
570295.000000
571103.000000
571906.000000
572687.000000
573461.000000
574249.000000
575046.000000
575852.000000
576667.000000
577475.000000
578267.000000
579039.000000
579813.000000
580593.000000
581379.000000
582167.000000
582937.000000
583686.000000
584435.000000
585192.000000
585956.000000
586726.000000
587485.000000
588232.000000
588999.000000
589773.000000
590565.000000
591345.000000
592108.000000
592869.000000
593634.000000
594411.000000
595194.000000
595970.000000
596726.000000
597500.000000
598278.000000
599054.000000
599811.000000
600551.000000
601305.000000
602065.000000
602837.000000
603626.000000
604418.000000
605186.000000
605947.000000
606713.000000
607487.000000
608287.000000
609103.000000
609913.000000
610699.000000
611462.000000
612234.000000
613016.000000
613799.000000
614587.000000
615352.000000
616097.000000
616845.000000
617590.000000
618343.000000
619089.000000
619822.000000
620574.000000
621340.000000
622122.000000
622914.000000
623707.000000
624474.000000
625217.000000
625949.000000
626677.000000
627417.000000
628185.000000
628969.000000
629759.000000
630578.000000
631428.000000
632272.000000
633078.000000
633896.000000
634709.000000
635511.000000
636281.000000
637031.000000
637772.000000
638523.000000
639297.000000
640095.000000
640879.000000
641666.000000
642462.000000
643264.000000
644072.000000
644879.000000
645658.000000
646423.000000
647204.000000
647997.000000
648796.000000
649585.000000
650353.000000
651134.000000
651923.000000
652729.000000
653551.000000
654367.000000
655177.000000
655983.000000
656773.000000
657540.000000
658321.000000
659103.000000
659897.000000
660690.000000
661471.000000
662240.000000
663017.000000
663796.000000
664580.000000
665352.000000
666110.000000
666875.000000
667645.000000
668434.000000
669226.000000
670004.000000
670777.000000
671564.000000
672352.000000
673156.000000
673942.000000
674706.000000
675475.000000
676242.000000
677017.000000
677810.000000
678592.000000
679360.000000
680146.000000
680947.000000
681771.000000
682582.000000
683371.000000
684168.000000
684972.000000
685776.000000
686576.000000
687353.000000
688133.000000
688919.000000
689715.000000
690521.000000
691309.000000
692086.000000
692874.000000
693672.000000
694487.000000
695319.000000
696123.000000
696915.000000
697717.000000
698547.000000
699378.000000
700223.000000
701040.000000
701846.000000
702681.000000
703531.000000
704386.000000
705248.000000
706108.000000
706957.000000
707767.000000
708572.000000
709376.000000
710188.000000
711010.000000
711825.000000
712614.000000
713389.000000
714180.000000
714981.000000
715805.000000
716615.000000
717399.000000
718184.000000
718968.000000
719767.000000
720570.000000
721373.000000
722158.000000
722922.000000
723693.000000
724470.000000
725259.000000
726052.000000
726834.000000
727619.000000
728409.000000
729202.000000
729991.000000
730764.000000
731531.000000
732308.000000
733095.000000
733902.000000
734698.000000
735476.000000
736268.000000
737063.000000
737873.000000
738685.000000
739481.000000
740282.000000
741090.000000
741906.000000
742724.000000
743538.000000
744324.000000
745101.000000
745877.000000
746657.000000
747446.000000
748231.000000
748993.000000
749764.000000
750540.000000
751337.000000
752131.000000
752924.000000
753719.000000
754527.000000
755346.000000
756158.000000
756942.000000
757705.000000
758482.000000
759265.000000
760072.000000
760896.000000
761697.000000
762485.000000
763286.000000
764083.000000
764876.000000
765656.000000
766420.000000
767203.000000
767992.000000
768792.000000
769569.000000
770330.000000
771091.000000
771854.000000
772625.000000
773402.000000
774164.000000
774911.000000
775668.000000
776428.000000
777195.000000
777965.000000
778722.000000
779474.000000
780237.000000
781010.000000
781796.000000
782602.000000
783401.000000
784179.000000
784941.000000
785696.000000
786458.000000
787237.000000
788008.000000
788764.000000
789536.000000
790313.000000
791117.000000
791922.000000
792715.000000
793500.000000
794294.000000
795099.000000
795906.000000
796686.000000
797435.000000
798189.000000
798938.000000
799708.000000
800488.000000
801269.000000
802064.000000
802880.000000
803714.000000
804524.000000
805316.000000
806121.000000
806929.000000
807754.000000
808557.000000
809337.000000
810120.000000
810892.000000
811660.000000
812421.000000
813175.000000
813942.000000
814724.000000
815518.000000
816301.000000
817071.000000
817849.000000
818620.000000
819399.000000
820172.000000
820928.000000
821686.000000
822440.000000
823201.000000
823968.000000
824723.000000
825465.000000
826210.000000
826953.000000
827704.000000
828463.000000
829216.000000
829977.000000
830745.000000
831527.000000
832310.000000
833075.000000
833827.000000
834572.000000
835319.000000
836074.000000
836820.000000
837557.000000
838313.000000
839085.000000
839888.000000
840691.000000
841486.000000
842285.000000
843086.000000
843888.000000
844675.000000
845443.000000
846204.000000
846970.000000
847742.000000
848517.000000
849285.000000
850047.000000
850816.000000
851591.000000
852373.000000
853146.000000
853913.000000
854697.000000
855493.000000
856320.000000
857171.000000
857987.000000
858800.000000
859629.000000
860475.000000
861337.000000
862158.000000
862938.000000
863713.000000
864474.000000
865258.000000
866061.000000
866879.000000
867752.000000
868672.000000
869628.000000
870567.000000
871443.000000
872289.000000
873113.000000
873926.000000
874735.000000
875529.000000
876317.000000
877146.000000
878014.000000
878937.000000
879862.000000
880770.000000
881632.000000
882455.000000
883284.000000
884118.000000
884970.000000
885808.000000
886622.000000
887461.000000
888317.000000
889185.000000
890021.000000
890826.000000
891645.000000
892456.000000
893283.000000
894112.000000
894917.000000
895725.000000
896548.000000
897371.000000
898192.000000
898993.000000
899777.000000
900575.000000
901383.000000
902211.000000
903049.000000
903878.000000
904682.000000
905476.000000
906270.000000
907075.000000
907895.000000
908715.000000
909513.000000
910304.000000
911103.000000
911910.000000
912715.000000
913511.000000
914334.000000
915174.000000
916035.000000
916864.000000
917661.000000
918461.000000
919250.000000
920034.000000
920807.000000
921565.000000
922347.000000
923157.000000
924015.000000
924888.000000
925737.000000
926578.000000
927420.000000
928260.000000
929103.000000
929932.000000
930737.000000
931550.000000
932377.000000
933220.000000
934071.000000
934915.000000
935729.000000
936545.000000
937363.000000
938190.000000
939027.000000
939857.000000
940671.000000
941467.000000
942269.000000
943085.000000
943916.000000
944749.000000
945574.000000
946431.000000
947298.000000
948158.000000
948997.000000
949804.000000
950589.000000
951380.000000
952176.000000
952979.000000
953767.000000
954539.000000
955327.000000
956121.000000
956925.000000
957737.000000
958522.000000
959314.000000
960109.000000
960912.000000
961699.000000
962474.000000
963264.000000
964065.000000
964887.000000
965717.000000
966535.000000
967358.000000
968185.000000
969016.000000
969846.000000
970662.000000
971469.000000
972295.000000
973124.000000
973961.000000
974796.000000
975615.000000
976436.000000
977256.000000
978066.000000
978863.000000
979663.000000
980454.000000
981222.000000
982006.000000
982802.000000
983612.000000
984419.000000
985206.000000
986004.000000
986802.000000
987613.000000
988415.000000
989190.000000
989947.000000
990713.000000
991482.000000
992270.000000
993057.000000
993840.000000
994649.000000
995470.000000
996311.000000
997127.000000
997930.000000
998734.000000
999532.000000
1000333.000000
1001115.000000
1001882.000000
1002664.000000
1003471.000000
1004301.000000
1005118.000000
1005909.000000
1006703.000000
1007511.000000
1008345.000000
1009188.000000
1010010.000000
1010814.000000
1011620.000000
1012440.000000
1013277.000000
1014125.000000
1014947.000000
1015754.000000
1016570.000000
1017387.000000
1018213.000000
1019028.000000
1019828.000000
1020627.000000
1021439.000000
1022265.000000
1023094.000000
1023907.000000
1024708.000000
1025521.000000
1026339.000000
1027158.000000
1027963.000000
1028751.000000
1029544.000000
1030338.000000
1031142.000000
1031946.000000
1032729.000000
1033495.000000
1034271.000000
1035056.000000
1035850.000000
1036646.000000
1037428.000000
1038188.000000
1038957.000000
1039737.000000
1040538.000000
1041350.000000
1042152.000000
1042939.000000
1043751.000000
1044585.000000
1045429.000000
1046266.000000
1047077.000000
1047892.000000
1048713.000000
1049539.000000
1050371.000000
1051200.000000
1052002.000000
1052792.000000
1053592.000000
1054411.000000
1055253.000000
1056084.000000
1056901.000000
1057729.000000
1058572.000000
1059429.000000
1060294.000000
1061132.000000
1061937.000000
1062758.000000
1063574.000000
1064395.000000
1065199.000000
1065981.000000
1066764.000000
1067538.000000
1068320.000000
1069127.000000
1069930.000000
1070711.000000
1071501.000000
1072290.000000
1073086.000000
1073901.000000
1074717.000000
1075524.000000
1076361.000000
1077218.000000
1078085.000000
1078944.000000
1079773.000000
1080572.000000
1081348.000000
1082122.000000
1082904.000000
1083716.000000
1084575.000000
1085418.000000
1086239.000000
1087065.000000
1087900.000000
1088754.000000
1089603.000000
1090425.000000
1091232.000000
1092043.000000
1092853.000000
1093670.000000
1094478.000000
1095267.000000
1096070.000000
1096879.000000
1097705.000000
1098522.000000
1099323.000000
1100123.000000
1100930.000000
1101741.000000
1102550.000000
1103350.000000
1104131.000000
1104922.000000
1105725.000000
1106553.000000
1107411.000000
1108283.000000
1109118.000000
1109916.000000
1110717.000000
1111520.000000
1112342.000000
1113162.000000
1113974.000000
1114801.000000
1115644.000000
1116500.000000
1117374.000000
1118219.000000
1119043.000000
1119868.000000
1120698.000000
1121533.000000
1122371.000000
1123192.000000
1123976.000000
1124750.000000
1125554.000000
1126394.000000
1127266.000000
1128137.000000
1128983.000000
1129829.000000
1130682.000000
1131545.000000
1132408.000000
1133245.000000
1134070.000000
1134898.000000
1135737.000000
1136592.000000
1137459.000000
1138322.000000
1139152.000000
1139997.000000
1140845.000000
1141699.000000
1142566.000000
1143424.000000
1144264.000000
1145095.000000
1145943.000000
1146796.000000
1147670.000000
1148521.000000
1149355.000000
1150195.000000
1151048.000000
1151919.000000
1152775.000000
1153607.000000
1154453.000000
1155289.000000
1156130.000000
1156961.000000
1157776.000000
1158579.000000
1159402.000000
1160262.000000
1161158.000000
1162051.000000
1162918.000000
1163801.000000
1164689.000000
1165563.000000
1166421.000000
1167250.000000
1168074.000000
1168903.000000
1169743.000000
1170592.000000
1171444.000000
1172263.000000
1173047.000000
1173824.000000
1174620.000000
1175430.000000
1176294.000000
1177162.000000
1178032.000000
1178942.000000
1179869.000000
1180793.000000
1181677.000000
1182517.000000
1183353.000000
1184179.000000
1185019.000000
1185862.000000
1186679.000000
1187483.000000
1188304.000000
1189150.000000
1190030.000000
1190914.000000
1191762.000000
1192583.000000
1193415.000000
1194236.000000
1195065.000000
1195878.000000
1196667.000000
1197453.000000
1198255.000000
1199067.000000
1199897.000000
1200704.000000
1201493.000000
1202301.000000
1203123.000000
1203962.000000
1204790.000000
1205607.000000
1206440.000000
1207264.000000
1208094.000000
1208924.000000
1209734.000000
1210542.000000
1211348.000000
1212165.000000
1212988.000000
1213805.000000
1214591.000000
1215360.000000
1216143.000000
1216934.000000
1217757.000000
1218581.000000
1219385.000000
1220190.000000
1221017.000000
1221849.000000
1222687.000000
1223516.000000
1224317.000000
1225128.000000
1225943.000000
1226762.000000
1227569.000000
1228353.000000
1229144.000000
1229935.000000
1230751.000000
1231577.000000
1232373.000000
1233151.000000
1233929.000000
