Peaks (s)
879.000000
1664.000000
2454.000000
3252.000000
4046.000000
4831.000000
5637.000000
6421.000000
7194.000000
7966.000000
8744.000000
9539.000000
10360.000000
11202.000000
12052.000000
12900.000000
13732.000000
14519.000000
15290.000000
16063.000000
16859.000000
17657.000000
18436.000000
19187.000000
19978.000000
20816.000000
21739.000000
22651.000000
23541.000000
24448.000000
25361.000000
26262.000000
27162.000000
28081.000000
28959.000000
29843.000000
30740.000000
31630.000000
32520.000000
33426.000000
34344.000000
35236.000000
36143.000000
37005.000000
37861.000000
38726.000000
39570.000000
40413.000000
41265.000000
42197.000000
43176.000000
44098.000000
45021.000000
45938.000000
46830.000000
47735.000000
48641.000000
49513.000000
50406.000000
51274.000000
52143.000000
53000.000000
53854.000000
54688.000000
55560.000000
56430.000000
57299.000000
58202.000000
59102.000000
59977.000000
60866.000000
61767.000000
62622.000000
63469.000000
64352.000000
65235.000000
66106.000000
66978.000000
67835.000000
68673.000000
69510.000000
70361.000000
71199.000000
72037.000000
72917.000000
73788.000000
74633.000000
75517.000000
76398.000000
77228.000000
78014.000000
78839.000000
79661.000000
80496.000000
81357.000000
82232.000000
83097.000000
83965.000000
84808.000000
85650.000000
86485.000000
87294.000000
88108.000000
88953.000000
89893.000000
90861.000000
91761.000000
92622.000000
93474.000000
94329.000000
95162.000000
95978.000000
96806.000000
97614.000000
98420.000000
99253.000000
100079.000000
100908.000000
101746.000000
102588.000000
103406.000000
104235.000000
105063.000000
105871.000000
106667.000000
107470.000000
108261.000000
109057.000000
109854.000000
110684.000000
111515.000000
112341.000000
113188.000000
114032.000000
114860.000000
115686.000000
116505.000000
117313.000000
118139.000000
119011.000000
119859.000000
120708.000000
121569.000000
122415.000000
123244.000000
124086.000000
124891.000000
125679.000000
126473.000000
127281.000000
128088.000000
128901.000000
129791.000000
130729.000000
131647.000000
132555.000000
133445.000000
134293.000000
135126.000000
135956.000000
136774.000000
137584.000000
138418.000000
139276.000000
140122.000000
140960.000000
141831.000000
142709.000000
143522.000000
144293.000000
145076.000000
145905.000000
146699.000000
147464.000000
148213.000000
148946.000000
149695.000000
150461.000000
151307.000000
152207.000000
153100.000000
154024.000000
154929.000000
155820.000000
156705.000000
157581.000000
158434.000000
159290.000000
160158.000000
160995.000000
161865.000000
162787.000000
163695.000000
164601.000000
165465.000000
166301.000000
167142.000000
167956.000000
168763.000000
169579.000000
170385.000000
171184.000000
172007.000000
172849.000000
173684.000000
174507.000000
175389.000000
176280.000000
177152.000000
178027.000000
178915.000000
179754.000000
180586.000000
181424.000000
182263.000000
183133.000000
184014.000000
184864.000000
185715.000000
186584.000000
187461.000000
188310.000000
189157.000000
190010.000000
190816.000000
191619.000000
192440.000000
193239.000000
194092.000000
194993.000000
195901.000000
196784.000000
197668.000000
198477.000000
199273.000000
200044.000000
200803.000000
201553.000000
202290.000000
203025.000000
203737.000000
204446.000000
205192.000000
205939.000000
206701.000000
207456.000000
208196.000000
208953.000000
209731.000000
210541.000000
211351.000000
212167.000000
212985.000000
213797.000000
214596.000000
215414.000000
216249.000000
217074.000000
217927.000000
218779.000000
219600.000000
220418.000000
221229.000000
222026.000000
222809.000000
223605.000000
224408.000000
225202.000000
225951.000000
226689.000000
227433.000000
228208.000000
228989.000000
229779.000000
230600.000000
231477.000000
232341.000000
233214.000000
234071.000000
234869.000000
235643.000000
236399.000000
237124.000000
237836.000000
238533.000000
239212.000000
239891.000000
240597.000000
241380.000000
242204.000000
243009.000000
243856.000000
244713.000000
245532.000000
246355.000000
247182.000000
248021.000000
248852.000000
249687.000000
250536.000000
251367.000000
252217.000000
253113.000000
253976.000000
254836.000000
255663.000000
256471.000000
257277.000000
258132.000000
258962.000000
259756.000000
260516.000000
261289.000000
262142.000000
262989.000000
263802.000000
264582.000000
265345.000000
266090.000000
266849.000000
267622.000000
268403.000000
269184.000000
269967.000000
270789.000000
271589.000000
272381.000000
273184.000000
274002.000000
274806.000000
275645.000000
276493.000000
277319.000000
278182.000000
279028.000000
279829.000000
280615.000000
281416.000000
282226.000000
283048.000000
283921.000000
284834.000000
285714.000000
286629.000000
287512.000000
288353.000000
289186.000000
290028.000000
290856.000000
291671.000000
292489.000000
293284.000000
294054.000000
294811.000000
295553.000000
296326.000000
297239.000000
298209.000000
299198.000000
300122.000000
301016.000000
301899.000000
302795.000000
303669.000000
304552.000000
305390.000000
306180.000000
306977.000000
307801.000000
308618.000000
309453.000000
310308.000000
311149.000000
312015.000000
312865.000000
313695.000000
314518.000000
315350.000000
316171.000000
316990.000000
317774.000000
318554.000000
319338.000000
320136.000000
320930.000000
321726.000000
322564.000000
323427.000000
324294.000000
325154.000000
326041.000000
326951.000000
327816.000000
328670.000000
329496.000000
330346.000000
331219.000000
332065.000000
332882.000000
333694.000000
334497.000000
335295.000000
336125.000000
337011.000000
337899.000000
338795.000000
339761.000000
340680.000000
341572.000000
342438.000000
343257.000000
344066.000000
344875.000000
345666.000000
346455.000000
347260.000000
348071.000000
348867.000000
349678.000000
350497.000000
351308.000000
352101.000000
352860.000000
353635.000000
354447.000000
355233.000000
356016.000000
356823.000000
357636.000000
358455.000000
359302.000000
360158.000000
361025.000000
361908.000000
362734.000000
363547.000000
364390.000000
365305.000000
366208.000000
367062.000000
367945.000000
368837.000000
369679.000000
370510.000000
371380.000000
372215.000000
373028.000000
373835.000000
374698.000000
375599.000000
376462.000000
377353.000000
378217.000000
379062.000000
379905.000000
380753.000000
381583.000000
382423.000000
383254.000000
384054.000000
384844.000000
385652.000000
386432.000000
387201.000000
387972.000000
388737.000000
389490.000000
390242.000000
391001.000000
391778.000000
392572.000000
393426.000000
394283.000000
395109.000000
395955.000000
396819.000000
397624.000000
398428.000000
399225.000000
399997.000000
400803.000000
401628.000000
402451.000000
403324.000000
404236.000000
405128.000000
406016.000000
406871.000000
407693.000000
408491.000000
409302.000000
410094.000000
410887.000000
411698.000000
412534.000000
413387.000000
414258.000000
415148.000000
415970.000000
416759.000000
417524.000000
418261.000000
418975.000000
419667.000000
420361.000000
421077.000000
421829.000000
422597.000000
423408.000000
424204.000000
425045.000000
425907.000000
426743.000000
427562.000000
428379.000000
429157.000000
429934.000000
430698.000000
431440.000000
432192.000000
432955.000000
433733.000000
434528.000000
435330.000000
436124.000000
436902.000000
437662.000000
438394.000000
439126.000000
439911.000000
440742.000000
441570.000000
442473.000000
443362.000000
444255.000000
445228.000000
446152.000000
447044.000000
447945.000000
448871.000000
449776.000000
450690.000000
451603.000000
452529.000000
453448.000000
454329.000000
455188.000000
456076.000000
456965.000000
457877.000000
458754.000000
459634.000000
460508.000000
461389.000000
462281.000000
463150.000000
463997.000000
464821.000000
465677.000000
466541.000000
467382.000000
468240.000000
469109.000000
470014.000000
470906.000000
471766.000000
472627.000000
473481.000000
474323.000000
475155.000000
475965.000000
476758.000000
477528.000000
478296.000000
479055.000000
479796.000000
480531.000000
481278.000000
482048.000000
482839.000000
483620.000000
484384.000000
485252.000000
486118.000000
486979.000000
487836.000000
488673.000000
489505.000000
490359.000000
491191.000000
492033.000000
492869.000000
493732.000000
494592.000000
495501.000000
496392.000000
497280.000000
498176.000000
499048.000000
499909.000000
500780.000000
501628.000000
502485.000000
503359.000000
504245.000000
505123.000000
506022.000000
506930.000000
507832.000000
508753.000000
509682.000000
510594.000000
511524.000000
512439.000000
513349.000000
514260.000000
515159.000000
516059.000000
516980.000000
517891.000000
518785.000000
519693.000000
520600.000000
521485.000000
522372.000000
523236.000000
524085.000000
524950.000000
525813.000000
526642.000000
527479.000000
528359.000000
529281.000000
530215.000000
531124.000000
532027.000000
532953.000000
533854.000000
534725.000000
535591.000000
536456.000000
537311.000000
538130.000000
538928.000000
539740.000000
540610.000000
541565.000000
542501.000000
543355.000000
544189.000000
545007.000000
545777.000000
546550.000000
547324.000000
548091.000000
548874.000000
549669.000000
550465.000000
551268.000000
552092.000000
552924.000000
553726.000000
554528.000000
555330.000000
556121.000000
556921.000000
557708.000000
558487.000000
559280.000000
560068.000000
560849.000000
561636.000000
562450.000000
563273.000000
564090.000000
564882.000000
565687.000000
566489.000000
567270.000000
568036.000000
568777.000000
569490.000000
570213.000000
570962.000000
571790.000000
572704.000000
573594.000000
574485.000000
575392.000000
576381.000000
577311.000000
578187.000000
579062.000000
579898.000000
580716.000000
581524.000000
582334.000000
583132.000000
583928.000000
584741.000000
585542.000000
586369.000000
587238.000000
588056.000000
588834.000000
589583.000000
590316.000000
591020.000000
591717.000000
592459.000000
593268.000000
594209.000000
595195.000000
596160.000000
597129.000000
598047.000000
598936.000000
599836.000000
600726.000000
601603.000000
602516.000000
603423.000000
604301.000000
605189.000000
606071.000000
606934.000000
607791.000000
608650.000000
609539.000000
610413.000000
611296.000000
612196.000000
613109.000000
613983.000000
614838.000000
615729.000000
616606.000000
617486.000000
618370.000000
619237.000000
620109.000000
620972.000000
621841.000000
622716.000000
623598.000000
624486.000000
625354.000000
626238.000000
627132.000000
628033.000000
628935.000000
629812.000000
630698.000000
631587.000000
632465.000000
633322.000000
634189.000000
635076.000000
635950.000000
636803.000000
637668.000000
638585.000000
639515.000000
640430.000000
641315.000000
642214.000000
643146.000000
644060.000000
644946.000000
645832.000000
646720.000000
647595.000000
648466.000000
649331.000000
650199.000000
651067.000000
651936.000000
652797.000000
653646.000000
654505.000000
655378.000000
656236.000000
657080.000000
657940.000000
658798.000000
659618.000000
660415.000000
661250.000000
662149.000000
663075.000000
663950.000000
664837.000000
665719.000000
666575.000000
667446.000000
668307.000000
669142.000000
669918.000000
670702.000000
671508.000000
672300.000000
673043.000000
673777.000000
674532.000000
675318.000000
676153.000000
676987.000000
677818.000000
678652.000000
679512.000000
680357.000000
681193.000000
682041.000000
682864.000000
683677.000000
684493.000000
685364.000000
686232.000000
687135.000000
688082.000000
689034.000000
689967.000000
690862.000000
691746.000000
692617.000000
693460.000000
694297.000000
695157.000000
696058.000000
696979.000000
697908.000000
698846.000000
699765.000000
700658.000000
701567.000000
702470.000000
703348.000000
704224.000000
705099.000000
705965.000000
706807.000000
707646.000000
708431.000000
709188.000000
709958.000000
710738.000000
711539.000000
712373.000000
713214.000000
714043.000000
714877.000000
715739.000000
716601.000000
717435.000000
718262.000000
719089.000000
719924.000000
720728.000000
721503.000000
722286.000000
723081.000000
723867.000000
724670.000000
725474.000000
726286.000000
727132.000000
727994.000000
728848.000000
729672.000000
730500.000000
731342.000000
732176.000000
733022.000000
733873.000000
734707.000000
735588.000000
736484.000000
737331.000000
738145.000000
738960.000000
739779.000000
740584.000000
741391.000000
742227.000000
743064.000000
743867.000000
744656.000000
745441.000000
746213.000000
746958.000000
747718.000000
748510.000000
749311.000000
750170.000000
751030.000000
751880.000000
752752.000000
753621.000000
754476.000000
755343.000000
756239.000000
757093.000000
757952.000000
758818.000000
759672.000000
760536.000000
761423.000000
762300.000000
763198.000000
764111.000000
765002.000000
765904.000000
766770.000000
767614.000000
768448.000000
769255.000000
770071.000000
770928.000000
771757.000000
772603.000000
773440.000000
774288.000000
775152.000000
775996.000000
776834.000000
777682.000000
778521.000000
779335.000000
780156.000000
780989.000000
781826.000000
782655.000000
783473.000000
784295.000000
785063.000000
785816.000000
786560.000000
787312.000000
788076.000000
788862.000000
789690.000000
790578.000000
791463.000000
792354.000000
793256.000000
794119.000000
794991.000000
795872.000000
796705.000000
797514.000000
798294.000000
799058.000000
799801.000000
800539.000000
801347.000000
802191.000000
803023.000000
803869.000000
804757.000000
805670.000000
806611.000000
807516.000000
808423.000000
809337.000000
810226.000000
811092.000000
811925.000000
812702.000000
813503.000000
814295.000000
815108.000000
815947.000000
816826.000000
817756.000000
818668.000000
819554.000000
820455.000000
821342.000000
822198.000000
823075.000000
823940.000000
824787.000000
825587.000000
826409.000000
827240.000000
828048.000000
828806.000000
829550.000000
830309.000000
831104.000000
831935.000000
832774.000000
833614.000000
834464.000000
835306.000000
836130.000000
836952.000000
837747.000000
838544.000000
839324.000000
840094.000000
840855.000000
841632.000000
842491.000000
843362.000000
844194.000000
845023.000000
845863.000000
846719.000000
847607.000000
848498.000000
849404.000000
850282.000000
851123.000000
851936.000000
852726.000000
853508.000000
854322.000000
855220.000000
856197.000000
857133.000000
858062.000000
858990.000000
859878.000000
860754.000000
861622.000000
862477.000000
863339.000000
864224.000000
865080.000000
865885.000000
866649.000000
867417.000000
868210.000000
869044.000000
869893.000000
870758.000000
871693.000000
872678.000000
873626.000000
874596.000000
875540.000000
876428.000000
877302.000000
878169.000000
879032.000000
879859.000000
880681.000000
881506.000000
882322.000000
883152.000000
884002.000000
884808.000000
885582.000000
886354.000000
887119.000000
887889.000000
888647.000000
889433.000000
890276.000000
891169.000000
892036.000000
892889.000000
893794.000000
894666.000000
895551.000000
896465.000000
897370.000000
898307.000000
899258.000000
900208.000000
901135.000000
902001.000000
902825.000000
903593.000000
904335.000000
905096.000000
905855.000000
906585.000000
907341.000000
908153.000000
909038.000000
909939.000000
910847.000000
911787.000000
912658.000000
913540.000000
914421.000000
915282.000000
916122.000000
916945.000000
917764.000000
918581.000000
919417.000000
920280.000000
921167.000000
922040.000000
922950.000000
923894.000000
924751.000000
925531.000000
926285.000000
927036.000000
927786.000000
928539.000000
929303.000000
930107.000000
930991.000000
931942.000000
932943.000000
933961.000000
934968.000000
935902.000000
936736.000000
937544.000000
938353.000000
939142.000000
939923.000000
940701.000000
941460.000000
942211.000000
942976.000000
943719.000000
944452.000000
945197.000000
945950.000000
946693.000000
947410.000000
948120.000000
948816.000000
949505.000000
950184.000000
950852.000000
951513.000000
952173.000000
952842.000000
953543.000000
954278.000000
955057.000000
955825.000000
956602.000000
957382.000000
958139.000000
958864.000000
959582.000000
960352.000000
961129.000000
961956.000000
962762.000000
963645.000000
964585.000000
965593.000000
966552.000000
967487.000000
968420.000000
969355.000000
970289.000000
971195.000000
972101.000000
972988.000000
973854.000000
974704.000000
975548.000000
976385.000000
977193.000000
978012.000000
978829.000000
979673.000000
980554.000000
981460.000000
982360.000000
983265.000000
984150.000000
985023.000000
985898.000000
986768.000000
987629.000000
988447.000000
989237.000000
989998.000000
990748.000000
991493.000000
992246.000000
993006.000000
993762.000000
994521.000000
995307.000000
996106.000000
996889.000000
997681.000000
998492.000000
999345.000000
1000164.000000
1000997.000000
1001799.000000
1002575.000000
1003317.000000
1004046.000000
1004767.000000
1005467.000000
1006153.000000
1006832.000000
1007509.000000
1008211.000000
1008963.000000
1009773.000000
1010574.000000
1011342.000000
1012076.000000
1012813.000000
1013569.000000
1014345.000000
1015159.000000
1015993.000000
1016825.000000
1017668.000000
1018463.000000
1019256.000000
1020025.000000
1020785.000000
1021540.000000
1022355.000000
1023207.000000
1024060.000000
1024900.000000
1025707.000000
1026511.000000
1027316.000000
1028124.000000
1028907.000000
1029678.000000
1030446.000000
1031208.000000
1031989.000000
1032838.000000
1033697.000000
1034527.000000
1035353.000000
1036209.000000
1037082.000000
1037953.000000
1038809.000000
1039627.000000
1040428.000000
1041211.000000
1041997.000000
1042791.000000
1043566.000000
1044349.000000
1045172.000000
1045988.000000
1046803.000000
1047619.000000
1048442.000000
1049274.000000
1050107.000000
1050943.000000
1051781.000000
1052635.000000
1053453.000000
1054251.000000
1055074.000000
1055878.000000
1056680.000000
1057489.000000
1058281.000000
1059050.000000
1059811.000000
1060601.000000
1061385.000000
1062165.000000
1062944.000000
1063734.000000
1064537.000000
1065350.000000
1066169.000000
1066966.000000
1067741.000000
1068497.000000
1069236.000000
1069961.000000
1070680.000000
1071385.000000
1072097.000000
1072818.000000
1073551.000000
1074284.000000
1075019.000000
1075761.000000
1076512.000000
1077293.000000
1078080.000000
1078862.000000
1079627.000000
1080393.000000
1081156.000000
1081915.000000
1082654.000000
1083370.000000
1084067.000000
1084755.000000
1085454.000000
1086174.000000
1086886.000000
1087622.000000
1088363.000000
1089078.000000
1089781.000000
1090487.000000
1091185.000000
1091877.000000
1092557.000000
1093233.000000
1093904.000000
1094589.000000
1095293.000000
1096007.000000
1096742.000000
1097485.000000
1098246.000000
1098989.000000
1099699.000000
1100403.000000
1101094.000000
1101769.000000
1102433.000000
1103092.000000
1103767.000000
1104482.000000
1105219.000000
1106042.000000
1106885.000000
1107755.000000
1108609.000000
1109432.000000
1110246.000000
1111074.000000
1111862.000000
1112598.000000
1113362.000000
1114180.000000
1115093.000000
1116011.000000
1116851.000000
1117688.000000
1118550.000000
1119392.000000
1120193.000000
1120989.000000
1121789.000000
1122586.000000
1123410.000000
1124298.000000
1125200.000000
1126056.000000
1126868.000000
1127677.000000
1128488.000000
1129322.000000
1130138.000000
1130979.000000
1131814.000000
1132634.000000
1133410.000000
1134157.000000
1134899.000000
1135650.000000
1136408.000000
1137153.000000
1137878.000000
1138616.000000
1139353.000000
1140094.000000
1140837.000000
1141562.000000
1142271.000000
1142971.000000
1143656.000000
1144334.000000
1145005.000000
1145677.000000
1146344.000000
1147005.000000
1147662.000000
1148336.000000
1149000.000000
1149663.000000
1150337.000000
1151026.000000
1151725.000000
1152439.000000
1153159.000000
1153871.000000
1154571.000000
1155267.000000
1155947.000000
1156614.000000
1157273.000000
1157928.000000
1158585.000000
1159257.000000
1159948.000000
1160666.000000
1161397.000000
1162162.000000
1162931.000000
1163714.000000
1164463.000000
1165185.000000
1165921.000000
1166689.000000
1167465.000000
1168240.000000
1169055.000000
1169873.000000
1170692.000000
1171480.000000
1172246.000000
1173004.000000
1173743.000000
1174478.000000
1175235.000000
1176000.000000
1176780.000000
1177579.000000
1178394.000000
1179220.000000
1180072.000000
1180895.000000
1181703.000000
1182502.000000
1183286.000000
1184049.000000
1184786.000000
1185519.000000
1186249.000000
1186970.000000
1187674.000000
1188376.000000
1189071.000000
1189779.000000
1190512.000000
1191252.000000
1191974.000000
1192712.000000
1193443.000000
1194156.000000
1194877.000000
1195626.000000
1196397.000000
1197177.000000
1197979.000000
1198785.000000
1199565.000000
1200335.000000
1201087.000000
1201830.000000
1202579.000000
1203328.000000
1204067.000000
1204786.000000
1205557.000000
1206351.000000
1207210.000000
