Peaks (s)
843.000000
1586.000000
2321.000000
3034.000000
3745.000000
4472.000000
5191.000000
5908.000000
6627.000000
7358.000000
8095.000000
8805.000000
9511.000000
10231.000000
10996.000000
11706.000000
12418.000000
13143.000000
13862.000000
14592.000000
15309.000000
16049.000000
16816.000000
17570.000000
18310.000000
19079.000000
19861.000000
20608.000000
21333.000000
22050.000000
22757.000000
23473.000000
24216.000000
25014.000000
25846.000000
26635.000000
27377.000000
28113.000000
28837.000000
29551.000000
30251.000000
30953.000000
31660.000000
32396.000000
33147.000000
33880.000000
34597.000000
35320.000000
36062.000000
36782.000000
37474.000000
38142.000000
38795.000000
39463.000000
40149.000000
40843.000000
41574.000000
42346.000000
43071.000000
43787.000000
44521.000000
45299.000000
46057.000000
46786.000000
47526.000000
48305.000000
49093.000000
49840.000000
50593.000000
51367.000000
52155.000000
52886.000000
53602.000000
54339.000000
55091.000000
55854.000000
56592.000000
57327.000000
58082.000000
58854.000000
59612.000000
60333.000000
61056.000000
61785.000000
62523.000000
63248.000000
63966.000000
64689.000000
65447.000000
66191.000000
66918.000000
67662.000000
68417.000000
69138.000000
69850.000000
70578.000000
71311.000000
72047.000000
72769.000000
73505.000000
74268.000000
75060.000000
75831.000000
76581.000000
77308.000000
78030.000000
78755.000000
79503.000000
80245.000000
80976.000000
81706.000000
82445.000000
83229.000000
83990.000000
84726.000000
85454.000000
86189.000000
86919.000000
87632.000000
88344.000000
89110.000000
89939.000000
90708.000000
91461.000000
92209.000000
92933.000000
93645.000000
94364.000000
95103.000000
95827.000000
96549.000000
97288.000000
98032.000000
98756.000000
99485.000000
100223.000000
100952.000000
101669.000000
102380.000000
103096.000000
103817.000000
104525.000000
105251.000000
105985.000000
106747.000000
107490.000000
108262.000000
109023.000000
109773.000000
110541.000000
111308.000000
112046.000000
112762.000000
113482.000000
114219.000000
114979.000000
115717.000000
116457.000000
117210.000000
117970.000000
118699.000000
119414.000000
120149.000000
120931.000000
121658.000000
122371.000000
123073.000000
123769.000000
124467.000000
125184.000000
126040.000000
126865.000000
127634.000000
128381.000000
129121.000000
129860.000000
130596.000000
131334.000000
132071.000000
132808.000000
133534.000000
134263.000000
135002.000000
135746.000000
136483.000000
137202.000000
137928.000000
138649.000000
139364.000000
140060.000000
140761.000000
141456.000000
142144.000000
142812.000000
143477.000000
144149.000000
144824.000000
145505.000000
146180.000000
146867.000000
147569.000000
148260.000000
148943.000000
149601.000000
150255.000000
150928.000000
151609.000000
152293.000000
153003.000000
153734.000000
154465.000000
155175.000000
155892.000000
156613.000000
157326.000000
158042.000000
158788.000000
159538.000000
160295.000000
161031.000000
161772.000000
162500.000000
163210.000000
163909.000000
164613.000000
165320.000000
166045.000000
166794.000000
167558.000000
168346.000000
169088.000000
169816.000000
170544.000000
171268.000000
172004.000000
172756.000000
173509.000000
174258.000000
175003.000000
175748.000000
176482.000000
177208.000000
177918.000000
178635.000000
179366.000000
180131.000000
180889.000000
181644.000000
182430.000000
183232.000000
183991.000000
184721.000000
185462.000000
186207.000000
186963.000000
187700.000000
188440.000000
189191.000000
189953.000000
190708.000000
191442.000000
192184.000000
192959.000000
193752.000000
194500.000000
195242.000000
196009.000000
196781.000000
197542.000000
198300.000000
199061.000000
199832.000000
200580.000000
201345.000000
202111.000000
202847.000000
203575.000000
204299.000000
205021.000000
205749.000000
206478.000000
207214.000000
208009.000000
209026.000000
209872.000000
210645.000000
211405.000000
212142.000000
212879.000000
213605.000000
214338.000000
215073.000000
215820.000000
216576.000000
217344.000000
218090.000000
218828.000000
219571.000000
220326.000000
221098.000000
221895.000000
222695.000000
223490.000000
224289.000000
225046.000000
225775.000000
226483.000000
227182.000000
227881.000000
228601.000000
229392.000000
230256.000000
231056.000000
231845.000000
232611.000000
233384.000000
234132.000000
234867.000000
235615.000000
236392.000000
237155.000000
237933.000000
238742.000000
239531.000000
240270.000000
241004.000000
241736.000000
242489.000000
243255.000000
244005.000000
244760.000000
245550.000000
246339.000000
247097.000000
247861.000000
248643.000000
249420.000000
250168.000000
250939.000000
251697.000000
252453.000000
253185.000000
253928.000000
254678.000000
255433.000000
256169.000000
256922.000000
257692.000000
258464.000000
259201.000000
259923.000000
260649.000000
261389.000000
262128.000000
262871.000000
263603.000000
264332.000000
265074.000000
265826.000000
266547.000000
267279.000000
268034.000000
268800.000000
269559.000000
270325.000000
271099.000000
271876.000000
272617.000000
273355.000000
274115.000000
274895.000000
275630.000000
276363.000000
277121.000000
277900.000000
278648.000000
279384.000000
280138.000000
280937.000000
281742.000000
282497.000000
283284.000000
284095.000000
284855.000000
285616.000000
286391.000000
287166.000000
287919.000000
288692.000000
289474.000000
290254.000000
291016.000000
291797.000000
292592.000000
293367.000000
294114.000000
294867.000000
295625.000000
296349.000000
297056.000000
297768.000000
298516.000000
299273.000000
300021.000000
300758.000000
301539.000000
302554.000000
303435.000000
304210.000000
304964.000000
305740.000000
306545.000000
307355.000000
308128.000000
308916.000000
309726.000000
310528.000000
311308.000000
312058.000000
312808.000000
313581.000000
314363.000000
315148.000000
315915.000000
316689.000000
317470.000000
318226.000000
318975.000000
319712.000000
320461.000000
321212.000000
321955.000000
322664.000000
323356.000000
324036.000000
324706.000000
325366.000000
326024.000000
326696.000000
327405.000000
328127.000000
328846.000000
329579.000000
330324.000000
331097.000000
331836.000000
332573.000000
333299.000000
334015.000000
334731.000000
335457.000000
336193.000000
336963.000000
337906.000000
339034.000000
339961.000000
340789.000000
341574.000000
342331.000000
343100.000000
343866.000000
344653.000000
345478.000000
346331.000000
347189.000000
348028.000000
348865.000000
349672.000000
350457.000000
351230.000000
351996.000000
352771.000000
353600.000000
354442.000000
355279.000000
356089.000000
356896.000000
357698.000000
358497.000000
359289.000000
360056.000000
360802.000000
361546.000000
362290.000000
363053.000000
363827.000000
364619.000000
365409.000000
366166.000000
366918.000000
367680.000000
368437.000000
369196.000000
369956.000000
370730.000000
371509.000000
372245.000000
372964.000000
373687.000000
374425.000000
375205.000000
376038.000000
376835.000000
377584.000000
378319.000000
379063.000000
379822.000000
380572.000000
381304.000000
382053.000000
382837.000000
383621.000000
384363.000000
385099.000000
385855.000000
386622.000000
387382.000000
388124.000000
388892.000000
389644.000000
390371.000000
391089.000000
391815.000000
392546.000000
393295.000000
394031.000000
394749.000000
395468.000000
396200.000000
396947.000000
397669.000000
398372.000000
399073.000000
399775.000000
400484.000000
401203.000000
401942.000000
402732.000000
403514.000000
404272.000000
405061.000000
405846.000000
406588.000000
407322.000000
408057.000000
408793.000000
409499.000000
410197.000000
410896.000000
411645.000000
412373.000000
413104.000000
413869.000000
414627.000000
415397.000000
416127.000000
416866.000000
417628.000000
418377.000000
419111.000000
419876.000000
420691.000000
421478.000000
422233.000000
423006.000000
423803.000000
424627.000000
425376.000000
426144.000000
426893.000000
427648.000000
428381.000000
429109.000000
429837.000000
430564.000000
431294.000000
432096.000000
432921.000000
433694.000000
434425.000000
435142.000000
435878.000000
436600.000000
437306.000000
438022.000000
438770.000000
439531.000000
440285.000000
441033.000000
441765.000000
442492.000000
443244.000000
444003.000000
444770.000000
445505.000000
446249.000000
446984.000000
447724.000000
448436.000000
449155.000000
449877.000000
450610.000000
451335.000000
452051.000000
452779.000000
453520.000000
454229.000000
454938.000000
455641.000000
456363.000000
457102.000000
457840.000000
458556.000000
459268.000000
459989.000000
460727.000000
461443.000000
462156.000000
462885.000000
463648.000000
464392.000000
465119.000000
465850.000000
466588.000000
467318.000000
468051.000000
468802.000000
469561.000000
470291.000000
471036.000000
471801.000000
472576.000000
473315.000000
474053.000000
474798.000000
475541.000000
476268.000000
476983.000000
477700.000000
478437.000000
479213.000000
479968.000000
480695.000000
481440.000000
482210.000000
482971.000000
483708.000000
484439.000000
485181.000000
485937.000000
486664.000000
487394.000000
488126.000000
488890.000000
489636.000000
490380.000000
491131.000000
491928.000000
492752.000000
493535.000000
494288.000000
495059.000000
495845.000000
496619.000000
497357.000000
498098.000000
498856.000000
499620.000000
500357.000000
501103.000000
501865.000000
502637.000000
503407.000000
504178.000000
504959.000000
505706.000000
506435.000000
507163.000000
507886.000000
508630.000000
509405.000000
510167.000000
510905.000000
511628.000000
512340.000000
513049.000000
513759.000000
514480.000000
515202.000000
515919.000000
516646.000000
517413.000000
518157.000000
518905.000000
519649.000000
520385.000000
521105.000000
521812.000000
522533.000000
523278.000000
524036.000000
524758.000000
525478.000000
526241.000000
527038.000000
527794.000000
528515.000000
529225.000000
529937.000000
530669.000000
531401.000000
532119.000000
532841.000000
533600.000000
534391.000000
535150.000000
535901.000000
536657.000000
537412.000000
538141.000000
538858.000000
539579.000000
540335.000000
541076.000000
541806.000000
542540.000000
543297.000000
544036.000000
544748.000000
545475.000000
546207.000000
546953.000000
547672.000000
548389.000000
549118.000000
549868.000000
550611.000000
551351.000000
552109.000000
552879.000000
553628.000000
554358.000000
555095.000000
555832.000000
556549.000000
557254.000000
557965.000000
558688.000000
559417.000000
560135.000000
560842.000000
561561.000000
562293.000000
563009.000000
563718.000000
564424.000000
565127.000000
565846.000000
566556.000000
567259.000000
567959.000000
568663.000000
569349.000000
570022.000000
570704.000000
571406.000000
572106.000000
572791.000000
573475.000000
574163.000000
574852.000000
575530.000000
576209.000000
576870.000000
577522.000000
578175.000000
578835.000000
579494.000000
580149.000000
580804.000000
581451.000000
582161.000000
582877.000000
583558.000000
584233.000000
584895.000000
585545.000000
586206.000000
586881.000000
587578.000000
588314.000000
589044.000000
589753.000000
590471.000000
591208.000000
591976.000000
592708.000000
593440.000000
594192.000000
594980.000000
595750.000000
596482.000000
597218.000000
597957.000000
598695.000000
599425.000000
600168.000000
600954.000000
601801.000000
602597.000000
603393.000000
604241.000000
605086.000000
605875.000000
606663.000000
607433.000000
608214.000000
609004.000000
609796.000000
610562.000000
611317.000000
612092.000000
612871.000000
613626.000000
614376.000000
615135.000000
615896.000000
616630.000000
617367.000000
618121.000000
618913.000000
619700.000000
620456.000000
621229.000000
621997.000000
622728.000000
623456.000000
624204.000000
624985.000000
625736.000000
626478.000000
627241.000000
628035.000000
628796.000000
629554.000000
630332.000000
631125.000000
631872.000000
632632.000000
633405.000000
634188.000000
634935.000000
635680.000000
636437.000000
637204.000000
637939.000000
638673.000000
639423.000000
640188.000000
640918.000000
641637.000000
642365.000000
643124.000000
643910.000000
644689.000000
645453.000000
646252.000000
647082.000000
647861.000000
648620.000000
649407.000000
650208.000000
650978.000000
651746.000000
652537.000000
653330.000000
654091.000000
654835.000000
655575.000000
656329.000000
657114.000000
657895.000000
658649.000000
659382.000000
660100.000000
660811.000000
661519.000000
662234.000000
663144.000000
664036.000000
664837.000000
665615.000000
666383.000000
667142.000000
667912.000000
668688.000000
669464.000000
670238.000000
671001.000000
671769.000000
672556.000000
673350.000000
674140.000000
674943.000000
675705.000000
676468.000000
677229.000000
677990.000000
678750.000000
679506.000000
680246.000000
681002.000000
681769.000000
682530.000000
683265.000000
684016.000000
684793.000000
685570.000000
686321.000000
687079.000000
687859.000000
688643.000000
689407.000000
690167.000000
690937.000000
691721.000000
692473.000000
693230.000000
694009.000000
694805.000000
695564.000000
696303.000000
697059.000000
697821.000000
698565.000000
699304.000000
700059.000000
700855.000000
701669.000000
702451.000000
703278.000000
704122.000000
704913.000000
705696.000000
706490.000000
707283.000000
708037.000000
708796.000000
709569.000000
710359.000000
711118.000000
711889.000000
712669.000000
713449.000000
714198.000000
714937.000000
715664.000000
716395.000000
717136.000000
717886.000000
718610.000000
719335.000000
720076.000000
720828.000000
721562.000000
722306.000000
723064.000000
723842.000000
724593.000000
725366.000000
726151.000000
726934.000000
727707.000000
728465.000000
729203.000000
729934.000000
730660.000000
731402.000000
732205.000000
733129.000000
733978.000000
734898.000000
736051.000000
737212.000000
738364.000000
739513.000000
740442.000000
741273.000000
742070.000000
742833.000000
743555.000000
744237.000000
744903.000000
745550.000000
746210.000000
746944.000000
747698.000000
748470.000000
749239.000000
749976.000000
750694.000000
751418.000000
752168.000000
752964.000000
753746.000000
754488.000000
755205.000000
755920.000000
756629.000000
757340.000000
758054.000000
758766.000000
759479.000000
760181.000000
760883.000000
761583.000000
762292.000000
763000.000000
763726.000000
764434.000000
765143.000000
765850.000000
766574.000000
767311.000000
768049.000000
768771.000000
769492.000000
770227.000000
770959.000000
771713.000000
772439.000000
773140.000000
773837.000000
774533.000000
775238.000000
775982.000000
776749.000000
777512.000000
778274.000000
779064.000000
779856.000000
780618.000000
781345.000000
782059.000000
782764.000000
783473.000000
784212.000000
785003.000000
785797.000000
786565.000000
787310.000000
788044.000000
788794.000000
789567.000000
790355.000000
791110.000000
791882.000000
792640.000000
793393.000000
794132.000000
794853.000000
795572.000000
796284.000000
797030.000000
797815.000000
798596.000000
799331.000000
800048.000000
800753.000000
801464.000000
802168.000000
802876.000000
803617.000000
804506.000000
805359.000000
806147.000000
806919.000000
807721.000000
808527.000000
809347.000000
810137.000000
810921.000000
811696.000000
812447.000000
813199.000000
813969.000000
814753.000000
815523.000000
816278.000000
817058.000000
817841.000000
818594.000000
819340.000000
820097.000000
820868.000000
821620.000000
822345.000000
823068.000000
823789.000000
824517.000000
825264.000000
826038.000000
826818.000000
827570.000000
828311.000000
829037.000000
829759.000000
830495.000000
831242.000000
831995.000000
832763.000000
833546.000000
834346.000000
835111.000000
835881.000000
836655.000000
837439.000000
838224.000000
838977.000000
839722.000000
840481.000000
841248.000000
842005.000000
842752.000000
843515.000000
844302.000000
845085.000000
845848.000000
846626.000000
847410.000000
848196.000000
848953.000000
849711.000000
850478.000000
851242.000000
851985.000000
852717.000000
853446.000000
854175.000000
854919.000000
855731.000000
856600.000000
857374.000000
858143.000000
858928.000000
859739.000000
860536.000000
861340.000000
862115.000000
862875.000000
863632.000000
864406.000000
865203.000000
866001.000000
866796.000000
867567.000000
868330.000000
869092.000000
869847.000000
870600.000000
871327.000000
872053.000000
872779.000000
873515.000000
874256.000000
875007.000000
875729.000000
876434.000000
877120.000000
877790.000000
878462.000000
879150.000000
879856.000000
880585.000000
881298.000000
882017.000000
882750.000000
883521.000000
884292.000000
885042.000000
885803.000000
886568.000000
887346.000000
888114.000000
888864.000000
889607.000000
890350.000000
891116.000000
891885.000000
892632.000000
893366.000000
894104.000000
894872.000000
895634.000000
896399.000000
897147.000000
897908.000000
898679.000000
899453.000000
900237.000000
901036.000000
901848.000000
902618.000000
903347.000000
904067.000000
904768.000000
905473.000000
906205.000000
907033.000000
908066.000000
908938.000000
909747.000000
910518.000000
911287.000000
912062.000000
912827.000000
913593.000000
914365.000000
915135.000000
915892.000000
916642.000000
917388.000000
918147.000000
918925.000000
919718.000000
920524.000000
921351.000000
922111.000000
922863.000000
923597.000000
924336.000000
925083.000000
925856.000000
926634.000000
927399.000000
928146.000000
928896.000000
929657.000000
930429.000000
931210.000000
931995.000000
932744.000000
933476.000000
934208.000000
934947.000000
935694.000000
936462.000000
937234.000000
937997.000000
938749.000000
939473.000000
940208.000000
940953.000000
941704.000000
942437.000000
943168.000000
943903.000000
944660.000000
945439.000000
946212.000000
946961.000000
947723.000000
948502.000000
949299.000000
950068.000000
950844.000000
951637.000000
952431.000000
953191.000000
953920.000000
954647.000000
955385.000000
956151.000000
956966.000000
957748.000000
958508.000000
959277.000000
960092.000000
960951.000000
961734.000000
962492.000000
963258.000000
964028.000000
964808.000000
965560.000000
966329.000000
967119.000000
967931.000000
968758.000000
969578.000000
970391.000000
971148.000000
971876.000000
972597.000000
973309.000000
974024.000000
974782.000000
975712.000000
976570.000000
977345.000000
978094.000000
978827.000000
979557.000000
980280.000000
981020.000000
981777.000000
982514.000000
983254.000000
984005.000000
984779.000000
985524.000000
986250.000000
986982.000000
987717.000000
988438.000000
989150.000000
989870.000000
990596.000000
991327.000000
992048.000000
992760.000000
993479.000000
994195.000000
994902.000000
995620.000000
996354.000000
997077.000000
997798.000000
998507.000000
999217.000000
999943.000000
1000701.000000
1001453.000000
1002175.000000
1002904.000000
1003647.000000
1004412.000000
1005151.000000
1005885.000000
1006641.000000
1007407.000000
1008157.000000
1008942.000000
1009766.000000
1010591.000000
1011357.000000
1012139.000000
1012927.000000
1013742.000000
1014524.000000
1015314.000000
1016136.000000
1016914.000000
1017647.000000
1018377.000000
1019124.000000
1019945.000000
1020715.000000
1021480.000000
1022218.000000
1022960.000000
1023728.000000
1024572.000000
1025422.000000
1026229.000000
1026986.000000
1027737.000000
1028484.000000
1029214.000000
1029937.000000
1030667.000000
1031390.000000
1032101.000000
1032805.000000
1033492.000000
1034166.000000
1034874.000000
1035628.000000
1036354.000000
1037091.000000
1037836.000000
1038592.000000
1039318.000000
1040034.000000
1040780.000000
1041552.000000
1042304.000000
1043028.000000
1043764.000000
1044518.000000
1045269.000000
1045996.000000
1046721.000000
1047448.000000
1048167.000000
1048883.000000
1049606.000000
1050466.000000
1051396.000000
1052236.000000
1053043.000000
1053828.000000
1054600.000000
1055361.000000
1056133.000000
1056925.000000
1057722.000000
1058533.000000
1059341.000000
1060158.000000
1060977.000000
1061817.000000
1062633.000000
1063433.000000
1064218.000000
1065006.000000
1065812.000000
1066728.000000
1067606.000000
1068388.000000
1069144.000000
1069904.000000
1070717.000000
1071943.000000
1072963.000000
1073867.000000
1074710.000000
1075553.000000
1076407.000000
1077220.000000
1078067.000000
1078906.000000
1079775.000000
1080623.000000
1081464.000000
1082297.000000
1083161.000000
1083993.000000
1084796.000000
1085569.000000
1086308.000000
1087041.000000
1087767.000000
1088497.000000
1089251.000000
1090057.000000
1090969.000000
1092066.000000
1093270.000000
1094235.000000
1095102.000000
1095924.000000
1096711.000000
1097478.000000
1098252.000000
1099049.000000
1099847.000000
1100644.000000
1101441.000000
1102224.000000
1102995.000000
1103756.000000
1104501.000000
1105241.000000
1105981.000000
1106724.000000
1107472.000000
1108238.000000
1109003.000000
1109770.000000
1110539.000000
1111293.000000
1112032.000000
1112763.000000
1113489.000000
1114205.000000
1114922.000000
1115635.000000
1116349.000000
1117099.000000
1117890.000000
1118681.000000
1119439.000000
1120196.000000
1120932.000000
1121665.000000
1122391.000000
1123115.000000
1123840.000000
1124554.000000
1125291.000000
1126029.000000
1126805.000000
1127587.000000
1128369.000000
1129150.000000
1129886.000000
1130600.000000
1131304.000000
1132006.000000
1132737.000000
1133520.000000
1134358.000000
1135150.000000
1135895.000000
1136636.000000
1137399.000000
1138164.000000
1138903.000000
1139641.000000
1140398.000000
1141145.000000
1141877.000000
1142615.000000
1143343.000000
1144081.000000
1144805.000000
1145527.000000
1146258.000000
1147014.000000
1147765.000000
1148485.000000
1149204.000000
1149924.000000
1150653.000000
1151384.000000
1152091.000000
1152812.000000
1153528.000000
1154249.000000
1154967.000000
1155668.000000
1156373.000000
1157094.000000
1157818.000000
1158527.000000
1159242.000000
1159967.000000
1160748.000000
1161557.000000
1162327.000000
1163078.000000
1163804.000000
1164523.000000
1165252.000000
1166015.000000
1166791.000000
1167554.000000
1168299.000000
1169054.000000
1169827.000000
1170613.000000
1171386.000000
1172111.000000
1172827.000000
1173552.000000
1174303.000000
1175054.000000
1175781.000000
1176495.000000
1177211.000000
1177933.000000
1178682.000000
1179469.000000
1180247.000000
1180983.000000
1181705.000000
1182449.000000
1183192.000000
1183912.000000
1184630.000000
1185354.000000
1186088.000000
1186834.000000
1187581.000000
1188345.000000
1189120.000000
1189897.000000
1190643.000000
1191368.000000
1192101.000000
1192847.000000
1193615.000000
1194380.000000
1195135.000000
1195889.000000
1196687.000000
1197477.000000
1198213.000000
1198937.000000
1199671.000000
1200422.000000
1201151.000000
1201863.000000
1202582.000000
1203305.000000
1204055.000000
1204867.000000
1205743.000000
1206551.000000
1207306.000000
1208029.000000
1208722.000000
1209432.000000
1210160.000000
1210885.000000
1211639.000000
1212427.000000
