Peaks (s)
891.000000
1679.000000
2499.000000
3346.000000
4149.000000
4994.000000
5882.000000
6689.000000
7523.000000
8385.000000
9189.000000
10019.000000
10879.000000
11680.000000
12484.000000
13327.000000
14203.000000
15024.000000
15891.000000
16722.000000
17529.000000
18344.000000
19191.000000
19990.000000
20783.000000
21608.000000
22397.000000
23170.000000
23967.000000
24807.000000
25593.000000
26389.000000
27203.000000
27980.000000
28750.000000
29537.000000
30370.000000
31152.000000
31940.000000
32764.000000
33586.000000
34375.000000
35184.000000
36002.000000
36760.000000
37514.000000
38280.000000
39067.000000
39837.000000
40651.000000
41501.000000
42318.000000
43188.000000
44033.000000
44852.000000
45703.000000
46498.000000
47281.000000
48075.000000
48844.000000
49616.000000
50403.000000
51210.000000
51988.000000
52777.000000
53597.000000
54386.000000
55179.000000
56001.000000
56768.000000
57526.000000
58311.000000
59071.000000
59835.000000
60649.000000
61420.000000
62193.000000
62973.000000
63743.000000
64489.000000
65239.000000
66008.000000
66754.000000
67504.000000
68283.000000
69089.000000
69854.000000
70617.000000
71382.000000
72163.000000
72914.000000
73657.000000
74409.000000
75191.000000
75943.000000
76665.000000
77387.000000
78100.000000
78822.000000
79583.000000
80341.000000
81096.000000
81867.000000
82671.000000
83432.000000
84195.000000
84995.000000
85844.000000
86636.000000
87446.000000
88297.000000
89079.000000
89871.000000
90684.000000
91458.000000
92226.000000
93022.000000
93859.000000
94663.000000
95467.000000
96306.000000
97115.000000
97883.000000
98668.000000
99466.000000
100218.000000
100968.000000
101743.000000
102515.000000
103270.000000
104042.000000
104829.000000
105582.000000
106327.000000
107091.000000
107820.000000
108542.000000
109274.000000
110035.000000
110764.000000
111494.000000
112251.000000
112995.000000
113723.000000
114456.000000
115192.000000
115909.000000
116653.000000
117442.000000
118205.000000
118993.000000
119819.000000
120608.000000
121378.000000
122158.000000
122904.000000
123637.000000
124389.000000
125167.000000
125915.000000
126658.000000
127443.000000
128253.000000
129036.000000
129833.000000
130643.000000
131406.000000
132181.000000
132985.000000
133800.000000
134585.000000
135372.000000
136194.000000
137025.000000
137799.000000
138572.000000
139361.000000
140170.000000
140934.000000
141689.000000
142463.000000
143262.000000
144022.000000
144789.000000
145602.000000
146432.000000
147214.000000
147980.000000
148743.000000
149521.000000
150339.000000
151166.000000
151953.000000
152724.000000
153511.000000
154321.000000
155138.000000
155913.000000
156701.000000
157527.000000
158381.000000
159180.000000
159970.000000
160784.000000
161573.000000
162335.000000
163103.000000
163893.000000
164658.000000
165435.000000
166226.000000
167043.000000
167836.000000
168627.000000
169427.000000
170228.000000
170992.000000
171763.000000
172543.000000
173287.000000
174037.000000
174805.000000
175553.000000
176293.000000
177053.000000
177818.000000
178563.000000
179306.000000
180066.000000
180838.000000
181569.000000
182292.000000
183024.000000
183771.000000
184497.000000
185231.000000
185975.000000
186743.000000
187534.000000
188311.000000
189056.000000
189790.000000
190522.000000
191258.000000
191963.000000
192677.000000
193423.000000
194156.000000
194890.000000
195648.000000
196402.000000
197132.000000
197855.000000
198589.000000
199328.000000
200043.000000
200754.000000
201479.000000
202215.000000
202927.000000
203646.000000
204389.000000
205136.000000
205860.000000
206588.000000
207333.000000
208083.000000
208808.000000
209529.000000
210253.000000
210994.000000
211712.000000
212427.000000
213154.000000
213895.000000
214623.000000
215343.000000
216062.000000
216795.000000
217529.000000
218238.000000
218951.000000
219682.000000
220422.000000
221144.000000
221865.000000
222607.000000
223365.000000
224102.000000
224834.000000
225569.000000
226319.000000
227055.000000
227775.000000
228500.000000
229242.000000
229997.000000
230745.000000
231487.000000
232257.000000
233055.000000
233812.000000
234567.000000
235333.000000
236102.000000
236852.000000
237599.000000
238362.000000
239145.000000
239909.000000
240680.000000
241476.000000
242275.000000
243062.000000
243821.000000
244582.000000
245369.000000
246166.000000
246938.000000
247706.000000
248510.000000
249301.000000
250062.000000
250825.000000
251590.000000
252344.000000
253084.000000
253827.000000
254600.000000
255355.000000
256098.000000
256854.000000
257622.000000
258354.000000
259081.000000
259816.000000
260553.000000
261270.000000
261987.000000
262723.000000
263460.000000
264177.000000
264902.000000
265633.000000
266368.000000
267083.000000
267794.000000
268514.000000
269211.000000
269888.000000
270540.000000
271172.000000
271813.000000
272472.000000
273164.000000
273898.000000
274595.000000
275286.000000
275999.000000
276772.000000
277481.000000
278182.000000
278905.000000
279705.000000
280555.000000
281309.000000
282089.000000
282879.000000
283656.000000
284433.000000
285229.000000
286030.000000
286786.000000
287546.000000
288326.000000
289146.000000
289932.000000
290727.000000
291560.000000
292356.000000
293133.000000
293934.000000
294728.000000
295496.000000
296282.000000
297090.000000
297857.000000
298634.000000
299442.000000
300230.000000
301007.000000
301801.000000
302606.000000
303375.000000
304145.000000
304937.000000
305701.000000
306460.000000
307225.000000
307979.000000
308716.000000
309448.000000
310207.000000
310963.000000
311713.000000
312478.000000
313264.000000
314009.000000
314743.000000
315481.000000
316228.000000
316962.000000
317696.000000
318425.000000
319130.000000
319816.000000
320501.000000
321174.000000
321858.000000
322551.000000
323281.000000
323997.000000
324707.000000
325444.000000
326231.000000
326962.000000
327680.000000
328439.000000
329494.000000
330304.000000
331128.000000
331974.000000
332764.000000
333607.000000
334526.000000
335363.000000
336225.000000
337127.000000
337944.000000
338767.000000
339619.000000
340475.000000
341282.000000
342097.000000
342934.000000
343783.000000
344594.000000
345395.000000
346220.000000
347072.000000
347882.000000
348689.000000
349526.000000
350377.000000
351171.000000
351969.000000
352796.000000
353610.000000
354389.000000
355183.000000
356023.000000
356822.000000
357629.000000
358480.000000
359279.000000
360077.000000
360920.000000
361710.000000
362495.000000
363297.000000
364074.000000
364845.000000
365643.000000
366446.000000
367229.000000
368040.000000
368884.000000
369671.000000
370463.000000
371282.000000
372051.000000
372809.000000
373598.000000
374402.000000
375190.000000
376002.000000
376890.000000
377723.000000
378534.000000
379364.000000
380208.000000
380998.000000
381774.000000
382563.000000
383389.000000
384168.000000
384943.000000
385747.000000
386549.000000
387330.000000
388100.000000
388896.000000
389673.000000
390426.000000
391183.000000
391967.000000
392758.000000
393563.000000
394405.000000
395242.000000
396047.000000
396878.000000
397731.000000
398522.000000
399301.000000
400101.000000
400863.000000
401627.000000
402421.000000
403215.000000
404006.000000
404833.000000
405636.000000
406412.000000
407203.000000
408041.000000
408839.000000
409641.000000
410482.000000
411341.000000
412149.000000
412953.000000
413768.000000
414551.000000
415331.000000
416133.000000
416932.000000
417702.000000
418490.000000
419301.000000
420064.000000
420821.000000
421593.000000
422347.000000
423089.000000
423836.000000
424600.000000
425339.000000
426076.000000
426837.000000
427581.000000
428317.000000
429065.000000
429808.000000
430530.000000
431260.000000
431992.000000
432712.000000
433441.000000
434200.000000
434929.000000
435659.000000
436409.000000
437153.000000
437878.000000
438617.000000
439372.000000
440096.000000
440821.000000
441562.000000
442314.000000
443047.000000
443782.000000
444538.000000
445277.000000
446013.000000
446754.000000
447511.000000
448243.000000
448977.000000
449728.000000
450482.000000
451225.000000
451976.000000
452752.000000
453486.000000
454211.000000
454948.000000
455672.000000
456387.000000
457114.000000
457869.000000
458596.000000
459328.000000
460097.000000
460832.000000
461565.000000
462315.000000
463091.000000
463831.000000
464566.000000
465323.000000
466059.000000
466791.000000
467549.000000
468335.000000
469095.000000
469858.000000
470653.000000
471435.000000
472189.000000
472947.000000
473721.000000
474520.000000
475278.000000
476036.000000
476812.000000
477626.000000
478426.000000
479220.000000
480056.000000
480886.000000
481673.000000
482469.000000
483309.000000
484112.000000
484916.000000
485752.000000
486591.000000
487389.000000
488225.000000
489079.000000
489885.000000
490670.000000
491434.000000
492205.000000
493029.000000
493872.000000
494726.000000
495552.000000
496338.000000
497112.000000
497898.000000
498717.000000
499549.000000
500340.000000
501131.000000
501938.000000
502760.000000
503595.000000
504383.000000
505150.000000
505908.000000
506673.000000
507466.000000
508271.000000
509037.000000
509797.000000
510574.000000
511367.000000
512184.000000
512950.000000
513704.000000
514458.000000
515231.000000
516022.000000
516798.000000
517563.000000
518325.000000
519092.000000
519879.000000
520682.000000
521458.000000
522215.000000
522965.000000
523717.000000
524476.000000
525211.000000
525942.000000
526674.000000
527416.000000
528177.000000
528953.000000
529702.000000
530452.000000
531207.000000
531972.000000
532742.000000
533490.000000
534223.000000
534955.000000
535699.000000
536470.000000
537263.000000
538031.000000
538818.000000
539615.000000
540427.000000
541192.000000
541947.000000
542698.000000
543460.000000
544233.000000
544977.000000
545722.000000
546475.000000
547245.000000
548034.000000
548806.000000
549567.000000
550324.000000
551087.000000
551860.000000
552631.000000
553375.000000
554119.000000
554874.000000
555671.000000
556498.000000
557287.000000
558067.000000
558838.000000
559619.000000
560414.000000
561205.000000
561973.000000
562734.000000
563496.000000
564282.000000
565089.000000
565873.000000
566648.000000
567432.000000
568238.000000
569058.000000
569876.000000
570651.000000
571420.000000
572190.000000
572974.000000
573780.000000
574558.000000
575340.000000
576142.000000
576973.000000
577799.000000
578594.000000
579389.000000
580183.000000
581005.000000
581843.000000
582637.000000
583425.000000
584218.000000
585028.000000
585843.000000
586632.000000
587424.000000
588225.000000
589043.000000
589872.000000
590660.000000
591440.000000
592210.000000
592984.000000
593768.000000
594565.000000
595355.000000
596126.000000
596894.000000
597668.000000
598457.000000
599255.000000
600038.000000
600790.000000
601532.000000
602276.000000
603049.000000
603839.000000
604640.000000
605416.000000
606188.000000
606957.000000
607738.000000
608537.000000
609303.000000
610064.000000
610818.000000
611584.000000
612364.000000
613148.000000
613898.000000
614640.000000
615378.000000
616130.000000
616902.000000
617690.000000
618448.000000
619201.000000
619945.000000
620700.000000
621466.000000
622236.000000
622999.000000
623734.000000
624460.000000
625186.000000
625940.000000
626719.000000
627520.000000
628316.000000
629084.000000
629839.000000
630588.000000
631339.000000
632113.000000
632908.000000
633675.000000
634454.000000
635231.000000
636042.000000
636868.000000
637688.000000
638471.000000
639235.000000
639991.000000
640754.000000
641533.000000
642299.000000
643048.000000
643799.000000
644558.000000
645341.000000
646130.000000
646878.000000
647615.000000
648324.000000
649027.000000
649740.000000
650430.000000
651132.000000
651864.000000
652778.000000
653545.000000
654300.000000
655081.000000
655877.000000
656648.000000
657417.000000
658206.000000
659038.000000
659848.000000
660636.000000
661433.000000
662263.000000
663108.000000
663909.000000
664685.000000
665454.000000
666250.000000
667065.000000
667870.000000
668667.000000
669472.000000
670300.000000
671128.000000
671911.000000
672690.000000
673471.000000
674269.000000
675069.000000
675837.000000
676596.000000
677350.000000
678118.000000
678897.000000
679642.000000
680390.000000
681152.000000
681929.000000
682697.000000
683447.000000
684201.000000
684959.000000
685703.000000
686435.000000
687162.000000
687910.000000
688694.000000
689470.000000
690226.000000
690977.000000
691747.000000
692532.000000
693317.000000
694073.000000
694821.000000
695571.000000
696344.000000
697117.000000
697868.000000
698625.000000
699385.000000
700155.000000
700948.000000
701712.000000
702467.000000
703214.000000
703962.000000
704736.000000
705515.000000
706278.000000
707046.000000
707833.000000
708649.000000
709464.000000
710235.000000
711001.000000
711777.000000
712572.000000
713353.000000
714121.000000
714897.000000
715704.000000
716534.000000
717312.000000
718088.000000
718878.000000
719694.000000
720507.000000
721286.000000
722061.000000
722844.000000
723651.000000
724482.000000
725279.000000
726074.000000
726880.000000
727722.000000
728569.000000
729389.000000
730196.000000
730999.000000
731823.000000
732678.000000
733521.000000
734345.000000
735174.000000
736033.000000
736866.000000
737662.000000
738448.000000
739242.000000
740068.000000
740917.000000
741736.000000
742561.000000
743422.000000
744281.000000
745104.000000
745899.000000
746691.000000
747488.000000
748325.000000
749176.000000
749978.000000
750775.000000
751579.000000
752406.000000
753204.000000
753995.000000
754780.000000
755580.000000
756393.000000
757184.000000
757946.000000
758705.000000
759471.000000
760265.000000
761068.000000
761828.000000
762586.000000
763349.000000
764129.000000
764918.000000
765694.000000
766476.000000
767282.000000
768116.000000
768922.000000
769701.000000
770469.000000
771231.000000
771997.000000
772760.000000
773497.000000
774234.000000
774981.000000
775759.000000
776561.000000
777344.000000
778101.000000
778855.000000
779618.000000
780417.000000
781199.000000
781951.000000
782694.000000
783446.000000
784220.000000
784999.000000
785765.000000
786524.000000
787285.000000
788067.000000
788862.000000
789616.000000
790366.000000
791115.000000
791886.000000
792697.000000
793492.000000
794273.000000
795053.000000
795852.000000
796667.000000
797484.000000
798271.000000
799048.000000
799829.000000
800632.000000
801446.000000
802270.000000
803055.000000
803833.000000
804615.000000
805418.000000
806222.000000
806993.000000
807763.000000
808542.000000
809339.000000
810154.000000
810928.000000
811687.000000
812450.000000
813203.000000
813928.000000
814627.000000
815314.000000
816000.000000
816696.000000
817433.000000
818273.000000
819051.000000
819810.000000
820560.000000
821328.000000
822116.000000
822922.000000
823704.000000
824483.000000
825277.000000
826111.000000
826942.000000
827737.000000
828543.000000
829376.000000
830193.000000
830980.000000
831762.000000
832569.000000
833392.000000
834204.000000
834996.000000
835797.000000
836618.000000
837461.000000
838257.000000
839058.000000
839893.000000
840734.000000
841529.000000
842329.000000
843126.000000
843965.000000
844807.000000
845604.000000
846409.000000
847224.000000
848056.000000
848882.000000
849663.000000
850437.000000
851223.000000
852023.000000
852814.000000
853580.000000
854354.000000
855155.000000
855968.000000
856747.000000
857517.000000
858287.000000
859086.000000
859897.000000
860681.000000
861457.000000
862232.000000
863028.000000
863829.000000
864606.000000
865376.000000
866151.000000
866960.000000
867800.000000
868605.000000
869403.000000
870212.000000
871070.000000
871961.000000
872810.000000
873632.000000
874460.000000
875321.000000
876194.000000
877010.000000
877831.000000
878665.000000
879523.000000
880344.000000
881157.000000
881976.000000
882829.000000
883683.000000
884488.000000
885302.000000
886142.000000
887003.000000
887824.000000
888663.000000
889543.000000
890405.000000
891219.000000
892034.000000
892869.000000
893723.000000
894537.000000
895352.000000
896189.000000
897053.000000
897883.000000
898730.000000
899588.000000
900409.000000
901226.000000
902065.000000
902888.000000
903673.000000
904472.000000
905301.000000
906122.000000
906937.000000
907762.000000
908621.000000
909454.000000
910266.000000
911096.000000
911951.000000
912766.000000
913575.000000
914414.000000
915257.000000
916057.000000
916890.000000
917741.000000
918575.000000
919392.000000
920240.000000
921071.000000
921861.000000
