Peaks (s)
1136.000000
2138.000000
3160.000000
4229.000000
5231.000000
6226.000000
7209.000000
8149.000000
9114.000000
10100.000000
11083.000000
12112.000000
13136.000000
14091.000000
15064.000000
16041.000000
16986.000000
17945.000000
18927.000000
19909.000000
20872.000000
21849.000000
22793.000000
23719.000000
24645.000000
25578.000000
26512.000000
27448.000000
28266.000000
29082.000000
29908.000000
30769.000000
31739.000000
32747.000000
33703.000000
34671.000000
35623.000000
36521.000000
37398.000000
38282.000000
39149.000000
40066.000000
41011.000000
41943.000000
42891.000000
43858.000000
44801.000000
45762.000000
46739.000000
47664.000000
48582.000000
49513.000000
50472.000000
51428.000000
52388.000000
53338.000000
54278.000000
55266.000000
56269.000000
57227.000000
58182.000000
59125.000000
60033.000000
60947.000000
61870.000000
62800.000000
63723.000000
64672.000000
65647.000000
66584.000000
67543.000000
68525.000000
69496.000000
70418.000000
71358.000000
72286.000000
73167.000000
74065.000000
75018.000000
75962.000000
76927.000000
77905.000000
78855.000000
79827.000000
80815.000000
81762.000000
82741.000000
83731.000000
84663.000000
85672.000000
86731.000000
87722.000000
88717.000000
89694.000000
90619.000000
91538.000000
92477.000000
93405.000000
94383.000000
95387.000000
96378.000000
97402.000000
98438.000000
99429.000000
100360.000000
101306.000000
102289.000000
103238.000000
104224.000000
105209.000000
106065.000000
106869.000000
107704.000000
108602.000000
109566.000000
110618.000000
111670.000000
112635.000000
113554.000000
114467.000000
115351.000000
116243.000000
117206.000000
118215.000000
119186.000000
120224.000000
121290.000000
122301.000000
123302.000000
124320.000000
125339.000000
126308.000000
127262.000000
128235.000000
129177.000000
130081.000000
131032.000000
132017.000000
132980.000000
133909.000000
134881.000000
135871.000000
136807.000000
137772.000000
138745.000000
139680.000000
140622.000000
141580.000000
142531.000000
143440.000000
144368.000000
145347.000000
146335.000000
147292.000000
148248.000000
149217.000000
150147.000000
151046.000000
151991.000000
153021.000000
154067.000000
155055.000000
156038.000000
157024.000000
157980.000000
158946.000000
159952.000000
160950.000000
161880.000000
162828.000000
163799.000000
164641.000000
165453.000000
166289.000000
167156.000000
168064.000000
169033.000000
169982.000000
170933.000000
171963.000000
172986.000000
173934.000000
174877.000000
175867.000000
176928.000000
177884.000000
178826.000000
179813.000000
180874.000000
181876.000000
182916.000000
183952.000000
184957.000000
185923.000000
186942.000000
188035.000000
189055.000000
190072.000000
191092.000000
192043.000000
193048.000000
194094.000000
195078.000000
196038.000000
197029.000000
198016.000000
198955.000000
199943.000000
200979.000000
201995.000000
203015.000000
204031.000000
205016.000000
205961.000000
206925.000000
207918.000000
208895.000000
209839.000000
210790.000000
211765.000000
212724.000000
213702.000000
214732.000000
215761.000000
216730.000000
217708.000000
218709.000000
219648.000000
220582.000000
221533.000000
222478.000000
223423.000000
224401.000000
225388.000000
226320.000000
227287.000000
228306.000000
229260.000000
230215.000000
231168.000000
232067.000000
232926.000000
233809.000000
234781.000000
235770.000000
236628.000000
237433.000000
238266.000000
239076.000000
239859.000000
240688.000000
241583.000000
242605.000000
243677.000000
244744.000000
245705.000000
246633.000000
247567.000000
248536.000000
249454.000000
250360.000000
251326.000000
252368.000000
253351.000000
254341.000000
255348.000000
256318.000000
257336.000000
258378.000000
259362.000000
260334.000000
261319.000000
262295.000000
263224.000000
264162.000000
265127.000000
266046.000000
266935.000000
267889.000000
268908.000000
269908.000000
270855.000000
271817.000000
272802.000000
273759.000000
274676.000000
275651.000000
276664.000000
277646.000000
278651.000000
279662.000000
280628.000000
281553.000000
282515.000000
283505.000000
284458.000000
285464.000000
286499.000000
287494.000000
288422.000000
289361.000000
290351.000000
291387.000000
292382.000000
293318.000000
294273.000000
295254.000000
296221.000000
297168.000000
298130.000000
299180.000000
300176.000000
301174.000000
302203.000000
303189.000000
304163.000000
305158.000000
306151.000000
307082.000000
308049.000000
309041.000000
309986.000000
310913.000000
311891.000000
312878.000000
313840.000000
314840.000000
315870.000000
316858.000000
317820.000000
318766.000000
319705.000000
320622.000000
321585.000000
322582.000000
323550.000000
324467.000000
325389.000000
326343.000000
327315.000000
328224.000000
329159.000000
330182.000000
331230.000000
332263.000000
333300.000000
334275.000000
335232.000000
336216.000000
337223.000000
338155.000000
339056.000000
340019.000000
341011.000000
341892.000000
342707.000000
343521.000000
344388.000000
345265.000000
346236.000000
347235.000000
348214.000000
349113.000000
350016.000000
350922.000000
351866.000000
352776.000000
353744.000000
354761.000000
355800.000000
356799.000000
357779.000000
358754.000000
359688.000000
360661.000000
361676.000000
362635.000000
363599.000000
364622.000000
365646.000000
366629.000000
367632.000000
368654.000000
369658.000000
370623.000000
371610.000000
372632.000000
373626.000000
374570.000000
375516.000000
376510.000000
377531.000000
378539.000000
379588.000000
380648.000000
381647.000000
382656.000000
383670.000000
384663.000000
385725.000000
386842.000000
387901.000000
388924.000000
389962.000000
390986.000000
392033.000000
392994.000000
393915.000000
394849.000000
395814.000000
396754.000000
397690.000000
398730.000000
399855.000000
400918.000000
402003.000000
403096.000000
404086.000000
405062.000000
406053.000000
407081.000000
408045.000000
408990.000000
409960.000000
410979.000000
412027.000000
413027.000000
414079.000000
415157.000000
416148.000000
417107.000000
418084.000000
419064.000000
420022.000000
421027.000000
422104.000000
423136.000000
424184.000000
425220.000000
426175.000000
427116.000000
428111.000000
429162.000000
430135.000000
431095.000000
432098.000000
433069.000000
434031.000000
435013.000000
436025.000000
437028.000000
438041.000000
439075.000000
440121.000000
441095.000000
442110.000000
443174.000000
444224.000000
445196.000000
446166.000000
447132.000000
448087.000000
449006.000000
449957.000000
450950.000000
452039.000000
453098.000000
454167.000000
455238.000000
456254.000000
457230.000000
458236.000000
459279.000000
460303.000000
461263.000000
462220.000000
463173.000000
464131.000000
465137.000000
466171.000000
467242.000000
468242.000000
469205.000000
470179.000000
471144.000000
472078.000000
473039.000000
474029.000000
474997.000000
475929.000000
476883.000000
477842.000000
478830.000000
479803.000000
480730.000000
481699.000000
482702.000000
483713.000000
484658.000000
485596.000000
486584.000000
487600.000000
488618.000000
489583.000000
490527.000000
491501.000000
492479.000000
493437.000000
494417.000000
495289.000000
496107.000000
496973.000000
497892.000000
498814.000000
499835.000000
500902.000000
501897.000000
502866.000000
503840.000000
504816.000000
505752.000000
506735.000000
507770.000000
508762.000000
509757.000000
510778.000000
511812.000000
512786.000000
513713.000000
514681.000000
515736.000000
516833.000000
517838.000000
518826.000000
519833.000000
520862.000000
521847.000000
522839.000000
523837.000000
524794.000000
525768.000000
526767.000000
527817.000000
528835.000000
529872.000000
530924.000000
531899.000000
532784.000000
533650.000000
534457.000000
535274.000000
536261.000000
537259.000000
538309.000000
539401.000000
540473.000000
541466.000000
542411.000000
543373.000000
544381.000000
545347.000000
546283.000000
547310.000000
548413.000000
549501.000000
550480.000000
551336.000000
552127.000000
552917.000000
553737.000000
554660.000000
555875.000000
556944.000000
557916.000000
558850.000000
559815.000000
560872.000000
561981.000000
563054.000000
564034.000000
565027.000000
566036.000000
567043.000000
568017.000000
568933.000000
569811.000000
570692.000000
571514.000000
572335.000000
573308.000000
574295.000000
575245.000000
576229.000000
577263.000000
578273.000000
579224.000000
580171.000000
581156.000000
582116.000000
583030.000000
583966.000000
584965.000000
585942.000000
586877.000000
587829.000000
588830.000000
589904.000000
590900.000000
591842.000000
592826.000000
593826.000000
594833.000000
595772.000000
596657.000000
597563.000000
598484.000000
599418.000000
600344.000000
601292.000000
602302.000000
603333.000000
604290.000000
605186.000000
606106.000000
607016.000000
607849.000000
608629.000000
609413.000000
610232.000000
611206.000000
612393.000000
613481.000000
614512.000000
615544.000000
616591.000000
617579.000000
618533.000000
619507.000000
620518.000000
621486.000000
622443.000000
623495.000000
624608.000000
625665.000000
626666.000000
627641.000000
628632.000000
629618.000000
630577.000000
631545.000000
632579.000000
633653.000000
634688.000000
635689.000000
636736.000000
637782.000000
638767.000000
639714.000000
640696.000000
641706.000000
642689.000000
643619.000000
644624.000000
645692.000000
646752.000000
647731.000000
648687.000000
649626.000000
650626.000000
651596.000000
652532.000000
653638.000000
654777.000000
655852.000000
656824.000000
657763.000000
658693.000000
659687.000000
660642.000000
661599.000000
662601.000000
663626.000000
664587.000000
665538.000000
666513.000000
667500.000000
668422.000000
669355.000000
670327.000000
671344.000000
672339.000000
673328.000000
674334.000000
675364.000000
676321.000000
677227.000000
678168.000000
679210.000000
680252.000000
681225.000000
682217.000000
683246.000000
684265.000000
685235.000000
686204.000000
687196.000000
688172.000000
689111.000000
690080.000000
691071.000000
692023.000000
692950.000000
693901.000000
694884.000000
695825.000000
696751.000000
697694.000000
698662.000000
699613.000000
700595.000000
701613.000000
702658.000000
703651.000000
704651.000000
705692.000000
706701.000000
707660.000000
708633.000000
709663.000000
710647.000000
711647.000000
712657.000000
713681.000000
714619.000000
715574.000000
716546.000000
717476.000000
718388.000000
719326.000000
720219.000000
721045.000000
721853.000000
722692.000000
723558.000000
724563.000000
725682.000000
726764.000000
727721.000000
728667.000000
729648.000000
730665.000000
731624.000000
732541.000000
733458.000000
734402.000000
735347.000000
736309.000000
737352.000000
738456.000000
739503.000000
740484.000000
741477.000000
742466.000000
743413.000000
744351.000000
745353.000000
746420.000000
747417.000000
748353.000000
749257.000000
750214.000000
751281.000000
752335.000000
753306.000000
754243.000000
755217.000000
756244.000000
757253.000000
758221.000000
759202.000000
760220.000000
761236.000000
762188.000000
763153.000000
764181.000000
765146.000000
766121.000000
767107.000000
768058.000000
768955.000000
769825.000000
770730.000000
771717.000000
772739.000000
773706.000000
774669.000000
775661.000000
776730.000000
777757.000000
778767.000000
779747.000000
780656.000000
781582.000000
782522.000000
783420.000000
784259.000000
785066.000000
785927.000000
786833.000000
787735.000000
788783.000000
789893.000000
790966.000000
791970.000000
792945.000000
793981.000000
794991.000000
795953.000000
796920.000000
797922.000000
798937.000000
799914.000000
800853.000000
801831.000000
802832.000000
803785.000000
804753.000000
805747.000000
806782.000000
807744.000000
808663.000000
809627.000000
810652.000000
811637.000000
812559.000000
813421.000000
814290.000000
815280.000000
816442.000000
817583.000000
818698.000000
819712.000000
820670.000000
821635.000000
822652.000000
823628.000000
824554.000000
825445.000000
826372.000000
827449.000000
828627.000000
829775.000000
830849.000000
831865.000000
832830.000000
833789.000000
834759.000000
835745.000000
836645.000000
837530.000000
838463.000000
839440.000000
840434.000000
841394.000000
842373.000000
843384.000000
844395.000000
845360.000000
846319.000000
847263.000000
848149.000000
848999.000000
849852.000000
850779.000000
851876.000000
852960.000000
853956.000000
854933.000000
855947.000000
856949.000000
857907.000000
858800.000000
859697.000000
860674.000000
861801.000000
862868.000000
863876.000000
864908.000000
865957.000000
866980.000000
867928.000000
868887.000000
869909.000000
870912.000000
871892.000000
872864.000000
873827.000000
874776.000000
875693.000000
876600.000000
877578.000000
878556.000000
879430.000000
880247.000000
881083.000000
882019.000000
883130.000000
884256.000000
885270.000000
886209.000000
887179.000000
888179.000000
889145.000000
890084.000000
891040.000000
892038.000000
893040.000000
894008.000000
894933.000000
895888.000000
896848.000000
897802.000000
898807.000000
899758.000000
900769.000000
901824.000000
902907.000000
903984.000000
904968.000000
905936.000000
906903.000000
907862.000000
908806.000000
909785.000000
910830.000000
911872.000000
912908.000000
913943.000000
914994.000000
916029.000000
917053.000000
918065.000000
919048.000000
919939.000000
920821.000000
921741.000000
922823.000000
923939.000000
925054.000000
926159.000000
927160.000000
928149.000000
929162.000000
930157.000000
931144.000000
932162.000000
933176.000000
934151.000000
935090.000000
935993.000000
936846.000000
937649.000000
938476.000000
939417.000000
940554.000000
941524.000000
942395.000000
943221.000000
944064.000000
944918.000000
945873.000000
946954.000000
948001.000000
948942.000000
949836.000000
950743.000000
951687.000000
952634.000000
953539.000000
954469.000000
955474.000000
956506.000000
957461.000000
958392.000000
959346.000000
960305.000000
961248.000000
962134.000000
963067.000000
964075.000000
965129.000000
966128.000000
967115.000000
968116.000000
969107.000000
970042.000000
970985.000000
971974.000000
972976.000000
973920.000000
974862.000000
975859.000000
976868.000000
977833.000000
978798.000000
979828.000000
980884.000000
981899.000000
982932.000000
983919.000000
984845.000000
985751.000000
986739.000000
987792.000000
988846.000000
989799.000000
990755.000000
991754.000000
992787.000000
993791.000000
994724.000000
995617.000000
996556.000000
997602.000000
998622.000000
999558.000000
1000454.000000
1001380.000000
1002340.000000
1003348.000000
1004285.000000
1005195.000000
1006172.000000
1007193.000000
1008213.000000
1009152.000000
1010014.000000
1010854.000000
1011730.000000
1012735.000000
1013858.000000
1015031.000000
1016152.000000
1017241.000000
1018307.000000
1019301.000000
1020202.000000
1021074.000000
1021996.000000
1023012.000000
1024013.000000
1024997.000000
1025942.000000
1026836.000000
1027668.000000
1028552.000000
1029592.000000
1030594.000000
1031546.000000
1032476.000000
1033418.000000
1034389.000000
1035336.000000
1036251.000000
1037241.000000
1038306.000000
1039391.000000
1040464.000000
1041531.000000
1042562.000000
1043507.000000
1044396.000000
1045341.000000
1046410.000000
1047576.000000
1048762.000000
1049877.000000
1050988.000000
1052089.000000
1053113.000000
1054093.000000
1055111.000000
1056153.000000
1057150.000000
1058169.000000
1059266.000000
1060400.000000
1061507.000000
1062625.000000
1063716.000000
1064698.000000
1065631.000000
1066610.000000
1067647.000000
1068677.000000
1069620.000000
1070603.000000
1071664.000000
1072697.000000
1073672.000000
1074660.000000
1075767.000000
1076824.000000
1077836.000000
1078895.000000
1079976.000000
1080975.000000
1081922.000000
1082862.000000
1083876.000000
1084905.000000
1085951.000000
1086971.000000
1087996.000000
1089023.000000
1089973.000000
1090871.000000
1091766.000000
1092719.000000
1093792.000000
1094799.000000
1095797.000000
1096864.000000
1097935.000000
1098965.000000
1099915.000000
1100857.000000
1101884.000000
1102957.000000
1104033.000000
1105014.000000
1106009.000000
1107012.000000
1108015.000000
1108989.000000
1109978.000000
1111045.000000
1112074.000000
1113046.000000
1113972.000000
1114892.000000
1115849.000000
1116728.000000
1117556.000000
1118419.000000
1119508.000000
1120540.000000
1121601.000000
1122694.000000
1123707.000000
1124673.000000
1125645.000000
1126645.000000
1127654.000000
1128672.000000
1129749.000000
1130808.000000
1131782.000000
1132782.000000
1133805.000000
1134807.000000
1135754.000000
1136729.000000
1137769.000000
1138758.000000
1139698.000000
1140643.000000
1141655.000000
1142693.000000
1143746.000000
1144717.000000
1145633.000000
1146566.000000
1147540.000000
1148511.000000
1149443.000000
1150393.000000
1151368.000000
1152439.000000
1153462.000000
1154405.000000
1155356.000000
1156361.000000
1157457.000000
1158522.000000
1159526.000000
1160563.000000
1161677.000000
1162713.000000
1163692.000000
1164674.000000
1165699.000000
1166667.000000
1167578.000000
1168531.000000
1169562.000000
1170625.000000
1171619.000000
1172576.000000
1173595.000000
1174656.000000
1175709.000000
1176722.000000
1177711.000000
1178694.000000
1179655.000000
1180606.000000
1181617.000000
1182598.000000
1183551.000000
1184481.000000
1185458.000000
1186508.000000
1187534.000000
1188538.000000
1189539.000000
1190556.000000
1191525.000000
1192494.000000
1193466.000000
1194450.000000
