Peaks (s)
473.000000
1265.000000
2045.000000
2854.000000
3666.000000
4459.000000
5223.000000
6004.000000
6765.000000
7509.000000
8223.000000
8905.000000
9679.000000
10487.000000
11358.000000
12235.000000
13070.000000
13915.000000
14770.000000
15613.000000
16428.000000
17222.000000
18036.000000
18871.000000
19719.000000
20532.000000
21378.000000
22254.000000
23135.000000
24021.000000
24860.000000
25673.000000
26513.000000
27362.000000
28194.000000
29004.000000
29848.000000
30696.000000
31555.000000
32376.000000
33196.000000
34021.000000
34846.000000
35667.000000
36464.000000
37298.000000
38127.000000
38962.000000
39778.000000
40574.000000
41400.000000
42218.000000
43022.000000
43809.000000
44619.000000
45420.000000
46201.000000
46966.000000
47707.000000
48454.000000
49236.000000
50058.000000
50904.000000
51711.000000
52515.000000
53342.000000
54159.000000
54966.000000
55756.000000
56570.000000
57386.000000
58214.000000
59013.000000
59810.000000
60633.000000
61463.000000
62287.000000
63089.000000
63884.000000
64714.000000
65540.000000
66370.000000
67172.000000
68001.000000
68834.000000
69670.000000
70471.000000
71274.000000
72095.000000
72919.000000
73735.000000
74549.000000
75395.000000
76230.000000
77032.000000
77823.000000
78634.000000
79442.000000
80244.000000
81037.000000
81856.000000
82674.000000
83482.000000
84271.000000
85065.000000
85865.000000
86662.000000
87442.000000
88230.000000
89030.000000
89815.000000
90580.000000
91334.000000
92110.000000
92880.000000
93625.000000
94389.000000
95173.000000
95972.000000
96800.000000
97634.000000
98471.000000
99288.000000
100092.000000
100919.000000
101746.000000
102589.000000
103407.000000
104224.000000
105043.000000
105885.000000
106734.000000
107562.000000
108379.000000
109216.000000
110072.000000
110937.000000
111782.000000
112622.000000
113500.000000
114385.000000
115248.000000
116069.000000
116908.000000
117749.000000
118600.000000
119433.000000
120255.000000
121112.000000
121963.000000
122807.000000
123624.000000
124436.000000
125273.000000
126107.000000
126923.000000
127722.000000
128538.000000
129357.000000
130181.000000
130996.000000
131805.000000
132632.000000
133445.000000
134260.000000
135050.000000
135844.000000
136671.000000
137508.000000
138341.000000
139168.000000
139995.000000
140845.000000
141681.000000
142476.000000
143249.000000
144036.000000
144818.000000
145594.000000
146347.000000
147109.000000
147880.000000
148696.000000
149560.000000
150417.000000
151257.000000
152073.000000
152912.000000
153758.000000
154611.000000
155434.000000
156235.000000
157051.000000
157883.000000
158754.000000
159615.000000
160478.000000
161373.000000
162255.000000
163100.000000
163926.000000
164775.000000
165620.000000
166466.000000
167281.000000
168115.000000
168962.000000
169815.000000
170649.000000
171469.000000
172311.000000
173149.000000
173988.000000
174791.000000
175598.000000
176427.000000
177272.000000
178101.000000
178927.000000
179785.000000
180642.000000
181477.000000
182291.000000
183138.000000
183978.000000
184810.000000
185626.000000
186441.000000
187296.000000
188154.000000
189013.000000
189833.000000
190639.000000
191480.000000
192321.000000
193143.000000
193942.000000
194760.000000
195589.000000
196424.000000
197234.000000
198042.000000
198876.000000
199717.000000
200551.000000
201341.000000
202159.000000
202980.000000
203766.000000
204533.000000
205278.000000
206035.000000
206784.000000
207526.000000
208327.000000
209128.000000
209949.000000
210804.000000
211671.000000
212538.000000
213342.000000
214179.000000
215004.000000
215826.000000
216644.000000
217445.000000
218237.000000
219070.000000
219915.000000
220787.000000
221618.000000
222447.000000
223281.000000
224109.000000
224935.000000
225728.000000
226509.000000
227317.000000
228127.000000
228954.000000
229757.000000
230552.000000
231374.000000
232197.000000
233024.000000
233808.000000
234588.000000
235374.000000
236170.000000
236971.000000
237753.000000
238536.000000
239374.000000
240224.000000
241050.000000
241842.000000
242589.000000
243384.000000
244168.000000
244965.000000
245773.000000
246569.000000
247400.000000
248235.000000
249049.000000
249828.000000
250609.000000
251402.000000
252177.000000
252946.000000
253699.000000
254459.000000
255238.000000
256008.000000
256773.000000
257517.000000
258259.000000
258996.000000
259717.000000
260430.000000
261160.000000
261908.000000
262678.000000
263497.000000
264335.000000
265171.000000
265978.000000
266760.000000
267569.000000
268382.000000
269218.000000
270025.000000
270830.000000
271663.000000
272517.000000
273389.000000
274240.000000
275071.000000
275924.000000
276782.000000
277637.000000
278455.000000
279290.000000
280158.000000
281048.000000
281927.000000
282777.000000
283653.000000
284567.000000
285454.000000
286290.000000
287120.000000
287969.000000
288835.000000
289702.000000
290545.000000
291383.000000
292255.000000
293127.000000
293991.000000
294825.000000
295643.000000
296504.000000
297383.000000
298247.000000
299065.000000
299903.000000
300762.000000
301622.000000
302483.000000
303326.000000
304160.000000
305021.000000
305862.000000
306710.000000
307525.000000
308330.000000
309156.000000
309987.000000
310811.000000
311596.000000
312412.000000
313245.000000
314074.000000
314898.000000
315709.000000
316500.000000
317303.000000
318100.000000
318880.000000
319634.000000
320396.000000
321183.000000
321973.000000
322752.000000
323500.000000
324233.000000
324975.000000
325775.000000
326590.000000
327422.000000
328245.000000
329044.000000
329852.000000
330668.000000
331485.000000
332301.000000
333085.000000
333901.000000
334744.000000
335610.000000
336485.000000
337308.000000
338176.000000
339047.000000
339924.000000
340800.000000
341658.000000
342491.000000
343339.000000
344200.000000
345048.000000
345886.000000
346710.000000
347516.000000
348393.000000
349280.000000
350169.000000
351024.000000
351867.000000
352732.000000
353604.000000
354451.000000
355263.000000
356103.000000
356935.000000
357769.000000
358576.000000
359376.000000
360202.000000
361028.000000
361846.000000
362627.000000
363469.000000
364302.000000
365129.000000
365929.000000
366713.000000
367520.000000
368326.000000
369155.000000
369943.000000
370763.000000
371585.000000
372410.000000
373239.000000
374038.000000
374815.000000
375613.000000
376418.000000
377216.000000
377991.000000
378731.000000
379480.000000
380255.000000
381076.000000
381917.000000
382777.000000
383603.000000
384432.000000
385294.000000
386148.000000
387002.000000
387815.000000
388626.000000
389461.000000
390312.000000
391187.000000
392034.000000
392857.000000
393707.000000
394562.000000
395413.000000
396233.000000
397002.000000
397833.000000
398663.000000
399505.000000
400331.000000
401138.000000
401970.000000
402811.000000
403663.000000
404486.000000
405294.000000
406116.000000
406938.000000
407774.000000
408565.000000
409383.000000
410213.000000
411035.000000
411868.000000
412670.000000
413457.000000
414260.000000
415067.000000
415884.000000
416674.000000
417471.000000
418290.000000
419121.000000
419968.000000
420768.000000
421575.000000
422393.000000
423206.000000
424010.000000
424787.000000
425573.000000
426372.000000
427160.000000
427932.000000
428682.000000
429464.000000
430236.000000
430992.000000
431734.000000
432477.000000
433233.000000
434006.000000
434773.000000
435519.000000
436260.000000
437077.000000
437913.000000
438758.000000
439576.000000
440370.000000
441185.000000
441998.000000
442796.000000
443591.000000
444343.000000
445118.000000
445905.000000
446710.000000
447552.000000
448384.000000
449210.000000
450069.000000
450926.000000
451781.000000
452607.000000
453399.000000
454223.000000
455040.000000
455871.000000
456645.000000
457327.000000
458282.000000
459100.000000
459916.000000
460702.000000
461458.000000
462274.000000
463067.000000
463864.000000
464661.000000
465440.000000
466259.000000
467088.000000
467917.000000
468734.000000
469514.000000
470324.000000
471127.000000
471907.000000
472662.000000
473399.000000
474143.000000
474919.000000
475738.000000
476566.000000
477399.000000
478206.000000
479018.000000
479843.000000
480680.000000
481510.000000
482316.000000
483145.000000
483984.000000
484838.000000
485661.000000
486467.000000
487292.000000
488118.000000
488927.000000
489715.000000
490505.000000
491317.000000
492144.000000
492961.000000
493756.000000
494547.000000
495361.000000
496172.000000
496966.000000
497736.000000
498531.000000
499341.000000
500170.000000
500981.000000
501795.000000
502635.000000
503464.000000
504273.000000
505074.000000
505898.000000
506707.000000
507524.000000
508309.000000
509103.000000
509901.000000
510701.000000
511501.000000
512286.000000
513100.000000
513913.000000
514715.000000
515490.000000
516243.000000
517034.000000
517812.000000
518593.000000
519383.000000
520161.000000
520952.000000
521745.000000
522529.000000
523296.000000
524051.000000
524823.000000
525594.000000
526373.000000
527165.000000
527943.000000
528737.000000
529545.000000
530352.000000
531138.000000
531883.000000
532672.000000
533444.000000
534212.000000
534970.000000
535717.000000
536471.000000
537246.000000
538026.000000
538793.000000
539543.000000
540310.000000
541079.000000
541831.000000
542560.000000
543283.000000
544001.000000
544769.000000
545561.000000
546366.000000
547178.000000
547942.000000
548770.000000
549586.000000
550413.000000
551254.000000
552062.000000
552876.000000
553706.000000
554534.000000
555364.000000
556168.000000
556995.000000
557821.000000
558642.000000
559405.000000
560194.000000
561024.000000
561855.000000
562702.000000
563534.000000
564343.000000
565155.000000
565991.000000
566825.000000
567667.000000
568477.000000
569273.000000
570096.000000
570931.000000
571771.000000
572575.000000
573400.000000
574238.000000
575087.000000
575888.000000
576694.000000
577505.000000
578317.000000
579154.000000
579954.000000
580750.000000
581561.000000
582390.000000
583232.000000
584041.000000
584871.000000
585711.000000
586552.000000
587392.000000
588204.000000
589001.000000
589813.000000
590625.000000
591428.000000
592176.000000
592985.000000
593783.000000
594596.000000
595411.000000
596159.000000
596988.000000
597790.000000
598587.000000
599348.000000
600102.000000
600876.000000
601688.000000
602537.000000
603391.000000
604216.000000
605013.000000
605858.000000
606705.000000
607574.000000
608418.000000
609238.000000
610091.000000
610936.000000
611798.000000
612630.000000
613461.000000
614311.000000
615167.000000
615997.000000
616808.000000
617646.000000
618482.000000
619329.000000
620153.000000
620973.000000
621838.000000
622709.000000
623547.000000
624358.000000
625200.000000
626054.000000
626921.000000
627748.000000
628581.000000
629453.000000
630320.000000
631150.000000
631955.000000
632776.000000
633594.000000
634418.000000
635224.000000
636030.000000
636855.000000
637706.000000
638531.000000
639326.000000
640133.000000
640941.000000
641750.000000
642514.000000
643321.000000
644122.000000
644920.000000
645715.000000
646485.000000
647258.000000
648032.000000
648793.000000
649527.000000
650267.000000
651015.000000
651778.000000
652576.000000
653391.000000
654228.000000
655040.000000
655846.000000
656679.000000
657523.000000
658381.000000
659213.000000
660035.000000
660885.000000
661749.000000
662625.000000
663466.000000
664294.000000
665146.000000
666007.000000
666885.000000
667730.000000
668592.000000
669463.000000
670331.000000
671173.000000
671985.000000
672804.000000
673624.000000
674460.000000
675287.000000
676105.000000
676948.000000
677799.000000
678646.000000
679454.000000
680247.000000
681049.000000
681848.000000
682658.000000
683461.000000
684251.000000
685057.000000
685885.000000
686720.000000
687529.000000
688322.000000
689139.000000
689956.000000
690776.000000
691575.000000
692401.000000
693228.000000
694047.000000
694845.000000
695624.000000
696423.000000
697243.000000
698064.000000
698862.000000
699646.000000
700441.000000
701233.000000
702029.000000
702809.000000
703576.000000
704359.000000
705130.000000
705897.000000
706657.000000
707418.000000
708193.000000
708971.000000
709741.000000
710503.000000
711270.000000
712040.000000
712798.000000
713531.000000
714247.000000
714976.000000
715729.000000
716532.000000
717354.000000
718165.000000
718954.000000
719738.000000
720539.000000
721341.000000
722157.000000
722959.000000
723759.000000
724600.000000
725454.000000
726318.000000
727153.000000
727961.000000
728773.000000
729578.000000
730381.000000
731170.000000
731954.000000
732776.000000
733618.000000
734472.000000
735298.000000
736114.000000
736941.000000
737764.000000
738564.000000
739342.000000
740138.000000
740943.000000
741752.000000
742562.000000
743363.000000
744174.000000
745003.000000
745821.000000
746619.000000
747402.000000
748202.000000
749013.000000
749825.000000
750617.000000
751395.000000
752192.000000
753012.000000
753844.000000
754662.000000
755469.000000
756288.000000
757114.000000
757937.000000
758732.000000
759526.000000
760331.000000
761145.000000
761973.000000
762781.000000
763597.000000
764435.000000
765263.000000
766079.000000
766875.000000
767667.000000
768461.000000
769244.000000
770011.000000
770767.000000
771541.000000
772308.000000
773063.000000
773794.000000
774534.000000
775281.000000
776054.000000
776859.000000
777673.000000
778478.000000
779260.000000
780049.000000
780872.000000
781713.000000
782554.000000
783372.000000
784193.000000
785038.000000
785895.000000
786740.000000
787533.000000
788381.000000
789248.000000
790085.000000
790907.000000
791707.000000
792541.000000
793414.000000
794296.000000
795150.000000
795984.000000
796827.000000
797660.000000
798491.000000
799303.000000
800101.000000
800923.000000
801772.000000
802650.000000
803516.000000
804369.000000
805242.000000
806104.000000
806947.000000
807744.000000
808545.000000
809355.000000
810167.000000
810977.000000
811776.000000
812593.000000
813436.000000
814293.000000
815120.000000
815930.000000
816758.000000
817571.000000
818375.000000
819151.000000
819928.000000
820723.000000
821532.000000
822343.000000
823154.000000
823953.000000
824777.000000
825613.000000
826436.000000
827233.000000
827981.000000
828768.000000
829538.000000
830308.000000
831056.000000
831789.000000
832518.000000
833281.000000
834076.000000
834877.000000
835698.000000
836503.000000
837292.000000
838090.000000
838886.000000
839681.000000
840460.000000
841247.000000
842062.000000
842876.000000
843713.000000
844531.000000
845334.000000
846156.000000
846985.000000
847824.000000
848641.000000
849440.000000
850259.000000
851096.000000
851940.000000
852761.000000
853566.000000
854384.000000
855203.000000
856020.000000
856834.000000
857629.000000
858443.000000
859265.000000
860086.000000
860898.000000
861691.000000
862504.000000
863317.000000
864143.000000
864940.000000
865718.000000
866515.000000
867335.000000
868160.000000
868967.000000
869759.000000
870565.000000
871356.000000
872143.000000
872922.000000
873696.000000
874474.000000
875256.000000
876039.000000
876786.000000
877518.000000
878254.000000
879020.000000
879801.000000
880580.000000
881347.000000
882103.000000
882863.000000
883628.000000
884401.000000
885179.000000
885942.000000
886718.000000
887522.000000
888346.000000
889176.000000
889988.000000
890800.000000
891631.000000
892460.000000
893288.000000
894102.000000
894942.000000
895786.000000
896620.000000
897444.000000
898250.000000
899064.000000
899885.000000
900716.000000
