Peaks (s)
977.000000
1819.000000
2648.000000
3490.000000
4367.000000
5314.000000
6257.000000
7124.000000
7983.000000
8867.000000
9777.000000
10649.000000
11516.000000
12420.000000
13365.000000
14320.000000
15252.000000
16107.000000
16934.000000
17802.000000
18708.000000
19699.000000
20641.000000
21585.000000
22558.000000
23548.000000
24478.000000
25368.000000
26269.000000
27164.000000
28031.000000
28872.000000
29743.000000
30663.000000
31577.000000
32569.000000
33527.000000
34439.000000
35355.000000
36229.000000
37123.000000
37987.000000
38818.000000
39710.000000
40651.000000
41572.000000
42438.000000
43392.000000
44333.000000
45237.000000
46097.000000
46970.000000
47836.000000
48612.000000
49316.000000
50022.000000
50799.000000
51678.000000
52625.000000
53550.000000
54428.000000
55304.000000
56198.000000
57096.000000
57933.000000
58767.000000
59673.000000
60684.000000
61566.000000
62425.000000
63259.000000
64183.000000
65083.000000
66047.000000
67066.000000
68057.000000
68974.000000
69895.000000
70872.000000
71810.000000
72683.000000
73609.000000
74590.000000
75514.000000
76438.000000
77420.000000
78386.000000
79241.000000
80121.000000
81043.000000
81959.000000
82844.000000
83804.000000
84760.000000
85658.000000
86546.000000
87490.000000
88460.000000
89382.000000
90221.000000
91085.000000
91960.000000
92812.000000
93696.000000
94763.000000
95804.000000
96750.000000
97669.000000
98631.000000
99507.000000
100379.000000
101342.000000
102342.000000
103280.000000
104188.000000
105111.000000
105910.000000
106627.000000
107346.000000
108129.000000
108942.000000
109835.000000
110826.000000
111754.000000
112622.000000
113507.000000
114399.000000
115317.000000
116179.000000
117045.000000
117964.000000
118907.000000
119805.000000
120697.000000
121623.000000
122558.000000
123443.000000
124291.000000
125186.000000
126142.000000
127006.000000
127857.000000
128741.000000
129642.000000
130554.000000
131431.000000
132324.000000
133239.000000
134137.000000
135005.000000
135904.000000
136818.000000
137737.000000
138584.000000
139423.000000
140258.000000
141130.000000
141988.000000
142868.000000
143773.000000
144736.000000
145633.000000
146528.000000
147409.000000
148218.000000
149032.000000
149879.000000
150789.000000
151651.000000
152502.000000
153478.000000
154440.000000
155311.000000
156151.000000
156981.000000
157829.000000
158672.000000
159542.000000
160482.000000
161425.000000
162271.000000
163147.000000
164082.000000
164975.000000
165822.000000
166672.000000
167528.000000
168349.000000
169170.000000
170026.000000
170927.000000
171822.000000
172718.000000
173634.000000
174512.000000
175327.000000
176127.000000
176967.000000
177847.000000
178673.000000
179524.000000
180457.000000
181403.000000
182260.000000
183142.000000
184065.000000
184901.000000
185712.000000
186587.000000
187483.000000
188254.000000
188983.000000
189713.000000
190509.000000
191431.000000
192355.000000
193257.000000
194110.000000
194982.000000
195854.000000
196716.000000
197549.000000
198378.000000
199262.000000
200168.000000
201083.000000
201975.000000
202851.000000
203755.000000
204660.000000
205508.000000
206368.000000
207260.000000
208168.000000
209045.000000
209944.000000
210910.000000
211894.000000
212806.000000
213722.000000
214698.000000
215553.000000
216370.000000
217188.000000
218104.000000
219039.000000
219985.000000
220962.000000
221966.000000
222911.000000
223803.000000
224727.000000
225642.000000
226494.000000
227339.000000
228259.000000
229195.000000
230097.000000
231024.000000
231961.000000
232885.000000
233798.000000
234638.000000
235484.000000
236327.000000
237171.000000
238009.000000
238920.000000
239877.000000
240831.000000
241701.000000
242548.000000
243409.000000
244273.000000
245121.000000
245973.000000
246847.000000
247762.000000
248662.000000
249535.000000
250421.000000
251313.000000
252251.000000
253175.000000
254044.000000
254958.000000
255911.000000
256808.000000
257633.000000
258473.000000
259376.000000
260367.000000
261277.000000
262180.000000
263126.000000
263911.000000
264650.000000
265442.000000
266317.000000
267316.000000
268272.000000
269171.000000
270095.000000
271055.000000
271997.000000
272878.000000
273846.000000
274828.000000
275777.000000
276671.000000
277601.000000
278539.000000
279400.000000
280230.000000
281085.000000
282017.000000
282935.000000
283810.000000
284721.000000
285650.000000
286563.000000
287441.000000
288300.000000
289189.000000
290166.000000
291120.000000
292000.000000
292846.000000
293682.000000
294529.000000
295406.000000
296321.000000
297333.000000
298361.000000
299353.000000
300254.000000
301160.000000
302067.000000
302971.000000
303832.000000
304751.000000
305740.000000
306692.000000
307576.000000
308516.000000
309467.000000
310393.000000
311270.000000
312165.000000
313114.000000
314059.000000
314947.000000
315830.000000
316772.000000
317698.000000
318529.000000
319332.000000
320161.000000
321115.000000
322069.000000
322966.000000
323894.000000
324915.000000
325902.000000
326778.000000
327645.000000
328567.000000
329573.000000
330471.000000
331357.000000
332287.000000
333242.000000
334132.000000
335011.000000
335941.000000
336923.000000
337832.000000
338713.000000
339612.000000
340556.000000
341468.000000
342335.000000
343201.000000
344094.000000
344972.000000
345810.000000
346637.000000
347590.000000
348586.000000
349499.000000
350336.000000
351171.000000
352167.000000
353200.000000
354102.000000
354996.000000
355937.000000
356895.000000
357812.000000
358679.000000
359570.000000
360515.000000
361471.000000
362366.000000
363246.000000
364202.000000
365147.000000
366050.000000
366924.000000
367759.000000
368665.000000
369648.000000
370595.000000
371486.000000
372417.000000
373361.000000
374284.000000
375147.000000
376070.000000
377027.000000
377906.000000
378769.000000
379735.000000
380753.000000
381666.000000
382517.000000
383426.000000
384307.000000
385214.000000
386086.000000
386976.000000
387966.000000
388948.000000
389849.000000
390712.000000
391614.000000
392559.000000
393504.000000
394368.000000
395226.000000
396080.000000
396985.000000
397847.000000
398658.000000
399556.000000
400554.000000
401499.000000
402350.000000
403172.000000
404062.000000
405018.000000
405881.000000
406715.000000
407694.000000
408708.000000
409615.000000
410545.000000
411516.000000
412489.000000
413415.000000
414341.000000
415336.000000
416304.000000
417164.000000
418011.000000
418913.000000
419720.000000
420456.000000
421249.000000
422227.000000
423253.000000
424276.000000
425234.000000
426117.000000
426982.000000
427829.000000
428689.000000
429582.000000
430478.000000
431492.000000
432517.000000
433478.000000
434370.000000
435288.000000
436246.000000
437191.000000
438038.000000
438875.000000
439812.000000
440785.000000
441702.000000
442609.000000
443564.000000
444524.000000
445474.000000
446344.000000
447216.000000
448178.000000
449118.000000
450009.000000
450848.000000
451691.000000
452694.000000
453697.000000
454615.000000
455533.000000
456530.000000
457531.000000
458447.000000
459414.000000
460321.000000
461269.000000
462166.000000
463119.000000
464128.000000
465048.000000
465926.000000
466858.000000
467822.000000
468708.000000
469568.000000
470470.000000
471431.000000
472368.000000
473242.000000
474125.000000
475028.000000
475965.000000
476819.000000
477638.000000
478524.000000
479504.000000
480450.000000
481300.000000
482143.000000
483007.000000
483936.000000
484841.000000
485705.000000
486677.000000
487631.000000
488495.000000
489292.000000
490109.000000
491104.000000
492097.000000
492958.000000
493782.000000
494769.000000
495713.000000
496608.000000
497485.000000
498401.000000
499365.000000
500246.000000
501104.000000
501999.000000
502953.000000
503828.000000
504707.000000
505677.000000
506622.000000
507497.000000
508341.000000
509248.000000
510173.000000
511089.000000
511948.000000
512815.000000
513691.000000
514577.000000
515423.000000
516273.000000
517203.000000
518150.000000
519033.000000
519871.000000
520742.000000
521624.000000
522466.000000
523292.000000
524162.000000
525043.000000
525917.000000
526749.000000
527596.000000
528495.000000
529394.000000
530306.000000
531134.000000
531950.000000
532812.000000
533737.000000
534575.000000
535386.000000
536223.000000
537127.000000
538062.000000
538949.000000
539764.000000
540667.000000
541578.000000
542470.000000
543296.000000
544131.000000
545003.000000
545936.000000
546846.000000
547705.000000
548558.000000
549432.000000
550372.000000
551198.000000
552011.000000
552848.000000
553730.000000
554594.000000
555448.000000
556379.000000
557289.000000
558139.000000
558965.000000
559855.000000
560762.000000
561662.000000
562509.000000
563344.000000
564221.000000
565194.000000
566126.000000
566990.000000
567887.000000
568792.000000
569723.000000
570660.000000
571544.000000
572453.000000
573373.000000
574256.000000
575096.000000
575988.000000
576873.000000
577757.000000
578593.000000
579417.000000
580284.000000
581217.000000
582086.000000
582971.000000
583920.000000
584849.000000
585735.000000
586581.000000
587458.000000
588408.000000
589351.000000
590244.000000
591137.000000
592038.000000
592945.000000
593827.000000
594692.000000
595598.000000
596559.000000
597514.000000
598374.000000
599244.000000
600141.000000
601067.000000
601931.000000
602735.000000
603478.000000
604181.000000
604928.000000
605745.000000
606602.000000
607572.000000
608520.000000
609442.000000
610278.000000
611118.000000
612000.000000
612911.000000
613801.000000
614704.000000
615701.000000
616707.000000
617640.000000
618550.000000
619505.000000
620454.000000
621336.000000
622205.000000
623151.000000
624126.000000
625072.000000
625959.000000
626900.000000
627871.000000
628786.000000
629653.000000
630595.000000
631596.000000
632543.000000
633412.000000
634310.000000
635192.000000
636054.000000
636869.000000
637694.000000
638569.000000
639490.000000
640353.000000
641220.000000
642148.000000
643108.000000
644003.000000
644814.000000
645608.000000
646477.000000
647396.000000
648249.000000
649132.000000
650109.000000
651088.000000
652002.000000
652832.000000
653662.000000
654554.000000
655469.000000
656351.000000
657245.000000
658243.000000
659184.000000
660052.000000
660932.000000
661831.000000
662709.000000
663565.000000
664443.000000
665327.000000
666172.000000
667029.000000
667934.000000
668892.000000
669723.000000
670533.000000
671378.000000
672293.000000
673154.000000
674026.000000
675009.000000
676002.000000
676884.000000
677747.000000
678642.000000
679562.000000
680447.000000
681355.000000
682368.000000
683306.000000
684210.000000
685160.000000
686107.000000
687003.000000
687873.000000
688770.000000
689740.000000
690598.000000
691502.000000
692484.000000
693426.000000
694309.000000
695221.000000
696198.000000
697121.000000
698041.000000
699014.000000
699962.000000
700838.000000
701708.000000
702623.000000
703599.000000
704454.000000
705290.000000
706187.000000
707174.000000
708122.000000
709039.000000
710002.000000
711010.000000
711927.000000
712825.000000
713710.000000
714627.000000
715484.000000
716425.000000
717426.000000
718280.000000
719126.000000
720090.000000
721100.000000
721984.000000
722908.000000
723839.000000
724705.000000
725571.000000
726506.000000
727418.000000
728271.000000
729141.000000
730016.000000
730870.000000
731733.000000
732676.000000
733611.000000
734467.000000
735274.000000
736118.000000
737026.000000
737879.000000
738722.000000
739700.000000
740659.000000
741538.000000
742369.000000
743309.000000
744276.000000
745176.000000
746020.000000
746850.000000
747783.000000
748737.000000
749586.000000
750433.000000
751353.000000
752330.000000
753270.000000
754181.000000
755105.000000
756028.000000
756903.000000
757760.000000
758673.000000
759581.000000
760423.000000
761237.000000
762116.000000
763028.000000
763925.000000
764796.000000
765682.000000
766633.000000
767567.000000
768418.000000
769242.000000
770066.000000
770908.000000
771776.000000
772683.000000
773631.000000
774594.000000
775495.000000
776381.000000
777287.000000
778185.000000
779052.000000
779892.000000
780763.000000
781706.000000
782605.000000
783490.000000
784412.000000
785384.000000
786277.000000
787128.000000
787984.000000
788906.000000
789839.000000
790735.000000
791650.000000
792654.000000
793639.000000
794578.000000
795518.000000
796463.000000
797339.000000
798198.000000
799084.000000
800005.000000
800947.000000
801891.000000
802877.000000
803857.000000
804738.000000
805587.000000
806430.000000
807329.000000
808177.000000
809039.000000
810013.000000
810941.000000
811849.000000
812823.000000
813747.000000
814613.000000
815431.000000
816252.000000
817158.000000
818156.000000
819082.000000
819958.000000
820948.000000
821884.000000
822780.000000
823695.000000
824655.000000
825589.000000
826483.000000
827444.000000
828422.000000
829359.000000
830227.000000
831092.000000
831943.000000
832792.000000
833647.000000
834534.000000
835467.000000
836403.000000
837330.000000
838304.000000
839208.000000
840073.000000
841005.000000
841967.000000
842887.000000
843778.000000
844672.000000
845582.000000
846461.000000
847321.000000
848235.000000
849160.000000
850052.000000
850918.000000
851835.000000
852745.000000
853631.000000
854525.000000
855421.000000
856325.000000
857177.000000
857995.000000
858910.000000
859910.000000
860860.000000
861763.000000
862720.000000
863694.000000
864593.000000
865511.000000
866459.000000
867362.000000
868223.000000
869109.000000
870020.000000
870921.000000
871788.000000
872663.000000
873637.000000
874525.000000
875420.000000
876281.000000
877228.000000
878064.000000
878928.000000
879925.000000
880829.000000
881713.000000
882697.000000
883662.000000
884552.000000
885406.000000
886286.000000
887138.000000
887971.000000
888824.000000
889760.000000
890724.000000
891628.000000
892440.000000
893270.000000
894157.000000
895105.000000
895972.000000
896818.000000
897746.000000
898701.000000
899549.000000
900370.000000
901219.000000
902186.000000
903102.000000
904027.000000
904926.000000
905840.000000
906721.000000
907578.000000
908428.000000
909330.000000
910133.000000
910946.000000
911860.000000
912795.000000
913640.000000
914481.000000
915244.000000
915962.000000
916739.000000
917582.000000
918475.000000
919481.000000
920411.000000
921256.000000
922081.000000
922898.000000
923774.000000
924662.000000
925516.000000
926479.000000
927492.000000
928461.000000
929333.000000
930220.000000
931111.000000
932009.000000
932870.000000
933740.000000
934682.000000
935623.000000
936486.000000
937354.000000
938274.000000
939204.000000
940053.000000
940907.000000
941784.000000
942690.000000
943560.000000
944424.000000
945364.000000
946315.000000
947192.000000
948037.000000
948913.000000
949813.000000
950657.000000
951519.000000
952391.000000
953298.000000
954125.000000
954964.000000
955825.000000
956752.000000
957585.000000
958435.000000
959444.000000
960405.000000
961239.000000
962082.000000
962949.000000
963789.000000
964585.000000
965454.000000
966459.000000
967360.000000
968195.000000
969050.000000
969942.000000
970828.000000
971665.000000
972558.000000
973468.000000
974406.000000
975279.000000
976175.000000
977165.000000
978158.000000
979079.000000
979999.000000
980899.000000
981794.000000
982641.000000
983510.000000
984450.000000
985378.000000
986229.000000
987075.000000
988009.000000
989023.000000
989897.000000
990778.000000
991663.000000
992528.000000
993358.000000
994180.000000
995208.000000
996166.000000
997089.000000
998045.000000
998990.000000
999888.000000
1000775.000000
1001685.000000
1002590.000000
1003408.000000
1004255.000000
1005109.000000
1006030.000000
1006905.000000
1007735.000000
1008610.000000
1009545.000000
1010401.000000
1011221.000000
1012096.000000
1012979.000000
1013815.000000
1014645.000000
1015546.000000
1016449.000000
1017275.000000
1018099.000000
1018970.000000
1019866.000000
1020717.000000
1021541.000000
1022375.000000
1023244.000000
1024072.000000
1024884.000000
1025767.000000
1026678.000000
1027477.000000
1028270.000000
1029140.000000
1030073.000000
1031004.000000
1031896.000000
1032874.000000
1033872.000000
1034801.000000
1035687.000000
1036576.000000
1037474.000000
1038328.000000
1039181.000000
1040048.000000
1040907.000000
1041751.000000
1042628.000000
1043558.000000
1044444.000000
1045294.000000
1046178.000000
1047132.000000
1048003.000000
1048864.000000
1049764.000000
1050721.000000
1051600.000000
1052498.000000
1053426.000000
1054381.000000
1055259.000000
1056181.000000
1057077.000000
1057932.000000
1058744.000000
1059572.000000
1060463.000000
1061304.000000
1062117.000000
1062995.000000
1063988.000000
1064852.000000
1065657.000000
1066501.000000
1067401.000000
1068237.000000
1069098.000000
1070059.000000
1071078.000000
1071983.000000
1072887.000000
1073779.000000
1074607.000000
1075406.000000
1076264.000000
1077156.000000
1078061.000000
1078947.000000
1079830.000000
1080789.000000
1081714.000000
1082550.000000
1083401.000000
1084238.000000
1085095.000000
1085964.000000
1086843.000000
1087873.000000
1088824.000000
1089711.000000
1090691.000000
1091626.000000
1092476.000000
1093300.000000
1094193.000000
1095130.000000
1095996.000000
1096873.000000
1097828.000000
1098801.000000
1099664.000000
1100527.000000
1101457.000000
1102408.000000
1103254.000000
1104063.000000
1104866.000000
1105605.000000
1106305.000000
1107018.000000
1107885.000000
1108769.000000
1109678.000000
1110625.000000
1111597.000000
1112498.000000
1113334.000000
1114180.000000
1115062.000000
1115925.000000
1116797.000000
1117735.000000
1118653.000000
1119575.000000
1120445.000000
1121321.000000
1122256.000000
1123175.000000
1124033.000000
1124893.000000
1125753.000000
1126598.000000
1127423.000000
1128221.000000
1129073.000000
1129995.000000
1130849.000000
1131685.000000
1132575.000000
1133533.000000
1134467.000000
1135294.000000
1136133.000000
1137013.000000
1138064.000000
1139047.000000
1139921.000000
1140833.000000
1141809.000000
1142791.000000
1143727.000000
1144706.000000
1145716.000000
1146585.000000
1147402.000000
1148247.000000
1149264.000000
1150223.000000
1151228.000000
1152285.000000
1153266.000000
1154183.000000
1155079.000000
1155932.000000
1156766.000000
1157615.000000
1158523.000000
1159500.000000
1160472.000000
1161462.000000
1162391.000000
1163274.000000
1164225.000000
1165158.000000
1166002.000000
1166879.000000
1167828.000000
1168724.000000
1169561.000000
1170380.000000
1171210.000000
1172140.000000
1172986.000000
1173810.000000
1174708.000000
1175691.000000
1176543.000000
1177348.000000
1178199.000000
1179066.000000
1179918.000000
1180729.000000
1181547.000000
1182396.000000
1183305.000000
1184169.000000
1185038.000000
1185938.000000
1186896.000000
1187758.000000
1188594.000000
1189423.000000
1190330.000000
1191154.000000
1191961.000000
1192836.000000
1193800.000000
1194752.000000
