Peaks (s)
896.000000
1963.000000
2961.000000
4111.000000
5296.000000
6407.000000
7449.000000
8554.000000
9663.000000
10714.000000
11725.000000
12805.000000
13919.000000
15019.000000
15991.000000
17043.000000
18119.000000
19221.000000
20250.000000
21405.000000
22627.000000
23822.000000
24960.000000
26020.000000
27118.000000
28267.000000
29414.000000
30519.000000
31518.000000
32681.000000
33869.000000
35005.000000
36023.000000
37035.000000
38143.000000
39250.000000
40336.000000
41295.000000
42291.000000
43436.000000
44639.000000
45761.000000
46759.000000
47889.000000
49074.000000
50237.000000
51341.000000
52382.000000
53543.000000
54716.000000
55869.000000
56953.000000
57991.000000
59166.000000
60388.000000
61561.000000
62668.000000
63716.000000
64881.000000
66048.000000
67220.000000
68355.000000
69378.000000
70434.000000
71578.000000
72769.000000
73915.000000
75026.000000
76143.000000
77342.000000
78525.000000
79677.000000
80774.000000
81778.000000
82928.000000
84125.000000
85313.000000
86405.000000
87554.000000
88760.000000
89944.000000
91021.000000
92153.000000
93318.000000
94478.000000
95493.000000
96495.000000
97717.000000
98954.000000
100145.000000
101210.000000
102340.000000
103529.000000
104619.000000
105657.000000
106821.000000
107972.000000
108992.000000
110137.000000
111322.000000
112464.000000
113530.000000
114677.000000
115847.000000
116951.000000
117931.000000
119034.000000
120257.000000
121489.000000
122569.000000
123735.000000
124907.000000
126019.000000
127021.000000
128063.000000
129163.000000
130252.000000
131300.000000
132445.000000
133607.000000
134750.000000
135774.000000
136818.000000
137936.000000
139074.000000
140179.000000
141221.000000
142355.000000
143509.000000
144633.000000
145620.000000
146685.000000
147812.000000
148914.000000
149906.000000
150943.000000
152063.000000
153186.000000
154205.000000
155239.000000
156402.000000
157537.000000
158594.000000
159604.000000
160674.000000
161770.000000
162770.000000
163807.000000
164978.000000
166129.000000
167148.000000
168193.000000
169314.000000
170429.000000
171430.000000
172427.000000
173491.000000
174554.000000
175617.000000
176568.000000
177662.000000
178819.000000
179940.000000
180937.000000
182023.000000
183139.000000
184196.000000
185170.000000
186258.000000
187408.000000
188416.000000
189449.000000
190549.000000
191622.000000
192599.000000
193664.000000
194789.000000
195892.000000
196875.000000
197965.000000
199092.000000
200154.000000
201113.000000
202174.000000
203294.000000
204374.000000
205383.000000
206666.000000
207905.000000
209086.000000
210224.000000
211418.000000
212559.000000
213641.000000
214816.000000
216020.000000
217187.000000
218299.000000
219482.000000
220697.000000
221820.000000
222827.000000
223945.000000
225126.000000
226213.000000
227403.000000
228609.000000
229742.000000
230831.000000
232004.000000
233170.000000
234274.000000
235309.000000
236457.000000
237579.000000
238621.000000
239821.000000
241024.000000
242170.000000
243198.000000
244248.000000
245370.000000
246505.000000
247621.000000
248666.000000
249830.000000
251044.000000
252197.000000
253332.000000
254522.000000
255709.000000
256786.000000
257886.000000
259056.000000
260247.000000
261375.000000
262402.000000
263601.000000
264813.000000
265977.000000
267037.000000
268179.000000
269345.000000
270519.000000
271644.000000
272710.000000
273884.000000
275060.000000
276231.000000
277347.000000
278415.000000
279448.000000
280646.000000
281828.000000
282986.000000
284042.000000
285103.000000
286235.000000
287369.000000
288477.000000
289496.000000
290577.000000
291729.000000
292888.000000
294018.000000
295059.000000
296072.000000
297003.000000
297935.000000
298987.000000
300080.000000
301029.000000
302037.000000
303144.000000
304296.000000
305346.000000
306395.000000
307532.000000
308667.000000
309758.000000
310712.000000
311760.000000
312898.000000
314029.000000
315089.000000
316173.000000
317373.000000
318529.000000
319649.000000
320639.000000
321728.000000
322935.000000
324093.000000
325132.000000
326247.000000
327440.000000
328599.000000
329642.000000
330758.000000
331920.000000
333007.000000
334080.000000
335205.000000
336352.000000
337468.000000
338515.000000
339667.000000
340918.000000
342147.000000
343274.000000
344380.000000
345588.000000
346774.000000
347879.000000
348889.000000
350080.000000
351307.000000
352475.000000
353531.000000
354704.000000
355907.000000
357078.000000
358230.000000
359350.000000
360395.000000
361536.000000
362678.000000
363811.000000
364832.000000
365988.000000
367174.000000
368310.000000
369338.000000
370429.000000
371582.000000
372706.000000
373727.000000
374723.000000
375921.000000
377086.000000
378145.000000
379268.000000
380448.000000
381572.000000
382582.000000
383671.000000
384768.000000
385883.000000
386919.000000
387896.000000
389019.000000
390201.000000
391348.000000
392372.000000
393489.000000
394647.000000
395762.000000
396796.000000
397739.000000
398815.000000
399929.000000
400984.000000
401938.000000
403020.000000
404158.000000
405237.000000
406244.000000
407355.000000
408456.000000
409432.000000
410479.000000
411602.000000
412657.000000
413640.000000
414743.000000
415855.000000
416838.000000
417887.000000
418978.000000
420031.000000
420977.000000
422002.000000
423061.000000
424078.000000
425051.000000
426145.000000
427264.000000
428393.000000
429436.000000
430500.000000
431634.000000
432756.000000
433786.000000
434846.000000
435968.000000
437085.000000
438108.000000
439165.000000
440335.000000
441489.000000
442535.000000
443635.000000
444744.000000
445799.000000
446764.000000
447824.000000
449009.000000
450145.000000
451194.000000
452406.000000
453616.000000
454713.000000
455765.000000
456907.000000
458088.000000
459152.000000
460116.000000
461241.000000
462402.000000
463469.000000
464622.000000
465822.000000
466946.000000
467969.000000
469120.000000
470284.000000
471368.000000
472436.000000
473644.000000
474818.000000
475954.000000
476952.000000
477985.000000
479003.000000
480050.000000
481078.000000
482036.000000
483211.000000
484449.000000
485656.000000
486744.000000
487911.000000
489066.000000
490181.000000
491142.000000
492073.000000
493067.000000
494123.000000
495225.000000
496181.000000
497258.000000
498372.000000
499456.000000
500427.000000
501402.000000
502475.000000
503535.000000
504515.000000
505481.000000
506480.000000
507510.000000
508493.000000
509454.000000
510461.000000
511511.000000
512564.000000
513547.000000
514441.000000
515405.000000
516449.000000
517517.000000
518533.000000
519434.000000
520387.000000
521415.000000
522420.000000
523336.000000
524186.000000
525089.000000
526084.000000
527114.000000
528064.000000
529002.000000
530020.000000
531072.000000
532064.000000
532982.000000
533975.000000
534970.000000
535950.000000
536852.000000
537835.000000
538882.000000
539910.000000
540884.000000
541973.000000
543136.000000
544246.000000
545220.000000
546275.000000
547361.000000
548387.000000
549315.000000
550261.000000
551340.000000
552458.000000
553466.000000
554481.000000
555609.000000
556744.000000
557780.000000
558802.000000
559893.000000
560998.000000
562048.000000
563039.000000
564156.000000
565299.000000
566379.000000
567445.000000
568583.000000
569725.000000
570872.000000
571950.000000
573047.000000
574192.000000
575343.000000
576413.000000
577422.000000
578561.000000
579716.000000
580848.000000
581872.000000
582985.000000
584164.000000
585367.000000
586462.000000
587533.000000
588710.000000
589877.000000
590948.000000
591954.000000
593116.000000
594292.000000
595435.000000
596472.000000
597610.000000
598758.000000
599859.000000
600918.000000
602013.000000
603211.000000
604375.000000
605484.000000
606530.000000
607682.000000
608861.000000
609996.000000
611044.000000
612168.000000
613350.000000
614482.000000
615573.000000
616725.000000
617887.000000
618975.000000
620003.000000
621242.000000
622461.000000
623637.000000
624695.000000
625892.000000
627130.000000
628302.000000
629375.000000
630545.000000
631745.000000
632929.000000
633981.000000
634946.000000
636092.000000
637284.000000
638290.000000
639240.000000
640202.000000
641373.000000
642524.000000
643648.000000
644662.000000
645713.000000
646866.000000
648022.000000
649063.000000
650036.000000
651281.000000
652510.000000
653665.000000
654727.000000
655933.000000
657138.000000
658276.000000
659310.000000
660424.000000
661593.000000
662777.000000
663939.000000
665043.000000
666220.000000
667401.000000
668507.000000
669557.000000
670668.000000
671798.000000
672948.000000
674044.000000
675251.000000
676491.000000
677643.000000
678746.000000
679933.000000
681096.000000
682204.000000
683218.000000
684263.000000
685447.000000
686629.000000
687721.000000
688876.000000
690057.000000
691233.000000
692372.000000
693367.000000
694474.000000
695648.000000
696840.000000
697947.000000
699132.000000
700340.000000
701469.000000
702528.000000
703731.000000
704943.000000
706082.000000
707102.000000
708272.000000
709456.000000
710604.000000
711635.000000
712713.000000
713885.000000
715025.000000
716037.000000
717153.000000
718309.000000
719481.000000
720528.000000
721646.000000
722822.000000
723956.000000
724973.000000
726061.000000
727196.000000
728380.000000
729509.000000
730551.000000
731703.000000
732850.000000
733958.000000
735018.000000
736060.000000
737212.000000
738404.000000
739515.000000
740514.000000
741634.000000
742812.000000
743943.000000
745012.000000
746096.000000
747230.000000
748257.000000
749279.000000
750469.000000
751636.000000
752679.000000
753817.000000
754993.000000
756145.000000
757152.000000
758237.000000
759359.000000
760451.000000
761418.000000
762468.000000
763599.000000
764682.000000
765633.000000
766669.000000
767810.000000
768969.000000
770065.000000
771055.000000
772146.000000
773354.000000
774539.000000
775602.000000
776718.000000
777888.000000
778996.000000
779980.000000
781091.000000
782204.000000
783213.000000
784134.000000
785211.000000
786331.000000
787376.000000
788408.000000
789558.000000
790721.000000
791768.000000
792856.000000
793976.000000
795089.000000
796091.000000
797211.000000
798363.000000
799490.000000
800508.000000
801598.000000
802712.000000
803829.000000
804831.000000
805873.000000
806996.000000
808157.000000
809220.000000
810302.000000
811495.000000
812672.000000
813797.000000
814784.000000
815872.000000
816969.000000
818025.000000
818958.000000
819909.000000
821022.000000
822182.000000
823204.000000
824234.000000
825380.000000
826488.000000
827458.000000
828447.000000
829469.000000
830519.000000
831475.000000
832392.000000
833437.000000
834523.000000
835556.000000
836500.000000
837491.000000
838531.000000
839579.000000
840571.000000
841486.000000
842472.000000
843512.000000
844542.000000
845504.000000
846475.000000
847463.000000
848455.000000
849391.000000
850425.000000
851509.000000
852561.000000
853512.000000
854488.000000
855505.000000
856525.000000
857430.000000
858463.000000
859543.000000
860555.000000
861566.000000
862673.000000
863751.000000
864704.000000
865662.000000
866686.000000
867716.000000
868650.000000
869589.000000
870639.000000
871702.000000
872698.000000
873719.000000
874820.000000
875873.000000
876838.000000
877844.000000
878850.000000
879760.000000
880721.000000
881747.000000
882696.000000
883636.000000
884648.000000
885619.000000
886516.000000
887473.000000
888479.000000
889470.000000
890433.000000
891368.000000
892345.000000
893303.000000
894177.000000
895013.000000
895829.000000
896788.000000
897844.000000
898813.000000
899745.000000
900728.000000
