Peaks (s)
726.000000
1658.000000
2640.000000
3646.000000
4619.000000
5524.000000
6507.000000
7546.000000
8543.000000
9496.000000
10347.000000
11127.000000
11952.000000
12868.000000
13753.000000
14557.000000
15348.000000
16249.000000
17171.000000
18095.000000
18965.000000
19899.000000
20892.000000
21833.000000
22782.000000
23776.000000
24718.000000
25607.000000
26534.000000
27540.000000
28503.000000
29411.000000
30361.000000
31324.000000
32271.000000
33213.000000
34118.000000
34946.000000
35737.000000
36592.000000
37488.000000
38477.000000
39358.000000
40272.000000
41237.000000
42143.000000
43065.000000
44020.000000
44929.000000
45824.000000
46791.000000
47759.000000
48664.000000
49609.000000
50578.000000
51524.000000
52474.000000
53356.000000
54155.000000
54999.000000
55896.000000
56790.000000
57738.000000
58652.000000
59560.000000
60489.000000
61447.000000
62377.000000
63343.000000
64308.000000
65222.000000
66149.000000
67077.000000
67992.000000
68884.000000
69700.000000
70478.000000
71381.000000
72295.000000
73218.000000
74170.000000
75112.000000
76054.000000
77029.000000
77969.000000
78869.000000
79824.000000
80792.000000
81715.000000
82744.000000
83714.000000
84619.000000
85566.000000
86551.000000
87486.000000
88375.000000
89287.000000
90186.000000
91108.000000
92035.000000
92947.000000
93817.000000
94752.000000
95547.000000
96310.000000
97034.000000
97770.000000
98516.000000
99245.000000
100066.000000
100838.000000
101604.000000
102332.000000
103043.000000
103762.000000
104521.000000
105276.000000
106055.000000
106789.000000
107536.000000
108258.000000
108985.000000
109757.000000
110592.000000
111437.000000
112277.000000
113127.000000
113986.000000
114819.000000
115631.000000
116400.000000
117179.000000
118007.000000
118972.000000
119919.000000
120792.000000
121579.000000
122418.000000
123459.000000
124517.000000
125511.000000
126563.000000
127619.000000
128710.000000
129794.000000
130797.000000
131772.000000
132753.000000
133661.000000
134589.000000
135585.000000
136606.000000
137590.000000
138522.000000
139503.000000
140401.000000
141293.000000
142191.000000
143129.000000
143995.000000
144922.000000
145845.000000
146786.000000
147668.000000
148555.000000
149360.000000
150187.000000
151061.000000
152016.000000
152940.000000
153879.000000
154834.000000
155710.000000
156599.000000
157503.000000
158452.000000
159341.000000
160264.000000
161217.000000
162120.000000
163015.000000
163931.000000
164875.000000
165726.000000
166626.000000
167502.000000
168419.000000
169311.000000
170121.000000
170960.000000
171824.000000
172700.000000
173628.000000
174521.000000
175387.000000
176292.000000
177114.000000
177873.000000
178685.000000
179558.000000
180496.000000
181433.000000
182341.000000
183242.000000
184193.000000
185136.000000
186048.000000
186936.000000
187819.000000
188719.000000
189630.000000
190547.000000
191423.000000
192307.000000
193149.000000
193925.000000
194790.000000
195698.000000
196652.000000
197593.000000
198494.000000
199443.000000
200399.000000
201303.000000
202263.000000
203237.000000
204174.000000
205137.000000
206137.000000
207081.000000
208009.000000
209000.000000
210009.000000
210910.000000
211883.000000
212864.000000
213740.000000
214712.000000
215671.000000
216634.000000
217540.000000
218413.000000
219285.000000
220179.000000
221084.000000
221984.000000
222885.000000
223753.000000
224646.000000
225602.000000
226534.000000
227400.000000
228306.000000
229203.000000
230118.000000
230995.000000
231928.000000
232819.000000
233669.000000
234537.000000
235461.000000
236368.000000
237258.000000
238074.000000
238875.000000
239749.000000
240650.000000
241490.000000
242398.000000
243247.000000
244119.000000
244973.000000
245855.000000
246688.000000
247518.000000
248351.000000
249123.000000
249821.000000
250508.000000
251183.000000
251970.000000
252812.000000
253776.000000
254664.000000
255521.000000
256409.000000
257262.000000
258045.000000
258860.000000
259685.000000
260567.000000
261511.000000
262339.000000
263211.000000
264063.000000
264880.000000
265658.000000
266467.000000
267346.000000
268246.000000
269186.000000
270050.000000
270872.000000
271711.000000
272521.000000
273343.000000
274183.000000
275029.000000
275827.000000
276661.000000
277439.000000
278188.000000
278966.000000
279775.000000
280634.000000
281545.000000
282411.000000
283241.000000
283998.000000
284725.000000
285492.000000
286324.000000
287171.000000
288030.000000
288835.000000
289668.000000
290464.000000
291246.000000
291986.000000
292718.000000
293447.000000
294130.000000
294795.000000
295486.000000
296197.000000
296924.000000
297686.000000
298497.000000
299283.000000
300024.000000
300819.000000
301697.000000
302706.000000
303721.000000
304724.000000
305743.000000
306697.000000
307564.000000
308382.000000
309226.000000
310120.000000
311091.000000
311956.000000
312863.000000
313791.000000
314703.000000
315608.000000
316503.000000
317367.000000
318181.000000
318961.000000
319852.000000
320752.000000
321663.000000
322559.000000
323443.000000
324356.000000
325276.000000
326220.000000
327137.000000
328039.000000
328964.000000
329919.000000
330865.000000
331768.000000
332701.000000
333626.000000
334518.000000
335317.000000
336201.000000
337156.000000
338080.000000
339017.000000
339952.000000
340889.000000
341755.000000
342655.000000
343580.000000
344460.000000
345369.000000
346275.000000
347181.000000
348093.000000
348991.000000
349861.000000
350734.000000
351649.000000
352545.000000
353420.000000
354267.000000
355114.000000
356029.000000
356941.000000
357881.000000
358837.000000
359774.000000
360671.000000
361584.000000
362529.000000
363465.000000
364352.000000
365240.000000
366164.000000
367062.000000
367964.000000
368894.000000
369814.000000
370689.000000
371557.000000
372445.000000
373252.000000
374095.000000
375130.000000
376070.000000
376990.000000
377946.000000
378858.000000
379817.000000
380786.000000
381715.000000
382685.000000
383615.000000
384523.000000
385419.000000
386312.000000
387258.000000
388238.000000
389176.000000
390099.000000
391044.000000
391927.000000
392817.000000
393628.000000
394461.000000
395376.000000
396254.000000
397142.000000
398050.000000
398947.000000
399840.000000
400695.000000
401597.000000
402508.000000
403449.000000
404373.000000
405287.000000
406198.000000
407100.000000
408030.000000
408988.000000
409907.000000
410866.000000
411835.000000
412784.000000
413775.000000
414707.000000
415564.000000
416419.000000
417340.000000
418270.000000
419087.000000
419948.000000
420905.000000
421876.000000
422802.000000
423765.000000
424708.000000
425627.000000
426566.000000
427470.000000
428322.000000
429253.000000
430139.000000
431080.000000
432028.000000
432949.000000
433906.000000
434899.000000
435867.000000
436787.000000
437744.000000
438716.000000
439647.000000
440606.000000
441582.000000
442535.000000
443453.000000
444392.000000
445223.000000
446043.000000
447008.000000
447948.000000
448876.000000
449815.000000
450739.000000
451644.000000
452594.000000
453542.000000
454458.000000
455401.000000
456385.000000
457329.000000
458331.000000
459364.000000
460367.000000
461384.000000
462355.000000
463313.000000
464303.000000
465304.000000
466270.000000
467274.000000
468241.000000
469182.000000
470201.000000
471159.000000
472096.000000
473068.000000
474007.000000
474932.000000
475915.000000
476827.000000
477717.000000
478548.000000
479356.000000
480328.000000
481191.000000
482064.000000
483024.000000
484078.000000
485023.000000
486009.000000
487012.000000
487930.000000
488874.000000
489834.000000
490791.000000
491837.000000
492815.000000
493788.000000
494793.000000
495775.000000
496761.000000
497720.000000
498654.000000
499591.000000
500581.000000
501607.000000
502584.000000
503562.000000
504500.000000
505437.000000
506377.000000
507349.000000
508259.000000
509207.000000
510139.000000
511095.000000
511992.000000
512965.000000
513983.000000
514913.000000
515813.000000
516720.000000
517666.000000
518576.000000
519481.000000
520315.000000
521128.000000
522033.000000
522978.000000
523916.000000
524804.000000
525705.000000
526616.000000
527524.000000
528451.000000
529349.000000
530236.000000
531113.000000
532042.000000
532909.000000
533819.000000
534739.000000
535656.000000
536645.000000
537536.000000
538433.000000
539378.000000
540287.000000
541236.000000
542154.000000
543081.000000
544040.000000
544993.000000
545903.000000
546815.000000
547692.000000
548536.000000
549407.000000
550305.000000
551198.000000
552111.000000
552984.000000
553778.000000
554608.000000
555535.000000
556556.000000
557479.000000
558439.000000
559350.000000
560270.000000
561170.000000
562060.000000
563003.000000
563937.000000
564888.000000
565864.000000
566810.000000
567799.000000
568775.000000
569738.000000
570709.000000
571650.000000
572600.000000
573543.000000
574461.000000
575423.000000
576400.000000
577325.000000
578298.000000
579333.000000
580291.000000
581236.000000
582139.000000
583004.000000
583928.000000
584893.000000
585846.000000
586753.000000
587729.000000
588708.000000
589661.000000
590665.000000
591654.000000
592565.000000
593513.000000
594457.000000
595356.000000
596306.000000
597291.000000
598319.000000
599342.000000
600360.000000
601348.000000
602353.000000
603445.000000
604470.000000
605396.000000
606290.000000
607111.000000
608038.000000
608999.000000
609979.000000
610971.000000
611912.000000
612924.000000
613943.000000
614891.000000
615900.000000
616938.000000
617869.000000
618844.000000
619801.000000
620716.000000
621696.000000
622640.000000
623591.000000
624609.000000
625565.000000
626512.000000
627484.000000
628468.000000
629394.000000
630336.000000
631315.000000
632233.000000
633197.000000
634159.000000
635041.000000
635940.000000
636854.000000
637670.000000
638496.000000
639299.000000
640103.000000
641069.000000
642076.000000
642962.000000
643864.000000
644835.000000
645762.000000
646680.000000
647586.000000
648451.000000
649329.000000
650265.000000
651201.000000
652117.000000
653083.000000
653961.000000
654799.000000
655588.000000
656521.000000
657485.000000
658481.000000
659477.000000
660426.000000
661346.000000
662245.000000
663054.000000
663892.000000
664801.000000
665707.000000
666652.000000
667635.000000
668540.000000
669409.000000
670293.000000
671231.000000
672116.000000
673072.000000
674030.000000
674907.000000
675811.000000
676731.000000
677591.000000
678474.000000
679359.000000
680349.000000
681238.000000
682177.000000
683189.000000
684107.000000
685056.000000
686016.000000
686908.000000
687840.000000
688852.000000
689798.000000
690675.000000
691529.000000
692396.000000
693285.000000
694175.000000
695104.000000
696071.000000
696981.000000
697892.000000
698797.000000
699672.000000
700598.000000
701571.000000
702524.000000
703412.000000
704251.000000
705115.000000
705912.000000
706670.000000
707474.000000
708343.000000
709335.000000
710338.000000
711270.000000
712163.000000
712966.000000
713822.000000
714790.000000
715851.000000
716783.000000
717813.000000
718852.000000
719756.000000
720700.000000
721692.000000
722762.000000
723741.000000
724766.000000
725821.000000
726890.000000
727910.000000
728952.000000
729975.000000
730825.000000
731714.000000
732795.000000
733812.000000
734841.000000
735901.000000
736978.000000
737948.000000
738953.000000
740003.000000
740987.000000
742031.000000
743103.000000
744121.000000
745125.000000
746158.000000
747104.000000
748068.000000
749013.000000
749946.000000
750942.000000
751952.000000
752887.000000
753859.000000
754881.000000
755767.000000
756582.000000
757416.000000
758322.000000
759195.000000
759984.000000
760921.000000
762027.000000
763051.000000
764101.000000
765138.000000
766133.000000
767119.000000
768082.000000
769011.000000
769979.000000
770897.000000
771884.000000
772857.000000
773758.000000
774704.000000
775627.000000
776460.000000
777261.000000
778133.000000
778937.000000
779810.000000
780736.000000
781758.000000
782722.000000
783635.000000
784615.000000
785600.000000
786546.000000
787585.000000
788643.000000
789626.000000
790526.000000
791456.000000
792457.000000
793374.000000
794288.000000
795183.000000
796090.000000
797170.000000
798192.000000
799197.000000
800247.000000
801254.000000
802190.000000
803142.000000
804075.000000
804895.000000
805722.000000
806598.000000
807626.000000
808623.000000
809441.000000
810219.000000
811025.000000
811870.000000
812813.000000
813683.000000
814598.000000
815600.000000
816568.000000
817480.000000
818440.000000
819414.000000
820312.000000
821256.000000
822178.000000
823056.000000
823975.000000
824792.000000
825639.000000
826482.000000
827340.000000
828207.000000
829059.000000
829862.000000
830659.000000
831445.000000
832192.000000
832933.000000
833651.000000
834369.000000
835091.000000
835806.000000
836541.000000
837306.000000
838074.000000
838791.000000
839531.000000
840247.000000
841062.000000
841855.000000
842642.000000
843453.000000
844302.000000
845171.000000
845966.000000
846760.000000
847527.000000
848275.000000
849042.000000
849864.000000
850726.000000
851547.000000
852339.000000
853124.000000
853925.000000
854711.000000
855481.000000
856257.000000
857064.000000
857942.000000
858828.000000
859710.000000
860602.000000
861489.000000
862397.000000
863266.000000
864174.000000
865102.000000
865982.000000
866927.000000
867897.000000
868800.000000
869716.000000
870764.000000
871770.000000
872719.000000
873625.000000
874529.000000
875436.000000
876452.000000
877580.000000
878715.000000
879802.000000
880849.000000
881911.000000
882912.000000
883807.000000
884731.000000
885682.000000
886633.000000
887696.000000
888770.000000
889749.000000
890835.000000
891926.000000
892889.000000
893993.000000
895074.000000
896026.000000
896925.000000
897738.000000
898578.000000
899479.000000
900530.000000
901568.000000
