Peaks (s)
873.000000
1549.000000
2227.000000
2883.000000
3597.000000
4335.000000
5091.000000
5843.000000
6566.000000
7244.000000
7923.000000
8655.000000
9399.000000
10151.000000
10892.000000
11612.000000
12298.000000
12964.000000
13632.000000
14387.000000
15139.000000
15929.000000
16682.000000
17429.000000
18109.000000
18787.000000
19454.000000
20218.000000
20940.000000
21729.000000
22438.000000
23191.000000
23860.000000
24531.000000
25184.000000
25927.000000
26688.000000
27486.000000
28266.000000
29043.000000
29737.000000
30458.000000
31184.000000
32005.000000
32734.000000
33558.000000
34259.000000
35038.000000
35715.000000
36543.000000
37263.000000
37984.000000
38667.000000
39446.000000
40204.000000
40995.000000
41711.000000
42455.000000
43146.000000
43851.000000
44526.000000
45211.000000
45957.000000
46709.000000
47476.000000
48231.000000
48942.000000
49628.000000
50298.000000
51008.000000
51762.000000
52533.000000
53291.000000
54053.000000
54748.000000
55426.000000
56094.000000
56843.000000
57605.000000
58389.000000
59160.000000
59929.000000
60647.000000
61405.000000
62148.000000
62910.000000
63621.000000
64323.000000
64995.000000
65676.000000
66436.000000
67158.000000
67978.000000
68690.000000
69518.000000
70208.000000
70903.000000
71574.000000
72370.000000
73281.000000
74098.000000
74865.000000
75614.000000
76346.000000
77075.000000
77830.000000
78595.000000
79365.000000
80131.000000
80883.000000
81613.000000
82336.000000
83051.000000
83773.000000
84513.000000
85257.000000
86000.000000
86743.000000
87517.000000
88300.000000
89077.000000
89845.000000
90586.000000
91302.000000
92003.000000
92698.000000
93420.000000
94145.000000
94887.000000
95636.000000
96368.000000
97084.000000
97766.000000
98445.000000
99157.000000
99885.000000
100596.000000
101240.000000
101877.000000
102540.000000
103213.000000
103896.000000
104597.000000
105305.000000
106065.000000
106802.000000
107522.000000
108202.000000
108875.000000
109575.000000
110335.000000
111096.000000
111787.000000
112474.000000
113173.000000
113935.000000
114669.000000
115375.000000
116065.000000
116823.000000
117535.000000
118317.000000
118996.000000
119687.000000
120342.000000
121005.000000
121719.000000
122463.000000
123210.000000
123968.000000
124664.000000
125367.000000
126037.000000
126697.000000
127351.000000
128079.000000
128847.000000
129698.000000
130427.000000
131155.000000
131836.000000
132511.000000
133166.000000
133869.000000
134818.000000
135649.000000
136427.000000
137187.000000
137930.000000
138651.000000
139356.000000
140061.000000
140806.000000
141569.000000
142363.000000
143150.000000
143921.000000
144680.000000
145443.000000
146211.000000
146972.000000
147716.000000
148445.000000
149152.000000
149843.000000
150528.000000
151258.000000
152006.000000
152770.000000
153530.000000
154283.000000
155021.000000
155737.000000
156459.000000
157191.000000
157938.000000
158696.000000
159440.000000
160177.000000
160938.000000
161734.000000
162535.000000
163340.000000
164116.000000
164866.000000
165617.000000
166366.000000
167126.000000
167872.000000
168617.000000
169369.000000
170136.000000
170906.000000
171666.000000
172409.000000
173151.000000
173898.000000
174654.000000
175405.000000
176141.000000
176873.000000
177611.000000
178354.000000
179084.000000
179805.000000
180515.000000
181237.000000
181992.000000
182760.000000
183538.000000
184309.000000
185046.000000
185765.000000
186460.000000
187143.000000
187871.000000
188629.000000
189399.000000
190166.000000
190918.000000
191677.000000
192438.000000
193205.000000
193966.000000
194704.000000
195427.000000
196145.000000
196876.000000
197613.000000
198354.000000
199102.000000
199835.000000
200557.000000
201282.000000
202020.000000
202779.000000
203537.000000
204277.000000
205020.000000
205781.000000
206544.000000
207316.000000
208078.000000
208816.000000
209543.000000
210283.000000
211038.000000
211798.000000
212546.000000
213290.000000
214050.000000
214816.000000
215565.000000
216292.000000
217019.000000
217754.000000
218497.000000
219228.000000
219959.000000
220698.000000
221468.000000
222269.000000
223047.000000
223812.000000
224583.000000
225367.000000
226133.000000
226881.000000
227629.000000
228380.000000
229132.000000
229865.000000
230589.000000
231327.000000
232085.000000
232843.000000
233584.000000
234328.000000
235082.000000
235852.000000
236596.000000
237325.000000
238063.000000
238818.000000
239581.000000
240322.000000
241049.000000
241777.000000
242524.000000
243289.000000
244050.000000
244793.000000
245515.000000
246232.000000
246970.000000
247731.000000
248499.000000
249248.000000
249978.000000
250690.000000
251403.000000
252148.000000
252914.000000
253695.000000
254472.000000
255240.000000
255984.000000
256712.000000
257446.000000
258196.000000
258965.000000
259736.000000
260488.000000
261223.000000
261955.000000
262707.000000
263470.000000
264235.000000
264987.000000
265725.000000
266471.000000
267238.000000
268020.000000
268794.000000
269546.000000
270282.000000
271016.000000
271749.000000
272485.000000
273212.000000
273936.000000
274670.000000
275439.000000
276232.000000
277003.000000
277767.000000
278542.000000
279312.000000
280062.000000
280784.000000
281495.000000
282215.000000
282951.000000
283700.000000
284433.000000
285152.000000
285874.000000
286611.000000
287367.000000
288122.000000
288858.000000
289582.000000
290318.000000
291065.000000
291811.000000
292544.000000
293260.000000
293977.000000
294709.000000
295451.000000
296191.000000
296915.000000
297643.000000
298396.000000
299163.000000
299917.000000
300661.000000
301429.000000
302193.000000
302943.000000
303672.000000
304399.000000
305137.000000
305881.000000
306614.000000
307342.000000
308096.000000
308859.000000
309625.000000
310363.000000
311093.000000
311831.000000
312583.000000
313348.000000
314094.000000
314836.000000
315585.000000
316352.000000
317130.000000
317903.000000
318660.000000
319416.000000
320205.000000
321008.000000
321816.000000
322610.000000
323373.000000
324107.000000
324826.000000
325546.000000
326290.000000
327058.000000
327844.000000
328631.000000
329415.000000
330214.000000
331014.000000
331795.000000
332558.000000
333326.000000
334104.000000
334881.000000
335651.000000
336413.000000
337186.000000
337967.000000
338757.000000
339524.000000
340273.000000
341026.000000
341789.000000
342566.000000
343322.000000
344067.000000
344816.000000
345579.000000
346352.000000
347104.000000
347852.000000
348616.000000
349387.000000
350146.000000
350884.000000
351610.000000
352350.000000
353105.000000
353860.000000
354616.000000
355363.000000
356092.000000
356815.000000
357545.000000
358289.000000
359037.000000
359778.000000
360517.000000
361265.000000
362018.000000
362760.000000
363487.000000
364204.000000
364945.000000
365734.000000
366521.000000
367296.000000
368063.000000
368848.000000
369636.000000
370413.000000
371160.000000
371909.000000
372663.000000
373428.000000
374185.000000
374934.000000
375692.000000
376451.000000
377209.000000
377947.000000
378668.000000
379395.000000
380142.000000
380893.000000
381640.000000
382374.000000
383096.000000
383826.000000
384574.000000
385326.000000
386092.000000
386865.000000
387656.000000
388457.000000
389235.000000
389983.000000
390729.000000
391496.000000
392260.000000
393031.000000
393782.000000
394523.000000
395274.000000
396041.000000
396812.000000
397562.000000
398299.000000
399045.000000
399799.000000
400579.000000
401339.000000
402098.000000
402866.000000
403646.000000
404420.000000
405173.000000
405920.000000
406675.000000
407450.000000
408207.000000
408946.000000
409679.000000
410436.000000
411208.000000
411979.000000
412733.000000
413484.000000
414244.000000
415032.000000
415843.000000
416641.000000
417422.000000
418182.000000
418949.000000
419726.000000
420519.000000
421300.000000
422061.000000
422826.000000
423608.000000
424402.000000
425173.000000
425931.000000
426697.000000
427472.000000
428234.000000
428980.000000
429726.000000
430489.000000
431268.000000
432031.000000
432784.000000
433551.000000
434329.000000
435112.000000
435873.000000
436620.000000
437385.000000
438159.000000
438945.000000
439710.000000
440461.000000
441220.000000
441996.000000
442767.000000
443530.000000
444301.000000
445101.000000
445908.000000
446693.000000
447444.000000
448199.000000
448973.000000
449748.000000
450502.000000
451236.000000
451981.000000
452750.000000
453528.000000
454277.000000
455008.000000
455752.000000
456531.000000
457315.000000
458078.000000
458827.000000
459590.000000
460365.000000
461140.000000
461891.000000
462645.000000
463415.000000
464191.000000
464950.000000
465687.000000
466424.000000
467181.000000
467958.000000
468733.000000
469486.000000
470237.000000
471009.000000
471799.000000
472576.000000
473333.000000
474091.000000
474885.000000
475700.000000
476509.000000
477293.000000
478051.000000
478810.000000
479583.000000
480362.000000
481136.000000
481896.000000
482645.000000
483410.000000
484172.000000
484936.000000
485684.000000
486436.000000
487215.000000
488009.000000
488784.000000
489545.000000
490304.000000
491076.000000
491860.000000
492629.000000
493378.000000
494138.000000
494913.000000
495716.000000
496493.000000
497247.000000
498006.000000
498786.000000
499589.000000
500377.000000
501148.000000
501943.000000
502750.000000
503537.000000
504312.000000
505104.000000
505900.000000
506678.000000
507434.000000
508189.000000
508948.000000
509707.000000
510441.000000
511161.000000
511872.000000
512617.000000
513385.000000
514165.000000
514941.000000
515724.000000
516518.000000
517330.000000
518133.000000
518908.000000
519662.000000
520418.000000
521202.000000
522011.000000
522808.000000
523579.000000
524329.000000
525058.000000
525784.000000
526543.000000
527329.000000
528120.000000
528909.000000
529678.000000
530445.000000
531228.000000
532008.000000
532771.000000
533509.000000
534234.000000
534963.000000
535708.000000
536464.000000
537188.000000
537874.000000
538560.000000
539264.000000
539975.000000
540882.000000
541706.000000
542485.000000
543233.000000
543995.000000
544757.000000
545515.000000
546265.000000
547003.000000
547755.000000
548536.000000
549333.000000
550099.000000
550852.000000
551612.000000
552388.000000
553165.000000
553919.000000
554663.000000
555425.000000
556205.000000
556990.000000
557757.000000
558531.000000
559330.000000
560146.000000
560925.000000
561698.000000
562463.000000
563234.000000
564022.000000
564803.000000
565575.000000
566340.000000
567147.000000
568014.000000
568868.000000
569666.000000
570444.000000
571216.000000
571992.000000
572781.000000
573551.000000
574305.000000
575072.000000
575882.000000
576720.000000
577540.000000
578324.000000
579077.000000
579816.000000
580566.000000
581329.000000
582128.000000
582909.000000
583665.000000
584407.000000
585163.000000
585940.000000
586730.000000
587503.000000
588260.000000
589020.000000
589802.000000
590611.000000
591414.000000
592197.000000
592946.000000
593684.000000
594421.000000
595174.000000
595958.000000
596729.000000
597497.000000
598308.000000
599137.000000
599962.000000
600759.000000
601522.000000
602270.000000
603021.000000
603786.000000
604565.000000
605350.000000
606142.000000
606972.000000
607817.000000
608668.000000
609476.000000
610245.000000
610990.000000
611728.000000
612482.000000
613213.000000
613897.000000
614543.000000
615179.000000
615858.000000
616594.000000
617296.000000
617992.000000
618694.000000
619450.000000
620194.000000
620982.000000
621717.000000
622466.000000
623174.000000
623871.000000
624577.000000
625345.000000
626095.000000
626913.000000
627622.000000
628365.000000
629104.000000
629962.000000
630792.000000
631555.000000
632309.000000
633055.000000
633845.000000
634623.000000
635367.000000
636086.000000
636879.000000
637696.000000
638535.000000
639287.000000
640021.000000
640822.000000
641644.000000
642452.000000
643240.000000
643963.000000
644674.000000
645430.000000
646223.000000
647061.000000
647844.000000
648570.000000
649334.000000
650128.000000
650905.000000
651638.000000
652357.000000
653097.000000
653894.000000
654672.000000
655393.000000
656114.000000
656872.000000
657645.000000
658387.000000
659089.000000
659770.000000
660482.000000
661250.000000
662019.000000
662768.000000
663494.000000
664249.000000
665037.000000
665825.000000
666560.000000
667280.000000
667986.000000
668773.000000
669566.000000
670354.000000
671088.000000
671942.000000
672773.000000
673617.000000
674396.000000
675128.000000
675929.000000
676711.000000
677494.000000
678246.000000
678989.000000
679819.000000
680639.000000
681452.000000
682229.000000
682986.000000
683737.000000
684478.000000
685176.000000
685910.000000
686737.000000
687543.000000
688333.000000
689103.000000
689881.000000
690648.000000
691424.000000
692187.000000
692934.000000
693688.000000
694462.000000
695245.000000
696016.000000
696775.000000
697540.000000
698331.000000
699125.000000
699900.000000
700677.000000
701485.000000
702301.000000
703106.000000
703893.000000
704657.000000
705431.000000
706218.000000
706998.000000
707754.000000
708508.000000
709271.000000
710042.000000
710800.000000
711544.000000
712286.000000
713057.000000
713849.000000
714632.000000
715397.000000
716168.000000
716947.000000
717723.000000
718482.000000
719219.000000
719958.000000
720720.000000
721503.000000
722304.000000
723075.000000
723823.000000
724579.000000
725343.000000
726131.000000
726907.000000
727678.000000
728462.000000
729255.000000
730056.000000
730834.000000
731605.000000
732381.000000
733154.000000
733923.000000
734683.000000
735439.000000
736216.000000
737019.000000
737811.000000
738579.000000
739347.000000
740117.000000
740893.000000
741655.000000
742406.000000
743168.000000
743933.000000
744682.000000
745422.000000
746167.000000
746918.000000
747679.000000
748438.000000
749178.000000
749923.000000
750681.000000
751454.000000
752227.000000
752979.000000
753709.000000
754440.000000
755178.000000
755929.000000
756671.000000
757398.000000
758134.000000
758882.000000
759648.000000
760404.000000
761138.000000
761846.000000
762573.000000
763295.000000
763970.000000
764624.000000
765244.000000
765855.000000
766473.000000
767097.000000
767722.000000
768391.000000
769141.000000
769905.000000
770630.000000
771377.000000
772068.000000
772762.000000
773481.000000
774279.000000
775042.000000
775790.000000
776516.000000
777517.000000
778368.000000
779163.000000
779926.000000
780687.000000
781470.000000
782294.000000
783097.000000
783874.000000
784659.000000
785445.000000
786226.000000
786995.000000
787761.000000
788535.000000
789326.000000
790093.000000
790838.000000
791583.000000
792338.000000
793115.000000
793883.000000
794643.000000
795436.000000
796253.000000
797076.000000
797870.000000
798644.000000
799423.000000
800208.000000
800995.000000
801778.000000
802563.000000
803391.000000
804239.000000
805057.000000
805850.000000
806633.000000
807417.000000
808197.000000
808958.000000
809712.000000
810471.000000
811251.000000
812021.000000
812787.000000
813570.000000
814369.000000
815161.000000
815940.000000
816742.000000
817543.000000
818335.000000
819099.000000
819853.000000
820627.000000
821433.000000
822227.000000
823000.000000
823793.000000
824614.000000
825449.000000
826269.000000
827058.000000
827861.000000
828660.000000
829434.000000
830177.000000
830908.000000
831628.000000
832324.000000
832963.000000
833606.000000
834305.000000
834990.000000
835727.000000
836561.000000
837379.000000
838109.000000
838810.000000
839506.000000
840243.000000
840988.000000
841743.000000
842439.000000
843119.000000
843823.000000
844636.000000
845496.000000
846276.000000
846996.000000
847799.000000
848563.000000
849330.000000
850060.000000
850861.000000
851734.000000
852606.000000
853438.000000
854229.000000
855023.000000
855810.000000
856588.000000
857347.000000
858122.000000
858895.000000
859681.000000
860448.000000
861200.000000
861964.000000
862725.000000
863485.000000
864227.000000
864959.000000
865690.000000
866441.000000
867191.000000
867936.000000
868719.000000
869529.000000
870328.000000
871096.000000
871845.000000
872608.000000
873380.000000
874173.000000
874962.000000
875740.000000
876496.000000
877263.000000
878039.000000
878821.000000
879559.000000
880261.000000
880912.000000
881543.000000
882147.000000
882749.000000
883364.000000
883962.000000
884593.000000
885277.000000
885947.000000
886618.000000
887344.000000
888095.000000
888829.000000
889563.000000
890257.000000
890933.000000
891584.000000
892254.000000
892948.000000
893706.000000
894474.000000
895225.000000
895955.000000
896649.000000
897418.000000
898352.000000
899236.000000
900067.000000
900831.000000
901549.000000
902266.000000
903054.000000
903883.000000
904740.000000
905590.000000
906416.000000
907207.000000
907994.000000
908799.000000
909624.000000
910444.000000
911231.000000
912015.000000
912791.000000
913580.000000
914376.000000
915151.000000
915915.000000
916694.000000
917492.000000
918298.000000
919089.000000
919870.000000
920657.000000
921448.000000
922221.000000
922974.000000
923737.000000
924523.000000
925327.000000
926117.000000
926892.000000
927679.000000
928466.000000
929257.000000
930028.000000
930794.000000
931566.000000
932360.000000
933155.000000
933938.000000
934737.000000
935552.000000
936374.000000
937176.000000
937954.000000
938741.000000
939539.000000
940314.000000
941058.000000
941792.000000
942549.000000
943334.000000
944133.000000
944914.000000
945717.000000
946542.000000
947373.000000
948172.000000
948955.000000
949750.000000
950557.000000
951338.000000
952101.000000
952864.000000
953646.000000
954450.000000
955235.000000
956011.000000
956792.000000
957588.000000
958377.000000
959150.000000
959949.000000
960778.000000
961609.000000
962403.000000
963180.000000
963965.000000
964763.000000
965572.000000
966364.000000
967137.000000
967927.000000
968731.000000
969536.000000
970316.000000
971089.000000
971872.000000
972673.000000
973461.000000
974234.000000
975008.000000
975809.000000
976638.000000
977468.000000
978260.000000
979049.000000
979852.000000
980645.000000
981434.000000
982208.000000
982968.000000
983728.000000
984505.000000
985286.000000
986069.000000
986836.000000
987587.000000
988329.000000
989084.000000
989848.000000
990623.000000
991380.000000
992120.000000
992856.000000
993615.000000
994402.000000
995198.000000
995977.000000
996745.000000
997518.000000
998300.000000
999087.000000
999861.000000
1000625.000000
1001414.000000
1002217.000000
1003011.000000
1003777.000000
1004536.000000
1005307.000000
1006108.000000
1006898.000000
1007678.000000
1008483.000000
1009303.000000
1010098.000000
1010878.000000
1011643.000000
1012418.000000
1013214.000000
1014012.000000
1014792.000000
1015560.000000
1016340.000000
1017128.000000
1017925.000000
1018692.000000
1019448.000000
1020221.000000
1021003.000000
1021785.000000
1022554.000000
1023328.000000
1024117.000000
1024915.000000
1025703.000000
1026479.000000
1027249.000000
1028046.000000
1028843.000000
1029642.000000
1030433.000000
1031192.000000
1031930.000000
1032647.000000
1033343.000000
1033982.000000
1034614.000000
1035286.000000
1036069.000000
1036810.000000
1037506.000000
1038212.000000
1038983.000000
1039761.000000
1040535.000000
1041246.000000
1041941.000000
1042603.000000
1043281.000000
1044101.000000
1044960.000000
1045811.000000
1046603.000000
1047318.000000
1048066.000000
1048844.000000
1049668.000000
1050489.000000
1051251.000000
1051983.000000
1052741.000000
1053559.000000
1054357.000000
1055148.000000
1055877.000000
1056613.000000
1057394.000000
1058236.000000
1059009.000000
1059747.000000
1060540.000000
1061292.000000
1062067.000000
1062784.000000
1063532.000000
1064354.000000
1065168.000000
1065936.000000
1066667.000000
1067430.000000
1068238.000000
1069014.000000
1069764.000000
1070518.000000
1071307.000000
1072144.000000
1072928.000000
1073654.000000
1074422.000000
1075190.000000
1075985.000000
1076747.000000
1077496.000000
1078351.000000
1079214.000000
1080037.000000
1080808.000000
1081567.000000
1082327.000000
1083105.000000
1083894.000000
1084679.000000
1085493.000000
1086333.000000
1087186.000000
1088002.000000
1088820.000000
1089633.000000
1090441.000000
1091226.000000
1092003.000000
1092785.000000
1093593.000000
1094391.000000
1095171.000000
1095965.000000
1096772.000000
1097583.000000
1098362.000000
1099133.000000
1099913.000000
1100687.000000
1101454.000000
1102216.000000
1102997.000000
1103795.000000
1104575.000000
1105326.000000
1106061.000000
1106764.000000
1107408.000000
1108066.000000
1108784.000000
1109433.000000
1110092.000000
1110801.000000
1111527.000000
1112236.000000
1112992.000000
1113868.000000
1114799.000000
1115601.000000
1116334.000000
1117029.000000
1117775.000000
1118569.000000
1119431.000000
1120283.000000
1121125.000000
1122018.000000
1122932.000000
1123769.000000
1124580.000000
1125406.000000
1126255.000000
1127127.000000
1127969.000000
1128770.000000
1129568.000000
1130375.000000
1131211.000000
1132023.000000
1132831.000000
1133659.000000
1134507.000000
1135351.000000
1136169.000000
1136978.000000
1137799.000000
1138631.000000
1139437.000000
1140230.000000
1141032.000000
1141855.000000
1142676.000000
1143486.000000
1144283.000000
1145100.000000
1145917.000000
1146706.000000
1147480.000000
1148267.000000
1149056.000000
1149854.000000
1150639.000000
1151411.000000
1152214.000000
1153032.000000
1153845.000000
1154639.000000
1155431.000000
1156241.000000
1157067.000000
1157900.000000
1158698.000000
1159500.000000
1160313.000000
1161128.000000
1161928.000000
1162713.000000
1163514.000000
1164332.000000
1165158.000000
1165940.000000
1166693.000000
1167455.000000
1168234.000000
1169035.000000
1169838.000000
1170611.000000
1171381.000000
1172160.000000
1172939.000000
1173707.000000
1174477.000000
1175263.000000
1176068.000000
1176863.000000
1177640.000000
1178420.000000
1179186.000000
1179930.000000
1180651.000000
1181320.000000
1181951.000000
1182574.000000
1183212.000000
1183825.000000
1184469.000000
1185204.000000
1185963.000000
1186728.000000
1187443.000000
1188189.000000
1188930.000000
1189726.000000
1190488.000000
1191254.000000
1191970.000000
1192715.000000
1193630.000000
1194507.000000
