Peaks (s)
672.000000
1706.000000
2848.000000
3887.000000
5216.000000
6360.000000
7450.000000
8519.000000
9593.000000
10795.000000
11932.000000
13003.000000
14157.000000
15240.000000
16307.000000
17489.000000
18540.000000
19549.000000
20970.000000
22202.000000
23400.000000
24500.000000
25650.000000
26781.000000
27941.000000
28995.000000
29995.000000
31417.000000
32504.000000
33799.000000
34935.000000
36022.000000
37170.000000
38261.000000
39365.000000
40519.000000
41608.000000
42765.000000
43894.000000
45000.000000
46159.000000
47266.000000
48442.000000
49535.000000
50599.000000
52062.000000
53249.000000
54437.000000
55637.000000
56829.000000
57939.000000
59047.000000
60108.000000
61640.000000
62952.000000
64225.000000
65546.000000
66646.000000
67779.000000
69240.000000
70650.000000
71940.000000
73131.000000
74374.000000
75517.000000
76749.000000
77762.000000
78951.000000
80052.000000
81349.000000
82456.000000
83598.000000
84631.000000
85690.000000
87044.000000
88153.000000
89336.000000
90444.000000
91591.000000
92746.000000
93841.000000
94992.000000
96121.000000
97225.000000
98374.000000
99496.000000
100618.000000
101775.000000
102880.000000
104084.000000
105176.000000
106248.000000
107695.000000
109013.000000
110241.000000
111448.000000
112711.000000
113895.000000
114970.000000
116516.000000
117763.000000
119093.000000
120344.000000
121434.000000
122589.000000
123648.000000
125195.000000
126265.000000
127686.000000
128821.000000
130051.000000
131023.000000
132179.000000
133232.000000
134386.000000
135429.000000
136852.000000
137965.000000
139120.000000
140198.000000
141341.000000
142448.000000
143590.000000
144638.000000
145644.000000
146685.000000
148100.000000
149292.000000
150347.000000
151420.000000
152621.000000
153799.000000
154782.000000
155898.000000
157280.000000
158522.000000
159725.000000
160749.000000
161771.000000
163109.000000
164243.000000
165436.000000
166515.000000
167629.000000
168674.000000
170063.000000
171213.000000
172399.000000
173467.000000
174495.000000
175139.000000
176867.000000
178202.000000
179323.000000
180492.000000
181540.000000
182518.000000
183939.000000
185105.000000
186274.000000
187440.000000
188472.000000
189501.000000
190503.000000
191748.000000
192780.000000
193859.000000
194937.000000
195951.000000
197041.000000
198092.000000
199126.000000
200202.000000
201189.000000
202219.000000
203234.000000
204246.000000
205631.000000
206742.000000
207916.000000
208940.000000
209920.000000
211336.000000
212330.000000
213420.000000
214484.000000
215529.000000
216655.000000
217743.000000
218990.000000
220212.000000
221307.000000
222341.000000
223472.000000
224500.000000
225515.000000
226532.000000
227929.000000
229153.000000
230230.000000
231342.000000
232438.000000
233537.000000
234580.000000
235553.000000
236595.000000
237983.000000
239163.000000
240256.000000
241348.000000
242390.000000
243480.000000
244574.000000
245658.000000
246761.000000
247869.000000
248930.000000
250042.000000
251123.000000
252264.000000
253319.000000
254426.000000
255807.000000
256945.000000
258084.000000
259173.000000
260294.000000
261422.000000
262583.000000
263639.000000
264600.000000
265847.000000
266918.000000
268339.000000
269474.000000
270654.000000
271643.000000
272863.000000
273886.000000
275241.000000
276319.000000
277440.000000
278495.000000
279638.000000
280938.000000
282106.000000
283251.000000
284269.000000
285311.000000
286320.000000
287283.000000
288287.000000
289256.000000
290196.000000
291193.000000
292182.000000
293180.000000
294172.000000
295416.000000
296450.000000
297491.000000
298488.000000
299507.000000
300503.000000
301536.000000
302583.000000
303620.000000
304580.000000
305612.000000
306574.000000
307849.000000
308922.000000
309997.000000
310987.000000
311956.000000
312933.000000
313927.000000
314924.000000
315886.000000
316882.000000
317888.000000
318843.000000
319863.000000
320862.000000
321859.000000
322883.000000
323869.000000
324889.000000
325919.000000
326906.000000
327925.000000
328952.000000
329929.000000
330966.000000
331985.000000
332995.000000
334041.000000
335033.000000
336087.000000
337096.000000
338111.000000
339174.000000
340176.000000
341249.000000
342670.000000
343804.000000
344942.000000
345914.000000
346884.000000
348061.000000
349126.000000
350439.000000
351525.000000
352617.000000
353646.000000
354715.000000
355704.000000
356700.000000
357695.000000
358651.000000
359667.000000
360658.000000
361636.000000
362644.000000
363606.000000
364642.000000
365681.000000
366675.000000
367720.000000
368732.000000
369745.000000
370785.000000
371773.000000
372842.000000
373834.000000
374833.000000
375853.000000
376821.000000
377848.000000
378842.000000
379836.000000
380869.000000
381846.000000
383119.000000
384154.000000
385208.000000
386228.000000
387260.000000
388298.000000
389291.000000
390326.000000
391313.000000
392324.000000
393333.000000
394291.000000
395296.000000
396239.000000
397249.000000
398202.000000
399168.000000
400184.000000
401130.000000
402146.000000
403134.000000
404125.000000
405174.000000
406165.000000
407213.000000
408222.000000
409217.000000
410277.000000
411253.000000
412260.000000
413319.000000
414293.000000
415322.000000
416306.000000
417277.000000
418269.000000
419202.000000
420191.000000
421111.000000
422069.000000
423048.000000
423980.000000
425302.000000
426356.000000
427425.000000
428464.000000
429494.000000
430556.000000
431522.000000
432624.000000
433549.000000
434513.000000
435670.000000
436679.000000
437693.000000
438684.000000
439609.000000
440554.000000
441658.000000
442653.000000
443632.000000
444640.000000
445559.000000
446519.000000
447491.000000
448414.000000
449391.000000
450345.000000
451298.000000
452285.000000
453224.000000
454183.000000
455181.000000
456127.000000
457117.000000
458094.000000
459041.000000
460037.000000
460957.000000
461904.000000
463150.000000
464159.000000
465193.000000
466210.000000
467153.000000
468118.000000
469106.000000
470058.000000
471059.000000
472018.000000
473037.000000
474021.000000
475041.000000
476051.000000
477012.000000
478027.000000
478995.000000
479992.000000
