Peaks (s)
334.000000
1296.000000
2212.000000
3190.000000
4097.000000
5007.000000
5971.000000
6884.000000
7800.000000
8767.000000
9677.000000
10594.000000
11546.000000
12485.000000
13387.000000
14345.000000
15291.000000
16187.000000
17166.000000
18136.000000
19046.000000
20019.000000
20982.000000
21895.000000
22858.000000
23827.000000
24737.000000
25620.000000
26541.000000
27513.000000
28430.000000
29365.000000
30355.000000
31336.000000
32254.000000
33166.000000
34112.000000
35053.000000
35942.000000
36878.000000
37856.000000
38780.000000
39748.000000
40735.000000
41656.000000
42620.000000
43581.000000
44493.000000
45433.000000
46408.000000
47379.000000
48288.000000
49185.000000
50130.000000
51067.000000
51973.000000
52982.000000
53950.000000
54885.000000
55890.000000
56900.000000
57832.000000
58752.000000
59717.000000
60699.000000
61629.000000
62558.000000
63553.000000
64505.000000
65427.000000
66414.000000
67392.000000
68306.000000
69198.000000
70114.000000
71080.000000
72027.000000
72973.000000
73984.000000
74970.000000
75899.000000
76866.000000
77836.000000
78745.000000
79679.000000
80656.000000
81579.000000
82480.000000
83457.000000
84440.000000
85376.000000
86293.000000
87248.000000
88134.000000
89044.000000
89999.000000
90895.000000
91825.000000
92799.000000
93773.000000
94689.000000
95587.000000
96536.000000
97482.000000
98403.000000
99348.000000
100340.000000
101322.000000
102280.000000
103292.000000
104299.000000
105245.000000
106165.000000
107127.000000
108087.000000
109026.000000
109927.000000
110881.000000
111854.000000
112802.000000
113728.000000
114693.000000
115687.000000
116632.000000
117540.000000
118485.000000
119436.000000
120350.000000
121250.000000
122209.000000
123173.000000
124083.000000
124970.000000
125914.000000
126837.000000
127725.000000
128627.000000
129591.000000
130580.000000
131512.000000
132414.000000
133368.000000
134312.000000
135201.000000
136102.000000
137054.000000
138046.000000
138973.000000
139900.000000
140877.000000
141819.000000
142736.000000
143704.000000
144687.000000
145595.000000
146486.000000
147421.000000
148374.000000
149299.000000
150201.000000
151110.000000
152064.000000
153051.000000
154000.000000
154920.000000
155893.000000
156873.000000
157872.000000
158813.000000
159752.000000
160749.000000
161715.000000
162636.000000
163640.000000
164623.000000
165554.000000
166454.000000
167407.000000
168377.000000
169308.000000
170219.000000
171176.000000
172175.000000
173127.000000
174041.000000
174984.000000
175909.000000
176788.000000
177706.000000
178576.000000
179341.000000
180109.000000
180898.000000
181765.000000
182728.000000
183634.000000
184487.000000
185353.000000
186275.000000
187190.000000
188026.000000
188839.000000
189675.000000
190576.000000
191545.000000
192451.000000
193310.000000
194280.000000
195312.000000
196211.000000
197020.000000
197816.000000
198645.000000
199872.000000
200904.000000
201898.000000
202841.000000
203846.000000
204820.000000
205763.000000
206772.000000
207731.000000
208675.000000
209650.000000
210595.000000
211587.000000
212603.000000
213576.000000
214526.000000
215525.000000
216460.000000
217443.000000
218427.000000
219356.000000
220339.000000
221321.000000
222226.000000
223178.000000
224144.000000
225058.000000
226036.000000
226995.000000
227915.000000
228877.000000
229796.000000
230739.000000
231722.000000
232648.000000
233611.000000
234539.000000
235439.000000
236432.000000
237448.000000
238407.000000
239434.000000
240420.000000
241374.000000
242393.000000
243370.000000
244299.000000
245287.000000
246252.000000
247180.000000
248172.000000
249191.000000
250149.000000
251120.000000
252044.000000
253032.000000
254011.000000
254958.000000
255997.000000
256989.000000
257942.000000
258937.000000
259933.000000
260878.000000
261834.000000
262852.000000
263840.000000
264802.000000
265800.000000
266749.000000
267658.000000
268614.000000
269534.000000
270411.000000
271354.000000
272314.000000
273219.000000
274144.000000
275104.000000
276067.000000
276989.000000
277900.000000
278848.000000
279814.000000
280734.000000
281634.000000
282574.000000
283508.000000
284399.000000
285333.000000
286284.000000
287226.000000
288154.000000
289128.000000
290055.000000
290964.000000
291922.000000
292841.000000
293738.000000
294670.000000
295593.000000
296488.000000
297450.000000
298367.000000
299287.000000
300250.000000
301162.000000
302060.000000
303014.000000
303983.000000
304904.000000
305823.000000
306786.000000
307767.000000
308708.000000
309658.000000
310646.000000
311640.000000
312567.000000
313510.000000
314435.000000
315334.000000
316317.000000
317346.000000
318308.000000
319262.000000
320274.000000
321264.000000
322183.000000
323143.000000
324110.000000
325030.000000
325979.000000
326974.000000
327935.000000
328843.000000
329812.000000
330787.000000
331713.000000
332645.000000
333643.000000
334599.000000
335520.000000
336492.000000
337432.000000
338340.000000
339297.000000
340244.000000
341162.000000
342131.000000
343113.000000
344069.000000
344989.000000
345956.000000
346932.000000
347865.000000
348785.000000
349758.000000
350705.000000
351631.000000
352635.000000
353617.000000
354565.000000
355546.000000
356464.000000
357450.000000
358435.000000
359370.000000
360364.000000
361357.000000
362289.000000
363279.000000
364283.000000
365233.000000
366223.000000
367219.000000
368158.000000
369134.000000
370112.000000
371039.000000
371975.000000
372966.000000
373952.000000
374880.000000
375843.000000
376791.000000
377703.000000
378687.000000
379704.000000
380649.000000
381574.000000
382540.000000
383526.000000
384466.000000
385385.000000
386356.000000
387332.000000
388282.000000
389287.000000
390259.000000
391181.000000
392123.000000
393070.000000
393971.000000
394901.000000
395883.000000
396816.000000
397762.000000
398750.000000
399694.000000
400627.000000
401607.000000
402544.000000
403445.000000
404383.000000
405326.000000
406224.000000
407116.000000
408060.000000
408947.000000
409891.000000
410863.000000
411781.000000
412736.000000
413685.000000
414614.000000
415603.000000
416565.000000
417516.000000
418527.000000
419519.000000
420478.000000
421408.000000
422315.000000
423236.000000
424095.000000
424947.000000
425886.000000
426820.000000
427699.000000
428557.000000
429473.000000
430407.000000
431303.000000
432282.000000
433167.000000
434075.000000
435074.000000
436024.000000
436950.000000
438006.000000
439004.000000
439916.000000
440868.000000
441834.000000
442816.000000
443758.000000
444740.000000
445756.000000
446728.000000
447732.000000
448752.000000
449696.000000
450644.000000
451629.000000
452597.000000
453533.000000
454548.000000
455575.000000
456542.000000
457511.000000
458519.000000
459469.000000
460421.000000
461424.000000
462399.000000
463334.000000
464315.000000
465281.000000
466221.000000
467217.000000
468223.000000
469164.000000
470122.000000
471126.000000
472077.000000
472997.000000
473973.000000
474930.000000
475860.000000
476871.000000
477819.000000
478734.000000
479694.000000
480612.000000
481540.000000
482480.000000
483367.000000
484316.000000
485307.000000
486257.000000
487183.000000
488147.000000
489095.000000
490003.000000
490932.000000
491857.000000
492744.000000
493650.000000
494633.000000
495627.000000
496558.000000
497521.000000
498518.000000
499517.000000
500452.000000
501422.000000
502371.000000
503292.000000
504282.000000
505265.000000
506240.000000
507277.000000
508264.000000
509255.000000
510256.000000
511206.000000
512202.000000
513157.000000
514088.000000
515045.000000
515967.000000
516897.000000
517875.000000
518840.000000
519769.000000
520752.000000
521699.000000
522617.000000
523594.000000
524552.000000
525474.000000
526443.000000
527389.000000
528307.000000
529296.000000
530256.000000
531168.000000
532046.000000
532914.000000
533839.000000
534853.000000
535877.000000
536843.000000
537829.000000
538847.000000
539797.000000
540755.000000
541728.000000
542670.000000
543659.000000
544605.000000
545529.000000
546505.000000
547411.000000
548293.000000
549088.000000
549930.000000
550883.000000
551788.000000
552792.000000
553717.000000
554591.000000
555487.000000
556344.000000
557293.000000
558258.000000
559156.000000
560124.000000
561020.000000
561864.000000
562764.000000
563786.000000
564823.000000
565861.000000
566901.000000
567886.000000
568860.000000
569872.000000
570844.000000
571797.000000
572781.000000
573718.000000
574696.000000
575670.000000
576593.000000
577534.000000
578452.000000
579370.000000
580338.000000
581284.000000
582202.000000
583196.000000
584203.000000
585146.000000
586083.000000
587069.000000
588032.000000
588970.000000
589984.000000
590991.000000
591953.000000
592972.000000
593965.000000
594907.000000
595898.000000
596891.000000
597833.000000
598812.000000
599803.000000
600739.000000
601713.000000
602749.000000
603718.000000
604720.000000
605730.000000
606659.000000
607610.000000
608541.000000
609472.000000
610509.000000
611576.000000
612584.000000
613619.000000
614658.000000
615669.000000
616682.000000
617649.000000
618641.000000
619602.000000
620579.000000
621637.000000
622706.000000
623712.000000
624775.000000
625781.000000
626712.000000
627710.000000
628745.000000
629749.000000
630700.000000
631739.000000
632754.000000
633746.000000
634769.000000
635755.000000
636715.000000
637743.000000
638738.000000
639700.000000
640731.000000
641713.000000
642661.000000
643684.000000
644654.000000
645632.000000
646584.000000
647493.000000
648449.000000
649391.000000
650299.000000
651268.000000
652252.000000
653193.000000
654153.000000
655039.000000
655926.000000
656873.000000
657754.000000
658591.000000
659495.000000
660576.000000
661658.000000
662620.000000
663606.000000
664573.000000
665493.000000
666427.000000
667363.000000
668292.000000
669275.000000
670201.000000
671134.000000
672087.000000
673007.000000
673946.000000
674856.000000
675721.000000
676527.000000
677271.000000
678014.000000
679200.000000
680167.000000
681143.000000
682109.000000
683029.000000
683956.000000
684917.000000
685868.000000
686789.000000
687732.000000
688631.000000
689499.000000
690357.000000
691176.000000
692043.000000
692934.000000
693889.000000
694752.000000
695583.000000
696470.000000
697372.000000
698212.000000
699007.000000
699785.000000
700589.000000
701376.000000
702200.000000
703075.000000
703914.000000
704736.000000
705581.000000
706432.000000
707240.000000
708050.000000
708872.000000
709708.000000
710524.000000
711311.000000
712114.000000
712955.000000
713829.000000
714660.000000
715489.000000
716335.000000
717200.000000
718048.000000
718855.000000
719634.000000
720418.000000
721218.000000
722020.000000
722813.000000
723611.000000
724521.000000
725670.000000
726664.000000
727587.000000
728531.000000
729458.000000
730277.000000
731056.000000
731862.000000
732748.000000
733809.000000
734752.000000
735661.000000
736677.000000
737665.000000
738605.000000
739542.000000
740520.000000
741508.000000
742485.000000
743414.000000
744325.000000
745289.000000
746279.000000
747239.000000
748160.000000
749144.000000
750135.000000
751082.000000
752025.000000
753043.000000
754068.000000
755052.000000
756031.000000
757075.000000
758107.000000
759086.000000
760097.000000
761099.000000
762036.000000
763036.000000
763972.000000
764900.000000
765880.000000
766868.000000
767811.000000
768846.000000
769884.000000
770854.000000
771850.000000
772877.000000
773825.000000
774820.000000
775821.000000
776781.000000
777731.000000
778718.000000
779654.000000
780623.000000
781609.000000
782537.000000
783499.000000
784480.000000
785431.000000
786355.000000
787330.000000
788302.000000
789226.000000
790196.000000
791158.000000
792084.000000
793072.000000
794069.000000
795030.000000
795962.000000
796925.000000
797861.000000
798766.000000
799720.000000
800660.000000
801567.000000
802536.000000
803524.000000
804467.000000
805389.000000
806347.000000
807260.000000
808158.000000
809105.000000
810030.000000
810927.000000
811877.000000
812811.000000
813704.000000
814629.000000
815568.000000
816467.000000
817342.000000
818242.000000
819164.000000
820046.000000
820963.000000
821920.000000
822836.000000
823761.000000
824709.000000
825619.000000
826507.000000
827435.000000
828344.000000
829272.000000
830262.000000
831225.000000
832209.000000
833209.000000
834163.000000
835161.000000
836128.000000
837075.000000
838083.000000
839065.000000
840054.000000
841098.000000
842074.000000
843082.000000
844080.000000
845032.000000
846022.000000
846993.000000
847936.000000
848935.000000
849972.000000
850965.000000
851931.000000
852952.000000
853957.000000
854894.000000
855876.000000
856875.000000
857864.000000
858821.000000
859865.000000
860884.000000
861841.000000
862824.000000
863817.000000
864760.000000
865744.000000
866793.000000
867791.000000
868783.000000
869832.000000
870842.000000
871808.000000
872814.000000
873790.000000
874772.000000
875770.000000
876731.000000
877733.000000
878732.000000
879665.000000
880651.000000
881616.000000
882540.000000
883517.000000
884500.000000
885428.000000
886409.000000
887379.000000
888308.000000
889281.000000
890258.000000
891183.000000
892147.000000
893122.000000
894053.000000
894993.000000
895972.000000
896895.000000
897785.000000
898662.000000
899607.000000
900588.000000
901570.000000
902490.000000
903462.000000
904361.000000
905260.000000
906197.000000
907092.000000
907986.000000
908790.000000
909612.000000
910475.000000
911400.000000
912375.000000
913272.000000
914151.000000
915093.000000
916054.000000
916938.000000
917897.000000
918957.000000
919929.000000
920938.000000
921887.000000
922749.000000
923690.000000
924684.000000
925598.000000
926629.000000
927633.000000
928541.000000
929466.000000
930454.000000
931360.000000
932363.000000
933426.000000
934361.000000
935349.000000
936337.000000
937262.000000
938274.000000
939277.000000
940242.000000
941275.000000
942279.000000
943268.000000
944287.000000
945237.000000
946221.000000
947116.000000
948071.000000
949030.000000
949959.000000
950923.000000
951920.000000
952886.000000
953835.000000
954843.000000
955820.000000
956771.000000
957764.000000
958716.000000
959649.000000
960613.000000
961562.000000
962490.000000
963479.000000
964472.000000
965422.000000
966409.000000
967390.000000
968318.000000
969296.000000
970258.000000
971190.000000
972191.000000
973170.000000
974131.000000
975143.000000
976101.000000
977059.000000
978075.000000
979060.000000
980012.000000
981004.000000
981956.000000
982881.000000
983864.000000
984806.000000
985798.000000
986808.000000
987769.000000
988762.000000
989732.000000
990660.000000
991634.000000
992585.000000
993501.000000
994470.000000
995421.000000
996341.000000
997307.000000
998254.000000
999178.000000
1000160.000000
1001101.000000
1001999.000000
1002930.000000
1003899.000000
1004838.000000
1005826.000000
1006859.000000
1007853.000000
1008856.000000
1009861.000000
1010803.000000
1011773.000000
1012705.000000
1013623.000000
1014567.000000
1015463.000000
1016437.000000
1017399.000000
1018323.000000
1019308.000000
1020280.000000
1021183.000000
1022143.000000
1023088.000000
1024004.000000
1024946.000000
1025904.000000
1026833.000000
1027800.000000
1028769.000000
1029674.000000
1030581.000000
1031517.000000
1032446.000000
1033318.000000
1034159.000000
1034925.000000
1035711.000000
1036892.000000
1037892.000000
1038866.000000
1039799.000000
1040786.000000
1041780.000000
1042752.000000
1043752.000000
1044749.000000
1045713.000000
1046712.000000
1047704.000000
1048696.000000
1049710.000000
1050701.000000
1051654.000000
1052648.000000
1053646.000000
1054606.000000
1055599.000000
1056573.000000
1057541.000000
1058529.000000
1059477.000000
1060466.000000
1061455.000000
1062404.000000
1063402.000000
1064376.000000
1065304.000000
1066257.000000
1067181.000000
1068087.000000
1069058.000000
1070051.000000
1070987.000000
1072014.000000
1072954.000000
1073880.000000
1074842.000000
1075749.000000
1076689.000000
1077669.000000
1078620.000000
1079582.000000
1080575.000000
1081521.000000
1082508.000000
1083473.000000
1084396.000000
1085321.000000
1086221.000000
1087054.000000
1087844.000000
1088680.000000
1089794.000000
1090760.000000
1091723.000000
1092703.000000
1093650.000000
1094651.000000
1095601.000000
1096524.000000
1097454.000000
1098378.000000
1099280.000000
1100181.000000
1101019.000000
1101770.000000
1102541.000000
1103343.000000
1104233.000000
1105367.000000
1106363.000000
1107338.000000
1108326.000000
1109252.000000
1110209.000000
1111200.000000
1112131.000000
1113092.000000
1114082.000000
1115023.000000
1115994.000000
1116986.000000
1117940.000000
1118883.000000
1119846.000000
1120770.000000
1121684.000000
1122633.000000
1123554.000000
1124509.000000
1125491.000000
1126390.000000
1127330.000000
1128289.000000
1129213.000000
1130174.000000
1131149.000000
1132077.000000
1133036.000000
1133995.000000
1134911.000000
1135868.000000
1136800.000000
1137694.000000
1138598.000000
1139478.000000
1140281.000000
1141098.000000
1142047.000000
1143112.000000
1144117.000000
1145031.000000
1145901.000000
1146782.000000
1147662.000000
1148556.000000
1149707.000000
1150737.000000
1151695.000000
1152718.000000
1153710.000000
1154664.000000
1155659.000000
1156583.000000
1157551.000000
1158544.000000
1159490.000000
1160451.000000
1161462.000000
1162438.000000
1163377.000000
1164396.000000
1165375.000000
1166320.000000
1167318.000000
1168283.000000
1169202.000000
1170171.000000
1171082.000000
1171999.000000
1172980.000000
1173906.000000
1174836.000000
1175808.000000
1176757.000000
1177691.000000
1178677.000000
1179626.000000
1180573.000000
1181554.000000
1182485.000000
1183450.000000
1184360.000000
1185339.000000
1186326.000000
1187269.000000
1188249.000000
1189193.000000
1190132.000000
1191121.000000
1192100.000000
1193031.000000
1193993.000000
1194930.000000
1195839.000000
1196781.000000
1197723.000000
1198620.000000
1199532.000000
1200428.000000
1201239.000000
1202068.000000
1202921.000000
1203746.000000
1204584.000000
1205448.000000
1206280.000000
