Peaks (s)
703.000000
2071.000000
3389.000000
5181.000000
6830.000000
8153.000000
9595.000000
11390.000000
12688.000000
14165.000000
14800.000000
16123.000000
17128.000000
18632.000000
20481.000000
22307.000000
24071.000000
25370.000000
26793.000000
28082.000000
29632.000000
31200.000000
32354.000000
34186.000000
35313.000000
36845.000000
38311.000000
39703.000000
41087.000000
42934.000000
44376.000000
45648.000000
47150.000000
48542.000000
49714.000000
51356.000000
52578.000000
53806.000000
54430.000000
56097.000000
57642.000000
58937.000000
60355.000000
61981.000000
63215.000000
64761.000000
66120.000000
67738.000000
69669.000000
71234.000000
72879.000000
74758.000000
76443.000000
77962.000000
79633.000000
81159.000000
83031.000000
84651.000000
86250.000000
88083.000000
89658.000000
91257.000000
92890.000000
94708.000000
96546.000000
98196.000000
99713.000000
100784.000000
102619.000000
104065.000000
105108.000000
106429.000000
108038.000000
109875.000000
111700.000000
113297.000000
114944.000000
116741.000000
118547.000000
120343.000000
122138.000000
123921.000000
125715.000000
127171.000000
128368.000000
129529.000000
130883.000000
132148.000000
133712.000000
134966.000000
136290.000000
136931.000000
138895.000000
140758.000000
142126.000000
143973.000000
145511.000000
147058.000000
148487.000000
149620.000000
151107.000000
152908.000000
154730.000000
155969.000000
157306.000000
158753.000000
160066.000000
161349.000000
163221.000000
165069.000000
166548.000000
167565.000000
169164.000000
170946.000000
172278.000000
173742.000000
174912.000000
176107.000000
177825.000000
179667.000000
181527.000000
182684.000000
184202.000000
186029.000000
187863.000000
189682.000000
191341.000000
193134.000000
194827.000000
196408.000000
197674.000000
199485.000000
201282.000000
202692.000000
204147.000000
205328.000000
206943.000000
208372.000000
209817.000000
211287.000000
213093.000000
214893.000000
216671.000000
218099.000000
219350.000000
221139.000000
222791.000000
223873.000000
225663.000000
226903.000000
228692.000000
229967.000000
231762.000000
233091.000000
234884.000000
236619.000000
237983.000000
239545.000000
240960.000000
242235.000000
243561.000000
245062.000000
246865.000000
248651.000000
250165.000000
251546.000000
253244.000000
254878.000000
256361.000000
258146.000000
259912.000000
261672.000000
262829.000000
263899.000000
265679.000000
267298.000000
268819.000000
270113.000000
271468.000000
272733.000000
274016.000000
275616.000000
277008.000000
278816.000000
280386.000000
282152.000000
283692.000000
284812.000000
286601.000000
288401.000000
290184.000000
291756.000000
293030.000000
294304.000000
296015.000000
297672.000000
299314.000000
300885.000000
302662.000000
304178.000000
305966.000000
307734.000000
309055.000000
310411.000000
311765.000000
313301.000000
314987.000000
316474.000000
317798.000000
319031.000000
320795.000000
322018.000000
323325.000000
324440.000000
326248.000000
327642.000000
329436.000000
330571.000000
331791.000000
333180.000000
335003.000000
336412.000000
337662.000000
339381.000000
340466.000000
341815.000000
343053.000000
344425.000000
346211.000000
347653.000000
349210.000000
350996.000000
352771.000000
354577.000000
356363.000000
357951.000000
359719.000000
361518.000000
363137.000000
364360.000000
365613.000000
366859.000000
368281.000000
369832.000000
371252.000000
372747.000000
374029.000000
375334.000000
376673.000000
378476.000000
380006.000000
381449.000000
383256.000000
385059.000000
386306.000000
388107.000000
389893.000000
391684.000000
393470.000000
394605.000000
396097.000000
397090.000000
398590.000000
399855.000000
401639.000000
402306.000000
404237.000000
406050.000000
407533.000000
408833.000000
410611.000000
412411.000000
414185.000000
415948.000000
417443.000000
418748.000000
420524.000000
422105.000000
423521.000000
425082.000000
426246.000000
427495.000000
429239.000000
430746.000000
432040.000000
433461.000000
435129.000000
436582.000000
437983.000000
439479.000000
441246.000000
443013.000000
444786.000000
446551.000000
447911.000000
449494.000000
451054.000000
452345.000000
454107.000000
455855.000000
457522.000000
458842.000000
459954.000000
461707.000000
463488.000000
465234.000000
466367.000000
468109.000000
469885.000000
471288.000000
472851.000000
474586.000000
476326.000000
477812.000000
478840.000000
480285.000000
481541.000000
483319.000000
483945.000000
485570.000000
486855.000000
488643.000000
490145.000000
491903.000000
493573.000000
495042.000000
496811.000000
498331.000000
500061.000000
501511.000000
503252.000000
504296.000000
505899.000000
507211.000000
508538.000000
510269.000000
512030.000000
513798.000000
515339.000000
516860.000000
518605.000000
520367.000000
522117.000000
523658.000000
524964.000000
526712.000000
528456.000000
530186.000000
531915.000000
533643.000000
535362.000000
536751.000000
538155.000000
539267.000000
541007.000000
542706.000000
544394.000000
545658.000000
547387.000000
549119.000000
550850.000000
552523.000000
553843.000000
555575.000000
557291.000000
558706.000000
560371.000000
561788.000000
563521.000000
565242.000000
566742.000000
568054.000000
569265.000000
570995.000000
572355.000000
573351.000000
574823.000000
576518.000000
577923.000000
579672.000000
581295.000000
582749.000000
584074.000000
585435.000000
586723.000000
587903.000000
589433.000000
590807.000000
592205.000000
593764.000000
595047.000000
596538.000000
598185.000000
599837.000000
601621.000000
603397.000000
605166.000000
606932.000000
608310.000000
609960.000000
611409.000000
613049.000000
614808.000000
616563.000000
618106.000000
619605.000000
621198.000000
622940.000000
624402.000000
626136.000000
627860.000000
629590.000000
630985.000000
632401.000000
633706.000000
635447.000000
637204.000000
638939.000000
640224.000000
641962.000000
643716.000000
645386.000000
646886.000000
648589.000000
650008.000000
651578.000000
653034.000000
654715.000000
656126.000000
657672.000000
658930.000000
660423.000000
661753.000000
663517.000000
665263.000000
666420.000000
667914.000000
669663.000000
671085.000000
672643.000000
674148.000000
675849.000000
677061.000000
678830.000000
680589.000000
682297.000000
684038.000000
685763.000000
687183.000000
688584.000000
690280.000000
691754.000000
692886.000000
694596.000000
695867.000000
697619.000000
699395.000000
701103.000000
702444.000000
703760.000000
705251.000000
706529.000000
708225.000000
709993.000000
711757.000000
713325.000000
714730.000000
716125.000000
717470.000000
718706.000000
720124.000000
721345.000000
722409.000000
723495.000000
725324.000000
727136.000000
728937.000000
730727.000000
732453.000000
733834.000000
735617.000000
737217.000000
738471.000000
740261.000000
742037.000000
743698.000000
745202.000000
746938.000000
748140.000000
749896.000000
751680.000000
753368.000000
755127.000000
756885.000000
758231.000000
759581.000000
760619.000000
761806.000000
763610.000000
765014.000000
766795.000000
768455.000000
770224.000000
770867.000000
772775.000000
774466.000000
775706.000000
777491.000000
779105.000000
780489.000000
782006.000000
783456.000000
785248.000000
787052.000000
788819.000000
790602.000000
792240.000000
793800.000000
794936.000000
796719.000000
798501.000000
800275.000000
802035.000000
803405.000000
805166.000000
806751.000000
807789.000000
809015.000000
810482.000000
811831.000000
813350.000000
814973.000000
816493.000000
817853.000000
819620.000000
821407.000000
823177.000000
824945.000000
826708.000000
828417.000000
829856.000000
831338.000000
832343.000000
833939.000000
835727.000000
837075.000000
838729.000000
840363.000000
841429.000000
843154.000000
844928.000000
846714.000000
848478.000000
850068.000000
851559.000000
853328.000000
855090.000000
856855.000000
858290.000000
860052.000000
861673.000000
863276.000000
865019.000000
866775.000000
868456.000000
869847.000000
871583.000000
873270.000000
874998.000000
876538.000000
877750.000000
879105.000000
880868.000000
882509.000000
883800.000000
885279.000000
886833.000000
888179.000000
889308.000000
891069.000000
892864.000000
894321.000000
896104.000000
897495.000000
899114.000000
900400.000000
