Peaks (s)
871.000000
1700.000000
2632.000000
3641.000000
4648.000000
5621.000000
6565.000000
7504.000000
8487.000000
9489.000000
10477.000000
11424.000000
12394.000000
13391.000000
14385.000000
15369.000000
16326.000000
17313.000000
18350.000000
19387.000000
20389.000000
21336.000000
22294.000000
23285.000000
24299.000000
25294.000000
26252.000000
27238.000000
28266.000000
29269.000000
30226.000000
31141.000000
32072.000000
33064.000000
34075.000000
35056.000000
36040.000000
37019.000000
38017.000000
38913.000000
39758.000000
40730.000000
41686.000000
42622.000000
43590.000000
44582.000000
45589.000000
46546.000000
47475.000000
48438.000000
49444.000000
50449.000000
51400.000000
52328.000000
53289.000000
54291.000000
55286.000000
56215.000000
57144.000000
58106.000000
59060.000000
59992.000000
60885.000000
61789.000000
62732.000000
63689.000000
64645.000000
65567.000000
66464.000000
67421.000000
68384.000000
69354.000000
70282.000000
71226.000000
72200.000000
73206.000000
74201.000000
75154.000000
76081.000000
77018.000000
77947.000000
78824.000000
79687.000000
80577.000000
81529.000000
82534.000000
83500.000000
84426.000000
85401.000000
86413.000000
87421.000000
88422.000000
89369.000000
90318.000000
91330.000000
92382.000000
93403.000000
94404.000000
95416.000000
96443.000000
97455.000000
98410.000000
99334.000000
100289.000000
101270.000000
102227.000000
103152.000000
104106.000000
105083.000000
106040.000000
106950.000000
107843.000000
108800.000000
109779.000000
110741.000000
111639.000000
112521.000000
113449.000000
114409.000000
115330.000000
116222.000000
117138.000000
118077.000000
118994.000000
119804.000000
120672.000000
121567.000000
122417.000000
123271.000000
124199.000000
125172.000000
126106.000000
126997.000000
127922.000000
128895.000000
129875.000000
130809.000000
131694.000000
132606.000000
133565.000000
134475.000000
135323.000000
136188.000000
137121.000000
138103.000000
139075.000000
139987.000000
140890.000000
141842.000000
142820.000000
143738.000000
144607.000000
145536.000000
146501.000000
147485.000000
148424.000000
149327.000000
150304.000000
151327.000000
152346.000000
153287.000000
154232.000000
155198.000000
156144.000000
157033.000000
157952.000000
158954.000000
159991.000000
160964.000000
161916.000000
162919.000000
163933.000000
164866.000000
165668.000000
166414.000000
167253.000000
168110.000000
168916.000000
169821.000000
170815.000000
171817.000000
172752.000000
173644.000000
174545.000000
175505.000000
176514.000000
177481.000000
178403.000000
179375.000000
180379.000000
181390.000000
182330.000000
183243.000000
184194.000000
185166.000000
186162.000000
187111.000000
188068.000000
189065.000000
190089.000000
191120.000000
192086.000000
193073.000000
194093.000000
195162.000000
196148.000000
197087.000000
198031.000000
198977.000000
199924.000000
200849.000000
201773.000000
202738.000000
203727.000000
204678.000000
205615.000000
206557.000000
207477.000000
208345.000000
209202.000000
210128.000000
211079.000000
212043.000000
212958.000000
213890.000000
214852.000000
215825.000000
216744.000000
217668.000000
218641.000000
219605.000000
220519.000000
221396.000000
222281.000000
223172.000000
224053.000000
224858.000000
225589.000000
226427.000000
227259.000000
228046.000000
228936.000000
229917.000000
230906.000000
231860.000000
232763.000000
233670.000000
234602.000000
235566.000000
236505.000000
237377.000000
238274.000000
239217.000000
240200.000000
241135.000000
242040.000000
242996.000000
243989.000000
244986.000000
245890.000000
246798.000000
247736.000000
248699.000000
249670.000000
250609.000000
251577.000000
252608.000000
253659.000000
254658.000000
255608.000000
256502.000000
257424.000000
258397.000000
259378.000000
260319.000000
261205.000000
262123.000000
263078.000000
264026.000000
264906.000000
265748.000000
266642.000000
267608.000000
268583.000000
269543.000000
270464.000000
271368.000000
272328.000000
273313.000000
274291.000000
275212.000000
276121.000000
277072.000000
278073.000000
279105.000000
280081.000000
281079.000000
282060.000000
282997.000000
283853.000000
284629.000000
285635.000000
286661.000000
287603.000000
288572.000000
289551.000000
290532.000000
291439.000000
292316.000000
293242.000000
294226.000000
295253.000000
296210.000000
297107.000000
298057.000000
299064.000000
300063.000000
301052.000000
301994.000000
302920.000000
303897.000000
304907.000000
305900.000000
306846.000000
307814.000000
308783.000000
309717.000000
310609.000000
311535.000000
312513.000000
313516.000000
314489.000000
315403.000000
316355.000000
317357.000000
318386.000000
319408.000000
320379.000000
321343.000000
322350.000000
323382.000000
324374.000000
325320.000000
326310.000000
327327.000000
328328.000000
329258.000000
330211.000000
331189.000000
332200.000000
333188.000000
334111.000000
335048.000000
336045.000000
337042.000000
338000.000000
338895.000000
339807.000000
340732.000000
341689.000000
342643.000000
343614.000000
344614.000000
345580.000000
346495.000000
347410.000000
348366.000000
349324.000000
350232.000000
351092.000000
351980.000000
352888.000000
353705.000000
354504.000000
355429.000000
356338.000000
357241.000000
358199.000000
359180.000000
360152.000000
361076.000000
361949.000000
362836.000000
363779.000000
364741.000000
365670.000000
366551.000000
367485.000000
368453.000000
369404.000000
370318.000000
371250.000000
372204.000000
373166.000000
374090.000000
374975.000000
375891.000000
376856.000000
377823.000000
378752.000000
379647.000000
380572.000000
381518.000000
382487.000000
383422.000000
384315.000000
385224.000000
386168.000000
387127.000000
388051.000000
388905.000000
389766.000000
390678.000000
391636.000000
392569.000000
393436.000000
394296.000000
395211.000000
396170.000000
397127.000000
398048.000000
398914.000000
399792.000000
400724.000000
401675.000000
402566.000000
403406.000000
404330.000000
405304.000000
406259.000000
407173.000000
408022.000000
408930.000000
409899.000000
410857.000000
411808.000000
412704.000000
413624.000000
414551.000000
415530.000000
416486.000000
417379.000000
418221.000000
419046.000000
419927.000000
420707.000000
421593.000000
422628.000000
423621.000000
424520.000000
425471.000000
426465.000000
427450.000000
428365.000000
429234.000000
430151.000000
431118.000000
432112.000000
433076.000000
433984.000000
435002.000000
435961.000000
436929.000000
437832.000000
438696.000000
439686.000000
440688.000000
441718.000000
442729.000000
443712.000000
444692.000000
445701.000000
446715.000000
447734.000000
448680.000000
449601.000000
450551.000000
451529.000000
452464.000000
453356.000000
454309.000000
455325.000000
456354.000000
457391.000000
458366.000000
459281.000000
460227.000000
461198.000000
462201.000000
463162.000000
464105.000000
465057.000000
466049.000000
467079.000000
468114.000000
469108.000000
470099.000000
471063.000000
471999.000000
472949.000000
473860.000000
474733.000000
475662.000000
476618.000000
477489.000000
478303.000000
479228.000000
480180.000000
481080.000000
481938.000000
482855.000000
483856.000000
484890.000000
485904.000000
486901.000000
487906.000000
488890.000000
489818.000000
490788.000000
491788.000000
492769.000000
493723.000000
494603.000000
495519.000000
496464.000000
497432.000000
498358.000000
499205.000000
500059.000000
500960.000000
501928.000000
502858.000000
503705.000000
504593.000000
505561.000000
506522.000000
507435.000000
508333.000000
509276.000000
510224.000000
511120.000000
511988.000000
512886.000000
513815.000000
514729.000000
515577.000000
516420.000000
517330.000000
518299.000000
519242.000000
520144.000000
521100.000000
522066.000000
522992.000000
523893.000000
524835.000000
525751.000000
526642.000000
527547.000000
528456.000000
529341.000000
530185.000000
531008.000000
531897.000000
532823.000000
533712.000000
534562.000000
535332.000000
536104.000000
537004.000000
537873.000000
538663.000000
539465.000000
540356.000000
541308.000000
542261.000000
543172.000000
544037.000000
544940.000000
545881.000000
546866.000000
547811.000000
548787.000000
549784.000000
550761.000000
551729.000000
552700.000000
553659.000000
554564.000000
555424.000000
556294.000000
557194.000000
558098.000000
558958.000000
559759.000000
560533.000000
561376.000000
562340.000000
563290.000000
564242.000000
565199.000000
566154.000000
567078.000000
567970.000000
568957.000000
569982.000000
570978.000000
571955.000000
572932.000000
573889.000000
574795.000000
575646.000000
576529.000000
577488.000000
578501.000000
579489.000000
580425.000000
581378.000000
582398.000000
583413.000000
584323.000000
585170.000000
586056.000000
586921.000000
587707.000000
588600.000000
589622.000000
590635.000000
591642.000000
592686.000000
593733.000000
594781.000000
595781.000000
596792.000000
597832.000000
598831.000000
599757.000000
600721.000000
601681.000000
602626.000000
603546.000000
604435.000000
605404.000000
606424.000000
607447.000000
608436.000000
609400.000000
610377.000000
611385.000000
612403.000000
613365.000000
614324.000000
615352.000000
616404.000000
617402.000000
618348.000000
619224.000000
620120.000000
621093.000000
622113.000000
623128.000000
624085.000000
625062.000000
626071.000000
627064.000000
628007.000000
628893.000000
629813.000000
630785.000000
631758.000000
632684.000000
633542.000000
634445.000000
635403.000000
636403.000000
637382.000000
638291.000000
639163.000000
640049.000000
640981.000000
641949.000000
642801.000000
643564.000000
644418.000000
645347.000000
646266.000000
647183.000000
648135.000000
649115.000000
650086.000000
651012.000000
651895.000000
652843.000000
653855.000000
654855.000000
655812.000000
656701.000000
657586.000000
658527.000000
659505.000000
660484.000000
661418.000000
662321.000000
663255.000000
664203.000000
665110.000000
666034.000000
666939.000000
667791.000000
668660.000000
669573.000000
670524.000000
671471.000000
672346.000000
673258.000000
674185.000000
675128.000000
676039.000000
676890.000000
677792.000000
678731.000000
679673.000000
680584.000000
681439.000000
682305.000000
683199.000000
684000.000000
684730.000000
685527.000000
686370.000000
687193.000000
688112.000000
689092.000000
690057.000000
690984.000000
691810.000000
692584.000000
693425.000000
694341.000000
695308.000000
696255.000000
697201.000000
698190.000000
699199.000000
700215.000000
701198.000000
702178.000000
703136.000000
704106.000000
705085.000000
706079.000000
707029.000000
707918.000000
708804.000000
709749.000000
710705.000000
711654.000000
712550.000000
713376.000000
714195.000000
715109.000000
716081.000000
717091.000000
718024.000000
718939.000000
719872.000000
720824.000000
721781.000000
722679.000000
723526.000000
724385.000000
725241.000000
726031.000000
726758.000000
727513.000000
728458.000000
729389.000000
730251.000000
731142.000000
732086.000000
733045.000000
733995.000000
734900.000000
735754.000000
736669.000000
737659.000000
738685.000000
739655.000000
740622.000000
741598.000000
742536.000000
743423.000000
744343.000000
745341.000000
746342.000000
747287.000000
748181.000000
749104.000000
750080.000000
751103.000000
752123.000000
753086.000000
754018.000000
754984.000000
755969.000000
756931.000000
757888.000000
758924.000000
759953.000000
760965.000000
761928.000000
762884.000000
763865.000000
764847.000000
765836.000000
766780.000000
767683.000000
768635.000000
769623.000000
770595.000000
771511.000000
772383.000000
773284.000000
774219.000000
775200.000000
776125.000000
777076.000000
778061.000000
779057.000000
780017.000000
780919.000000
781802.000000
782741.000000
783730.000000
784683.000000
785578.000000
786544.000000
787559.000000
788555.000000
789496.000000
790409.000000
791379.000000
792392.000000
793371.000000
794292.000000
795164.000000
796064.000000
796997.000000
797937.000000
798850.000000
799701.000000
800452.000000
801151.000000
801916.000000
802924.000000
803947.000000
804971.000000
805959.000000
806834.000000
807605.000000
808380.000000
809292.000000
810189.000000
811027.000000
811824.000000
812683.000000
813588.000000
814518.000000
815421.000000
816300.000000
817200.000000
818132.000000
819059.000000
819987.000000
820880.000000
821782.000000
822715.000000
823673.000000
824601.000000
825483.000000
826372.000000
827369.000000
828378.000000
829380.000000
830292.000000
831171.000000
832122.000000
833151.000000
834222.000000
835236.000000
836192.000000
837137.000000
838092.000000
838951.000000
839747.000000
840465.000000
841257.000000
842119.000000
842926.000000
843787.000000
844738.000000
845709.000000
846630.000000
847492.000000
848341.000000
849240.000000
850182.000000
851143.000000
852110.000000
853041.000000
853901.000000
854813.000000
855786.000000
856732.000000
857632.000000
858510.000000
859420.000000
860370.000000
861321.000000
862298.000000
863248.000000
864165.000000
865098.000000
866092.000000
867049.000000
867936.000000
868843.000000
869803.000000
870782.000000
871720.000000
872633.000000
873566.000000
874516.000000
875404.000000
876261.000000
877186.000000
878135.000000
879097.000000
880003.000000
880933.000000
881902.000000
882872.000000
883800.000000
884694.000000
885612.000000
886563.000000
887498.000000
888384.000000
889266.000000
890172.000000
891114.000000
892021.000000
892852.000000
893728.000000
894704.000000
895682.000000
896629.000000
897522.000000
898391.000000
899311.000000
900233.000000
901159.000000
901981.000000
902714.000000
903486.000000
904397.000000
905323.000000
906229.000000
907069.000000
907922.000000
908812.000000
909734.000000
910672.000000
911579.000000
912411.000000
913232.000000
914116.000000
915039.000000
915972.000000
916884.000000
917743.000000
918630.000000
919572.000000
920534.000000
921499.000000
922408.000000
923330.000000
924258.000000
925167.000000
926084.000000
927035.000000
927984.000000
928893.000000
929788.000000
930710.000000
931654.000000
932602.000000
933536.000000
934403.000000
935270.000000
936188.000000
937131.000000
938012.000000
938884.000000
939814.000000
940758.000000
941706.000000
942592.000000
943382.000000
944207.000000
945126.000000
946065.000000
946980.000000
947811.000000
948561.000000
949342.000000
950275.000000
951181.000000
952062.000000
952974.000000
953936.000000
954916.000000
955890.000000
956830.000000
957731.000000
958656.000000
959602.000000
960571.000000
961555.000000
962462.000000
963343.000000
964266.000000
965222.000000
966168.000000
967067.000000
967990.000000
968932.000000
969919.000000
970911.000000
971882.000000
972720.000000
973569.000000
974473.000000
975411.000000
976381.000000
977294.000000
978235.000000
979275.000000
980359.000000
981330.000000
982231.000000
983143.000000
984072.000000
985023.000000
985959.000000
986847.000000
987691.000000
988574.000000
989508.000000
990423.000000
991304.000000
992131.000000
992972.000000
993851.000000
994772.000000
995688.000000
996554.000000
997361.000000
998110.000000
998868.000000
999697.000000
1000603.000000
1001549.000000
1002499.000000
1003476.000000
1004398.000000
1005257.000000
1006122.000000
1007010.000000
1007926.000000
1008828.000000
1009689.000000
1010508.000000
1011320.000000
1012207.000000
1013130.000000
1014053.000000
1014942.000000
1015806.000000
1016655.000000
1017465.000000
1018214.000000
1018928.000000
1019668.000000
1020497.000000
1021345.000000
1022111.000000
1022861.000000
1023722.000000
1024616.000000
1025425.000000
1026247.000000
1027160.000000
1028118.000000
1029080.000000
1029995.000000
1030838.000000
1031688.000000
1032584.000000
1033517.000000
1034436.000000
1035332.000000
1036278.000000
1037239.000000
1038221.000000
1039196.000000
1040156.000000
1041040.000000
1041915.000000
1042845.000000
1043810.000000
1044760.000000
1045683.000000
1046570.000000
1047483.000000
1048415.000000
1049372.000000
1050281.000000
1051131.000000
1051946.000000
1052784.000000
1053670.000000
1054582.000000
1055512.000000
1056450.000000
1057342.000000
1058169.000000
1059032.000000
1059965.000000
1060911.000000
1061852.000000
1062742.000000
1063612.000000
1064522.000000
1065435.000000
1066349.000000
1067243.000000
1068167.000000
1069108.000000
1070061.000000
1070949.000000
1071811.000000
1072685.000000
1073603.000000
1074535.000000
1075450.000000
1076308.000000
1077132.000000
1077955.000000
1078862.000000
1079810.000000
1080683.000000
1081455.000000
1082274.000000
1083153.000000
1083995.000000
1084769.000000
1085559.000000
1086441.000000
1087362.000000
1088296.000000
1089208.000000
1090045.000000
1090886.000000
1091769.000000
1092678.000000
1093569.000000
1094421.000000
1095244.000000
1096105.000000
1097040.000000
1097994.000000
1098905.000000
1099753.000000
1100601.000000
1101475.000000
1102402.000000
1103360.000000
1104270.000000
1105128.000000
1106028.000000
1106945.000000
1107882.000000
1108829.000000
1109753.000000
1110614.000000
1111512.000000
1112467.000000
1113412.000000
1114331.000000
1115212.000000
1116136.000000
1117069.000000
1118003.000000
1118887.000000
1119729.000000
1120607.000000
1121500.000000
1122437.000000
1123349.000000
1124219.000000
1125159.000000
1126104.000000
1127002.000000
1127864.000000
1128644.000000
1129475.000000
1130350.000000
1131271.000000
1132168.000000
1133066.000000
1133880.000000
1134699.000000
1135478.000000
1136204.000000
1136984.000000
1137931.000000
1138892.000000
1139784.000000
1140612.000000
1141512.000000
1142466.000000
1143438.000000
1144375.000000
1145296.000000
1146171.000000
1146982.000000
1147840.000000
1148739.000000
1149648.000000
1150560.000000
1151399.000000
1152194.000000
1153089.000000
1154067.000000
1155066.000000
1156032.000000
1156985.000000
1157945.000000
1158908.000000
1159874.000000
1160843.000000
1161755.000000
1162600.000000
1163489.000000
1164407.000000
1165272.000000
1166137.000000
1167063.000000
1168020.000000
1168936.000000
1169860.000000
1170781.000000
1171669.000000
1172483.000000
1173297.000000
1174137.000000
1175015.000000
1175892.000000
1176754.000000
1177634.000000
1178513.000000
1179333.000000
1180067.000000
1180784.000000
1181545.000000
1182380.000000
1183263.000000
1184126.000000
1184912.000000
1185651.000000
1186422.000000
1187256.000000
1188118.000000
1188996.000000
1189846.000000
1190624.000000
1191376.000000
1192170.000000
1192984.000000
1193813.000000
1194696.000000
1195560.000000
1196386.000000
1197189.000000
1198020.000000
1198878.000000
1199740.000000
1200571.000000
1201351.000000
1202075.000000
1202829.000000
1203641.000000
1204500.000000
1205358.000000
1206201.000000
1206983.000000
1207713.000000
1208462.000000
1209284.000000
1210108.000000
1210876.000000
1211579.000000
1212279.000000
1213052.000000
1213846.000000
1214575.000000
1215312.000000
1216132.000000
1217002.000000
1217899.000000
1218790.000000
1219649.000000
1220447.000000
1221187.000000
1221937.000000
1222763.000000
1223608.000000
1224539.000000
1225424.000000
1226258.000000
1227101.000000
1228006.000000
1228925.000000
1229837.000000
1230705.000000
1231533.000000
1232430.000000
1233377.000000
1234330.000000
1235213.000000
1236018.000000
1236838.000000
1237731.000000
1238658.000000
1239591.000000
1240485.000000
1241321.000000
1242188.000000
1243134.000000
1244075.000000
1245009.000000
1245877.000000
1246671.000000
1247475.000000
1248322.000000
1249213.000000
1250116.000000
1251006.000000
1251838.000000
1252708.000000
1253619.000000
1254551.000000
1255468.000000
1256343.000000
1257151.000000
1257905.000000
1258725.000000
1259569.000000
1260441.000000
1261316.000000
1262182.000000
1263073.000000
1263991.000000
1264898.000000
1265712.000000
1266444.000000
1267217.000000
1268097.000000
1268943.000000
1269780.000000
1270682.000000
1271621.000000
1272578.000000
1273507.000000
1274380.000000
1275270.000000
1276189.000000
1277141.000000
1278064.000000
1278926.000000
1279734.000000
1280573.000000
1281482.000000
1282424.000000
1283303.000000
1284141.000000
1285005.000000
1285919.000000
1286830.000000
1287749.000000
1288633.000000
1289449.000000
1290245.000000
1291071.000000
1291959.000000
1292870.000000
1293751.000000
1294595.000000
1295409.000000
1296289.000000
1297225.000000
1298131.000000
1299002.000000
1299830.000000
1300565.000000
1301299.000000
1302102.000000
1303011.000000
1303924.000000
1304867.000000
1305801.000000
1306758.000000
1307691.000000
1308554.000000
1309335.000000
1310114.000000
1310974.000000
1311873.000000
1312786.000000
1313706.000000
1314581.000000
1315494.000000
1316401.000000
1317321.000000
1318200.000000
1319032.000000
1319851.000000
1320694.000000
1321524.000000
1322284.000000
1323004.000000
1323690.000000
1324444.000000
1325315.000000
1326132.000000
1326866.000000
1327685.000000
1328553.000000
1329451.000000
1330315.000000
1331082.000000
1331900.000000
1332749.000000
1333645.000000
1334531.000000
1335356.000000
1336180.000000
1337068.000000
1337989.000000
1338919.000000
1339791.000000
1340595.000000
1341415.000000
1342301.000000
1343251.000000
1344200.000000
1345123.000000
1346085.000000
1347066.000000
1348061.000000
1349026.000000
1349954.000000
1350864.000000
1351784.000000
1352669.000000
1353523.000000
1354345.000000
1355198.000000
1356160.000000
1357130.000000
1358061.000000
1358934.000000
1359831.000000
1360738.000000
1361612.000000
1362381.000000
1363098.000000
1363866.000000
1364699.000000
1365504.000000
1366241.000000
1367000.000000
1367828.000000
1368675.000000
1369577.000000
1370449.000000
1371265.000000
1372038.000000
1372889.000000
1373768.000000
1374687.000000
1375601.000000
1376494.000000
1377387.000000
1378278.000000
1379171.000000
1380053.000000
1380917.000000
1381732.000000
1382589.000000
1383494.000000
1384445.000000
1385378.000000
1386264.000000
1387157.000000
1388060.000000
1388979.000000
1389893.000000
1390770.000000
1391576.000000
1392372.000000
1393235.000000
1394165.000000
1395123.000000
1396050.000000
1396945.000000
1397884.000000
1398831.000000
1399790.000000
1400754.000000
1401690.000000
1402612.000000
1403553.000000
1404458.000000
1405337.000000
1406188.000000
1406958.000000
1407696.000000
1408498.000000
1409397.000000
1410328.000000
1411259.000000
1412158.000000
1413019.000000
1413892.000000
1414808.000000
1415704.000000
1416576.000000
1417390.000000
1418153.000000
1418977.000000
1419897.000000
1420864.000000
1421816.000000
1422741.000000
1423665.000000
1424581.000000
1425489.000000
1426380.000000
1427200.000000
1428026.000000
1428887.000000
1429779.000000
1430673.000000
1431541.000000
1432379.000000
1433234.000000
1434122.000000
1435031.000000
1435898.000000
1436718.000000
1437479.000000
1438316.000000
1439177.000000
1440015.000000
1440768.000000
1441515.000000
1442352.000000
1443165.000000
1443925.000000
1444749.000000
1445604.000000
1446524.000000
1447440.000000
1448319.000000
1449139.000000
1449881.000000
1450631.000000
1451461.000000
1452348.000000
1453289.000000
1454223.000000
1455136.000000
1455999.000000
1456895.000000
1457807.000000
1458695.000000
1459564.000000
1460423.000000
1461228.000000
1462033.000000
1462916.000000
1463829.000000
1464769.000000
1465666.000000
1466541.000000
1467443.000000
1468368.000000
1469284.000000
1470180.000000
1471054.000000
1471898.000000
1472731.000000
1473601.000000
1474546.000000
1475486.000000
1476404.000000
1477270.000000
1478087.000000
1478883.000000
1479759.000000
1480705.000000
1481667.000000
1482593.000000
1483486.000000
1484295.000000
1485090.000000
1485918.000000
1486723.000000
1487456.000000
1488190.000000
1489088.000000
1489983.000000
1490822.000000
1491645.000000
1492530.000000
1493449.000000
1494326.000000
1495157.000000
1495975.000000
1496797.000000
1497660.000000
1498529.000000
1499364.000000
1500144.000000
1500909.000000
1501731.000000
1502626.000000
1503553.000000
1504455.000000
1505318.000000
1506115.000000
1506888.000000
1507704.000000
1508586.000000
1509469.000000
1510320.000000
1511140.000000
1512005.000000
1512893.000000
1513809.000000
1514696.000000
1515541.000000
1516415.000000
1517331.000000
1518257.000000
1519135.000000
1519978.000000
1520844.000000
1521758.000000
1522684.000000
1523646.000000
1524581.000000
1525452.000000
1526377.000000
1527326.000000
1528285.000000
1529231.000000
1530178.000000
1531103.000000
1532011.000000
1532910.000000
1533744.000000
1534587.000000
1535529.000000
1536491.000000
1537426.000000
1538374.000000
1539323.000000
1540255.000000
1541135.000000
1541971.000000
1542723.000000
1543451.000000
1544223.000000
1545071.000000
1545975.000000
1546861.000000
1547668.000000
1548454.000000
1549273.000000
1550111.000000
1550898.000000
1551619.000000
1552360.000000
1553223.000000
1554050.000000
1554802.000000
1555576.000000
1556444.000000
1557364.000000
1558307.000000
1559238.000000
1560114.000000
1560908.000000
1561681.000000
1562535.000000
1563441.000000
1564368.000000
1565289.000000
1566178.000000
1567026.000000
1567884.000000
1568792.000000
1569714.000000
1570632.000000
1571483.000000
1572330.000000
1573234.000000
1574168.000000
1575088.000000
1575973.000000
1576809.000000
1577663.000000
1578584.000000
1579515.000000
1580445.000000
1581320.000000
1582140.000000
1582961.000000
1583827.000000
1584746.000000
1585680.000000
1586553.000000
1587379.000000
1588204.000000
1589081.000000
1590029.000000
1590930.000000
1591807.000000
1592666.000000
1593532.000000
1594409.000000
1595264.000000
1596109.000000
1597002.000000
1597975.000000
1598938.000000
1599855.000000
1600714.000000
1601520.000000
1602346.000000
1603211.000000
1604119.000000
1605030.000000
1605914.000000
1606738.000000
1607528.000000
1608361.000000
1609248.000000
1610145.000000
1611041.000000
1611884.000000
1612669.000000
1613464.000000
1614300.000000
1615131.000000
1615942.000000
1616683.000000
1617418.000000
1618244.000000
1619075.000000
1619854.000000
1620708.000000
1621607.000000
1622547.000000
1623454.000000
1624331.000000
1625169.000000
1626047.000000
1626948.000000
1627887.000000
1628791.000000
1629632.000000
1630466.000000
1631340.000000
1632241.000000
1633136.000000
1633994.000000
1634787.000000
1635540.000000
1636356.000000
1637273.000000
1638248.000000
1639211.000000
1640128.000000
1640983.000000
1641852.000000
1642773.000000
1643697.000000
1644602.000000
1645472.000000
1646312.000000
1647163.000000
1648062.000000
1648968.000000
1649857.000000
1650695.000000
1651494.000000
1652323.000000
1653213.000000
1654108.000000
1654989.000000
1655833.000000
1656652.000000
1657520.000000
1658421.000000
1659324.000000
1660212.000000
1661069.000000
1661876.000000
1662683.000000
1663549.000000
1664427.000000
1665305.000000
1666139.000000
1666948.000000
1667808.000000
1668717.000000
1669638.000000
1670554.000000
1671452.000000
1672352.000000
1673258.000000
1674142.000000
1675003.000000
1675856.000000
1676709.000000
1677552.000000
1678370.000000
1679152.000000
1679966.000000
1680811.000000
1681696.000000
1682578.000000
1683405.000000
1684194.000000
1684996.000000
1685825.000000
1686678.000000
1687471.000000
1688238.000000
1689019.000000
1689885.000000
1690776.000000
1691683.000000
1692553.000000
1693364.000000
1694168.000000
1695001.000000
1695860.000000
1696653.000000
1697378.000000
1698185.000000
1699007.000000
1699758.000000
1700503.000000
1701341.000000
1702223.000000
1703127.000000
1704005.000000
1704841.000000
1705696.000000
1706556.000000
1707420.000000
1708284.000000
1709130.000000
1709983.000000
1710875.000000
1711797.000000
1712731.000000
1713617.000000
1714436.000000
1715258.000000
1716126.000000
1717062.000000
1718006.000000
1718907.000000
1719773.000000
1720657.000000
1721574.000000
1722514.000000
1723421.000000
1724282.000000
1725120.000000
1725980.000000
1726907.000000
1727886.000000
1728865.000000
1729752.000000
1730578.000000
1731397.000000
1732258.000000
1733153.000000
1734055.000000
1734911.000000
1735737.000000
1736619.000000
1737546.000000
1738482.000000
1739411.000000
1740332.000000
1741224.000000
1742044.000000
1742829.000000
1743642.000000
1744537.000000
1745451.000000
1746347.000000
1747228.000000
1748057.000000
1748932.000000
1749844.000000
1750754.000000
1751666.000000
1752569.000000
1753456.000000
1754317.000000
1755074.000000
1755801.000000
1756610.000000
1757441.000000
1758237.000000
1759068.000000
1759974.000000
1760904.000000
1761844.000000
1762742.000000
1763565.000000
1764373.000000
1765209.000000
1766102.000000
1767012.000000
1767920.000000
1768774.000000
1769628.000000
1770534.000000
1771454.000000
1772375.000000
1773275.000000
1774110.000000
1774944.000000
1775817.000000
1776729.000000
1777645.000000
1778505.000000
1779304.000000
1780099.000000
1780960.000000
1781871.000000
1782796.000000
1783700.000000
1784519.000000
1785358.000000
1786247.000000
1787160.000000
1788034.000000
1788873.000000
1789752.000000
1790697.000000
1791663.000000
1792623.000000
1793544.000000
1794418.000000
1795323.000000
1796236.000000
1797165.000000
1798084.000000
1798943.000000
1799793.000000
1800683.000000
