Peaks (s)
819.000000
1873.000000
2927.000000
3878.000000
4983.000000
5942.000000
6724.000000
7597.000000
8761.000000
9721.000000
11016.000000
12102.000000
13237.000000
14425.000000
15487.000000
16406.000000
17210.000000
18386.000000
19311.000000
20427.000000
21509.000000
22576.000000
23737.000000
24659.000000
25583.000000
26801.000000
27823.000000
29009.000000
30246.000000
31336.000000
32609.000000
33737.000000
34845.000000
35940.000000
36827.000000
37723.000000
38882.000000
39753.000000
40643.000000
41962.000000
43011.000000
44236.000000
45326.000000
46475.000000
47714.000000
48824.000000
50023.000000
51185.000000
52303.000000
53508.000000
54551.000000
55747.000000
56779.000000
57878.000000
58917.000000
59849.000000
60907.000000
61896.000000
62885.000000
63959.000000
64875.000000
66006.000000
66974.000000
67851.000000
69017.000000
70039.000000
71194.000000
72205.000000
73257.000000
74297.000000
75378.000000
76516.000000
77651.000000
78805.000000
79874.000000
80917.000000
81988.000000
82887.000000
83799.000000
84934.000000
85862.000000
86998.000000
88151.000000
89199.000000
90287.000000
91169.000000
92027.000000
93283.000000
94297.000000
95455.000000
96526.000000
97618.000000
98809.000000
99925.000000
101055.000000
102181.000000
103288.000000
104541.000000
105580.000000
106676.000000
107809.000000
108799.000000
109924.000000
110918.000000
112074.000000
113176.000000
114129.000000
115237.000000
116281.000000
117114.000000
117963.000000
119105.000000
120055.000000
121253.000000
122420.000000
123517.000000
124640.000000
125780.000000
126956.000000
128012.000000
129102.000000
130203.000000
131172.000000
132255.000000
133302.000000
134171.000000
135227.000000
136306.000000
137325.000000
138468.000000
139660.000000
140851.000000
141947.000000
143058.000000
144285.000000
145366.000000
146509.000000
147573.000000
148423.000000
149588.000000
150605.000000
151465.000000
152451.000000
153535.000000
154560.000000
155410.000000
156173.000000
156962.000000
157829.000000
158611.000000
159398.000000
160122.000000
161289.000000
162116.000000
162925.000000
163785.000000
164584.000000
165666.000000
166768.000000
167588.000000
168366.000000
169202.000000
170109.000000
171304.000000
172339.000000
173418.000000
174364.000000
175338.000000
176488.000000
177385.000000
178218.000000
179396.000000
180290.000000
181183.000000
182077.000000
183166.000000
184244.000000
185066.000000
185861.000000
186787.000000
187653.000000
188546.000000
189446.000000
190308.000000
191529.000000
192567.000000
193612.000000
194585.000000
195431.000000
196509.000000
197520.000000
198440.000000
199566.000000
200668.000000
201568.000000
202751.000000
203729.000000
204575.000000
205416.000000
206248.000000
207057.000000
208205.000000
209235.000000
210069.000000
210890.000000
211714.000000
212542.000000
213760.000000
214892.000000
215953.000000
217028.000000
217891.000000
218706.000000
219558.000000
220343.000000
221200.000000
222296.000000
223193.000000
224143.000000
225279.000000
226227.000000
227400.000000
228482.000000
229449.000000
230463.000000
231370.000000
232190.000000
233003.000000
234041.000000
234945.000000
236105.000000
237059.000000
238004.000000
238891.000000
240098.000000
241252.000000
242422.000000
243502.000000
244638.000000
245851.000000
246886.000000
248107.000000
249269.000000
250414.000000
251574.000000
252670.000000
253735.000000
254869.000000
255814.000000
256797.000000
257954.000000
258894.000000
260060.000000
261096.000000
262106.000000
263181.000000
264198.000000
265256.000000
266285.000000
267203.000000
268241.000000
269308.000000
270190.000000
271169.000000
272241.000000
273124.000000
274023.000000
274973.000000
275840.000000
277011.000000
278084.000000
278951.000000
279825.000000
280982.000000
282036.000000
283235.000000
284316.000000
285446.000000
286537.000000
287488.000000
288620.000000
289671.000000
290617.000000
291680.000000
292593.000000
293507.000000
294687.000000
295657.000000
296626.000000
297722.000000
298684.000000
299773.000000
300936.000000
301815.000000
302818.000000
303999.000000
304900.000000
305872.000000
306902.000000
307949.000000
309158.000000
310155.000000
311070.000000
312142.000000
312999.000000
313926.000000
315154.000000
316145.000000
317276.000000
318381.000000
319304.000000
320443.000000
321281.000000
322053.000000
323085.000000
324120.000000
325353.000000
326406.000000
327518.000000
328609.000000
329508.000000
330391.000000
331519.000000
332608.000000
333717.000000
334856.000000
335769.000000
336645.000000
337609.000000
338482.000000
339650.000000
340690.000000
341538.000000
342421.000000
343437.000000
344394.000000
345691.000000
346815.000000
347956.000000
349110.000000
350183.000000
351409.000000
352543.000000
353558.000000
354705.000000
355759.000000
356882.000000
358111.000000
359046.000000
359943.000000
361082.000000
362043.000000
363299.000000
364394.000000
365407.000000
366546.000000
367554.000000
368534.000000
369669.000000
370563.000000
371522.000000
372695.000000
373638.000000
374790.000000
375911.000000
376969.000000
378139.000000
379234.000000
380167.000000
381348.000000
382324.000000
383189.000000
384409.000000
385422.000000
386574.000000
387652.000000
388622.000000
389829.000000
390858.000000
391773.000000
392827.000000
393801.000000
394684.000000
395871.000000
397023.000000
398057.000000
399170.000000
400150.000000
401253.000000
402403.000000
403388.000000
404415.000000
405450.000000
406284.000000
407157.000000
408163.000000
409023.000000
409922.000000
411057.000000
412002.000000
412913.000000
414068.000000
414955.000000
415896.000000
416978.000000
418145.000000
419239.000000
420159.000000
420984.000000
422046.000000
423072.000000
423957.000000
425143.000000
426193.000000
427143.000000
428031.000000
428907.000000
429704.000000
430576.000000
431560.000000
432378.000000
433227.000000
434299.000000
435169.000000
436109.000000
437009.000000
437828.000000
438722.000000
439633.000000
440521.000000
441579.000000
442567.000000
443386.000000
444209.000000
445051.000000
445807.000000
446633.000000
447665.000000
448554.000000
449696.000000
450701.000000
451571.000000
452472.000000
453401.000000
454584.000000
455743.000000
456731.000000
457764.000000
458662.000000
459457.000000
460314.000000
461211.000000
462074.000000
463325.000000
464365.000000
465440.000000
466666.000000
467601.000000
468483.000000
469343.000000
470167.000000
471101.000000
472206.000000
473131.000000
474347.000000
475290.000000
476250.000000
477159.000000
477989.000000
478913.000000
479866.000000
480716.000000
481917.000000
483000.000000
484135.000000
485218.000000
486210.000000
487325.000000
488306.000000
489375.000000
490430.000000
491316.000000
492135.000000
492903.000000
493649.000000
494907.000000
495843.000000
497034.000000
498017.000000
499036.000000
500144.000000
501080.000000
502146.000000
503256.000000
504152.000000
504976.000000
506107.000000
506942.000000
507768.000000
508951.000000
509831.000000
510799.000000
511999.000000
513002.000000
514129.000000
515069.000000
515925.000000
517123.000000
518071.000000
518885.000000
519687.000000
520504.000000
521318.000000
522462.000000
523476.000000
524400.000000
525437.000000
526300.000000
527174.000000
528289.000000
529273.000000
530155.000000
531116.000000
531968.000000
532796.000000
533900.000000
534812.000000
535631.000000
536619.000000
537454.000000
538672.000000
539847.000000
540894.000000
542067.000000
543112.000000
544281.000000
545396.000000
546354.000000
547486.000000
548681.000000
549751.000000
550939.000000
551998.000000
553200.000000
554388.000000
555530.000000
556732.000000
557780.000000
558940.000000
560084.000000
561102.000000
562152.000000
563297.000000
564286.000000
565346.000000
566437.000000
567324.000000
568163.000000
569288.000000
570400.000000
571529.000000
572586.000000
573480.000000
574697.000000
575714.000000
576708.000000
577940.000000
579041.000000
580086.000000
581270.000000
582356.000000
583432.000000
584540.000000
585542.000000
586513.000000
587677.000000
588731.000000
589887.000000
591021.000000
591948.000000
592820.000000
594103.000000
595196.000000
596341.000000
597501.000000
598462.000000
599632.000000
600812.000000
601787.000000
602770.000000
603869.000000
604749.000000
605877.000000
607052.000000
607983.000000
608940.000000
609917.000000
610741.000000
611598.000000
612570.000000
613494.000000
614379.000000
615275.000000
616095.000000
616926.000000
617743.000000
618483.000000
619275.000000
620395.000000
621366.000000
622212.000000
623129.000000
623963.000000
624822.000000
625968.000000
626978.000000
627874.000000
628740.000000
629594.000000
630441.000000
631611.000000
632587.000000
633542.000000
634413.000000
635212.000000
636399.000000
637514.000000
638591.000000
639705.000000
640627.000000
641631.000000
642638.000000
643481.000000
644631.000000
645742.000000
646860.000000
647997.000000
649099.000000
650103.000000
651238.000000
652247.000000
653384.000000
654478.000000
655396.000000
656586.000000
657706.000000
658696.000000
659809.000000
660860.000000
661873.000000
662963.000000
663898.000000
664740.000000
665896.000000
666853.000000
667696.000000
668575.000000
669591.000000
670538.000000
671716.000000
672823.000000
673886.000000
674989.000000
675977.000000
676984.000000
678069.000000
679081.000000
680045.000000
681133.000000
682164.000000
683124.000000
684224.000000
685277.000000
686200.000000
687267.000000
688271.000000
689071.000000
689842.000000
690750.000000
691580.000000
692497.000000
693790.000000
694797.000000
695706.000000
696769.000000
697638.000000
698646.000000
699803.000000
700802.000000
701939.000000
702938.000000
703767.000000
704908.000000
705986.000000
706835.000000
707702.000000
708826.000000
709750.000000
710722.000000
711748.000000
712596.000000
713609.000000
714694.000000
715571.000000
716431.000000
717433.000000
718253.000000
719102.000000
720059.000000
720930.000000
721818.000000
723000.000000
723997.000000
725202.000000
726358.000000
727273.000000
728126.000000
729000.000000
729804.000000
730645.000000
731831.000000
732754.000000
733628.000000
734628.000000
735481.000000
736357.000000
737485.000000
738449.000000
739363.000000
740447.000000
741335.000000
742198.000000
743321.000000
744232.000000
745085.000000
746295.000000
747314.000000
748327.000000
749363.000000
750201.000000
751231.000000
752439.000000
753454.000000
754593.000000
755665.000000
756608.000000
757797.000000
758864.000000
759941.000000
761124.000000
762198.000000
763270.000000
764425.000000
765518.000000
766575.000000
767689.000000
768634.000000
769638.000000
770753.000000
771646.000000
772458.000000
773707.000000
774762.000000
775657.000000
776817.000000
777780.000000
778618.000000
779543.000000
780434.000000
781293.000000
782392.000000
783553.000000
784684.000000
785879.000000
786897.000000
787885.000000
789033.000000
789966.000000
790882.000000
792041.000000
793038.000000
794140.000000
795279.000000
796209.000000
797242.000000
798339.000000
799290.000000
800421.000000
801564.000000
802590.000000
803642.000000
804722.000000
805582.000000
806499.000000
807649.000000
808694.000000
809859.000000
810918.000000
811927.000000
813110.000000
814187.000000
815157.000000
816085.000000
816934.000000
817773.000000
819098.000000
820209.000000
821403.000000
822559.000000
823578.000000
824742.000000
825837.000000
826816.000000
827988.000000
829051.000000
830098.000000
831228.000000
832265.000000
833289.000000
834435.000000
835522.000000
836475.000000
837452.000000
838561.000000
839429.000000
840374.000000
841588.000000
842614.000000
843766.000000
844913.000000
845889.000000
847025.000000
848104.000000
849081.000000
850094.000000
851017.000000
851806.000000
852964.000000
853784.000000
854622.000000
855441.000000
856262.000000
857442.000000
858427.000000
859360.000000
860334.000000
861285.000000
862057.000000
862861.000000
863880.000000
864758.000000
865646.000000
866842.000000
867915.000000
868993.000000
870146.000000
871112.000000
871971.000000
872845.000000
873805.000000
874655.000000
875860.000000
876956.000000
878009.000000
879035.000000
879879.000000
880717.000000
881873.000000
882899.000000
884004.000000
885147.000000
886164.000000
887248.000000
888339.000000
889242.000000
890073.000000
891228.000000
892265.000000
893320.000000
894400.000000
895253.000000
896030.000000
897213.000000
898230.000000
899069.000000
900023.000000
901151.000000
902060.000000
903024.000000
904046.000000
904886.000000
905806.000000
906808.000000
907666.000000
908813.000000
909933.000000
910803.000000
911747.000000
912623.000000
913405.000000
914205.000000
915350.000000
916291.000000
917239.000000
918228.000000
919090.000000
920062.000000
921150.000000
922024.000000
923216.000000
924391.000000
925434.000000
926550.000000
927655.000000
928616.000000
929781.000000
930870.000000
931892.000000
932985.000000
934104.000000
935090.000000
936170.000000
937263.000000
938183.000000
939040.000000
940204.000000
941162.000000
942018.000000
942988.000000
943957.000000
944817.000000
946005.000000
947125.000000
948212.000000
949377.000000
950397.000000
951350.000000
952566.000000
953528.000000
954393.000000
955384.000000
956286.000000
957154.000000
958388.000000
959560.000000
960542.000000
961693.000000
962672.000000
963530.000000
964697.000000
965757.000000
966642.000000
967897.000000
968995.000000
969862.000000
970714.000000
971674.000000
972541.000000
973778.000000
974924.000000
975976.000000
977146.000000
978184.000000
979164.000000
980323.000000
981258.000000
982094.000000
983294.000000
984263.000000
985181.000000
986111.000000
987027.000000
987843.000000
988750.000000
989885.000000
990873.000000
991965.000000
993014.000000
993868.000000
994700.000000
995682.000000
996617.000000
997439.000000
998461.000000
999492.000000
1000335.000000
1001273.000000
1002289.000000
1003152.000000
1004015.000000
1005086.000000
1005946.000000
1006732.000000
1007621.000000
1008516.000000
1009319.000000
1010237.000000
1011255.000000
1012114.000000
1012955.000000
1013889.000000
1014722.000000
1015544.000000
1016545.000000
1017635.000000
1018478.000000
1019289.000000
1020146.000000
1020948.000000
1021720.000000
1022636.000000
1023727.000000
1024747.000000
1025906.000000
1026817.000000
1027631.000000
1028504.000000
1029376.000000
1030144.000000
1031001.000000
1032033.000000
1032874.000000
1033732.000000
1034651.000000
1035463.000000
1036324.000000
1037213.000000
1037985.000000
1038706.000000
1039466.000000
1040346.000000
1041213.000000
1041996.000000
1042867.000000
1043735.000000
1044503.000000
1045341.000000
1046277.000000
1047068.000000
1047856.000000
1048721.000000
1049564.000000
1050342.000000
1051206.000000
1052147.000000
1052932.000000
1053719.000000
1054534.000000
1055331.000000
1056154.000000
1057228.000000
1058271.000000
1059300.000000
1060346.000000
1061201.000000
1062063.000000
1063280.000000
1064294.000000
1065334.000000
1066313.000000
1067214.000000
1068258.000000
1069240.000000
1070166.000000
1071308.000000
1072381.000000
1073283.000000
1074217.000000
1075143.000000
1076053.000000
1077066.000000
1078017.000000
1078994.000000
1080068.000000
1081091.000000
1081958.000000
1082817.000000
1083783.000000
1084653.000000
1085634.000000
1086854.000000
1087866.000000
1088844.000000
1089763.000000
1090620.000000
1091869.000000
1092975.000000
1093884.000000
1094835.000000
1095928.000000
1096899.000000
1098045.000000
1099092.000000
1099955.000000
1101142.000000
1102235.000000
1103139.000000
1103967.000000
1104840.000000
1105990.000000
1106967.000000
1108000.000000
1109164.000000
1110098.000000
1110972.000000
1112052.000000
1112944.000000
1113823.000000
1115052.000000
1116099.000000
1116959.000000
1117849.000000
1118955.000000
1119905.000000
1120846.000000
1121797.000000
1122606.000000
1123375.000000
1124141.000000
1125340.000000
1126404.000000
1127411.000000
1128349.000000
1129193.000000
1130081.000000
1131081.000000
1131938.000000
1132733.000000
1133614.000000
1134617.000000
1135497.000000
1136600.000000
1137706.000000
1138589.000000
1139491.000000
1140521.000000
1141353.000000
1142228.000000
1143402.000000
1144397.000000
1145294.000000
1146398.000000
1147435.000000
1148324.000000
1149413.000000
1150459.000000
1151440.000000
1152573.000000
1153614.000000
1154495.000000
1155611.000000
1156630.000000
1157575.000000
1158633.000000
1159554.000000
1160442.000000
1161566.000000
1162472.000000
1163382.000000
1164422.000000
1165312.000000
1166444.000000
1167533.000000
1168400.000000
1169294.000000
1170513.000000
1171587.000000
1172674.000000
1173784.000000
1174757.000000
1175707.000000
1176647.000000
1177481.000000
1178319.000000
1179463.000000
1180519.000000
1181391.000000
1182280.000000
1183233.000000
1184064.000000
1185089.000000
1186132.000000
1186999.000000
1188125.000000
1189230.000000
1190230.000000
1191305.000000
1192227.000000
1193044.000000
1193858.000000
1194763.000000
1195703.000000
1196554.000000
1197762.000000
1198851.000000
1199711.000000
1200590.000000
1201718.000000
1202676.000000
1203809.000000
1204911.000000
1205803.000000
1206753.000000
1207911.000000
1208917.000000
1209768.000000
1210669.000000
1211778.000000
1212684.000000
1213628.000000
1214498.000000
1215295.000000
1216104.000000
1217034.000000
1218148.000000
1219124.000000
1220142.000000
1221145.000000
1221964.000000
1222717.000000
1223489.000000
1224230.000000
1225504.000000
1226472.000000
1227608.000000
1228738.000000
1229696.000000
1230697.000000
1231720.000000
1232555.000000
1233510.000000
1234599.000000
1235516.000000
1236452.000000
1237589.000000
1238580.000000
1239615.000000
1240796.000000
1241784.000000
1242596.000000
1243425.000000
1244572.000000
1245623.000000
1246876.000000
1248063.000000
1249137.000000
1250242.000000
1251158.000000
1251989.000000
1253165.000000
1254045.000000
1254904.000000
1256009.000000
1256938.000000
1257757.000000
1258746.000000
1259873.000000
1260785.000000
1261895.000000
1263052.000000
1263984.000000
1265138.000000
1266213.000000
1267099.000000
1268274.000000
1269369.000000
1270269.000000
1271327.000000
1272383.000000
1273290.000000
1274443.000000
1275554.000000
1276487.000000
1277602.000000
1278705.000000
1279709.000000
1280830.000000
1281911.000000
1282852.000000
1283997.000000
1285075.000000
1285927.000000
1286771.000000
1287792.000000
1288659.000000
1289601.000000
1290757.000000
1291760.000000
1292864.000000
1293919.000000
1294769.000000
1295565.000000
1296500.000000
1297497.000000
1298356.000000
1299318.000000
1300449.000000
1301389.000000
1302422.000000
1303373.000000
1304188.000000
1305250.000000
1306148.000000
1306979.000000
1307828.000000
1308710.000000
1309591.000000
1310380.000000
1311282.000000
1312357.000000
1313197.000000
1313970.000000
1314750.000000
1315540.000000
1316265.000000
1317052.000000
1318225.000000
1319243.000000
1320050.000000
1321195.000000
1322217.000000
1323045.000000
1323917.000000
1324902.000000
1325731.000000
1326620.000000
1327785.000000
1328714.000000
1329580.000000
1330442.000000
1331276.000000
1332085.000000
1332966.000000
1334054.000000
1334940.000000
1336076.000000
1337207.000000
1338081.000000
1338910.000000
1339768.000000
1340625.000000
1341417.000000
1342339.000000
1343421.000000
1344276.000000
1345482.000000
1346530.000000
1347358.000000
1348177.000000
1349072.000000
1349896.000000
1350834.000000
1351963.000000
1352878.000000
1353772.000000
1354728.000000
1355587.000000
1356413.000000
1357336.000000
1358449.000000
1359426.000000
1360308.000000
1361223.000000
1362115.000000
1362973.000000
1364199.000000
1365253.000000
1366188.000000
1367324.000000
1368286.000000
1369176.000000
1370157.000000
1371047.000000
1371941.000000
1373128.000000
1374227.000000
1375247.000000
1376234.000000
1377076.000000
1377918.000000
1378844.000000
1379730.000000
1380557.000000
1381760.000000
1382814.000000
1383684.000000
1384570.000000
1385531.000000
1386469.000000
1387605.000000
1388679.000000
1389603.000000
1390709.000000
1391767.000000
1392646.000000
1393491.000000
1394481.000000
1395327.000000
1396173.000000
1397447.000000
1398522.000000
1399474.000000
1400435.000000
1401320.000000
1402162.000000
1403118.000000
1404101.000000
1404923.000000
1405674.000000
1406437.000000
1407657.000000
1408770.000000
1409865.000000
1410763.000000
1411634.000000
1412579.000000
1413415.000000
1414327.000000
1415409.000000
1416294.000000
1417263.000000
1418196.000000
1419024.000000
1419927.000000
1421110.000000
1421990.000000
1422776.000000
1423645.000000
1424439.000000
1425206.000000
1426414.000000
1427538.000000
1428519.000000
1429643.000000
1430815.000000
1431795.000000
1432720.000000
1433814.000000
1434749.000000
1435643.000000
1436596.000000
1437513.000000
1438448.000000
1439635.000000
1440731.000000
1441616.000000
1442568.000000
1443629.000000
1444506.000000
1445400.000000
1446566.000000
1447611.000000
1448529.000000
1449701.000000
1450761.000000
1451596.000000
1452418.000000
1453320.000000
1454135.000000
1454918.000000
1455786.000000
1456944.000000
1457851.000000
1458731.000000
1459693.000000
1460604.000000
1461488.000000
1462345.000000
1463145.000000
1464012.000000
1464976.000000
1465840.000000
1466729.000000
1467652.000000
1468486.000000
1469346.000000
1470288.000000
1471173.000000
1472029.000000
1472987.000000
1473877.000000
1474681.000000
1475521.000000
1476437.000000
1477266.000000
1478149.000000
1479036.000000
1479890.000000
1480672.000000
1481460.000000
1482371.000000
1483186.000000
1483965.000000
1484791.000000
1485607.000000
1486366.000000
1487146.000000
1487998.000000
1488789.000000
1489551.000000
1490377.000000
1491189.000000
1491955.000000
1492763.000000
1493765.000000
1494611.000000
1495389.000000
1496242.000000
1497087.000000
1497845.000000
1498690.000000
1499715.000000
1500578.000000
1501421.000000
1502285.000000
1503117.000000
1503914.000000
1504746.000000
1505598.000000
1506377.000000
1507268.000000
1508231.000000
1509042.000000
1509829.000000
1510698.000000
1511519.000000
1512317.000000
1513205.000000
1514157.000000
1515009.000000
1515967.000000
1516910.000000
1517758.000000
1518790.000000
1519885.000000
1520747.000000
1521612.000000
1522668.000000
1523537.000000
1524465.000000
1525618.000000
1526651.000000
1527560.000000
1528478.000000
1529470.000000
1530378.000000
1531566.000000
1532709.000000
1533700.000000
1534660.000000
1535612.000000
1536498.000000
1537534.000000
1538733.000000
1539828.000000
1540891.000000
1541963.000000
1542822.000000
1543614.000000
1544766.000000
1545921.000000
1546803.000000
1547685.000000
1548575.000000
1549432.000000
1550266.000000
1551415.000000
1552238.000000
1553042.000000
1554081.000000
1555164.000000
1556063.000000
1556856.000000
1557763.000000
1558695.000000
1559524.000000
1560407.000000
1561575.000000
1562628.000000
1563742.000000
1564844.000000
1565717.000000
1566530.000000
1567432.000000
1568308.000000
1569149.000000
1570353.000000
1571368.000000
1572377.000000
1573425.000000
1574321.000000
1575187.000000
1576049.000000
1576895.000000
1577752.000000
1578744.000000
1579637.000000
1580483.000000
1581408.000000
1582315.000000
1583143.000000
1583982.000000
1584852.000000
1585635.000000
1586477.000000
1587421.000000
1588233.000000
1589073.000000
1590004.000000
1590891.000000
1591675.000000
1592516.000000
1593640.000000
1594596.000000
1595617.000000
1596682.000000
1597598.000000
1598462.000000
1599566.000000
1600558.000000
1601395.000000
1602274.000000
1603368.000000
1604262.000000
1605142.000000
1606165.000000
1607126.000000
1607946.000000
1609141.000000
1610271.000000
1611283.000000
1612355.000000
1613444.000000
1614328.000000
1615257.000000
1616240.000000
1617127.000000
1617998.000000
1619212.000000
1620211.000000
1621026.000000
1621787.000000
1622573.000000
1623316.000000
1624285.000000
1625080.000000
1626258.000000
1627285.000000
1628163.000000
1629238.000000
1630199.000000
1631002.000000
1631895.000000
1632774.000000
1633573.000000
1634556.000000
1635732.000000
1636648.000000
1637528.000000
1638511.000000
1639338.000000
1640257.000000
1641361.000000
1642260.000000
1643225.000000
1644350.000000
1645264.000000
1646112.000000
1647092.000000
1648002.000000
1648831.000000
1649719.000000
1650866.000000
1651909.000000
1652974.000000
1654077.000000
1654945.000000
1655759.000000
1656981.000000
1658086.000000
1659065.000000
1660204.000000
1661280.000000
1662329.000000
1663491.000000
1664473.000000
1665424.000000
1666488.000000
1667428.000000
1668355.000000
1669362.000000
1670211.000000
1671009.000000
1671891.000000
1672896.000000
1673776.000000
1674805.000000
1675716.000000
1676537.000000
1677430.000000
1678568.000000
1679540.000000
1680582.000000
1681619.000000
1682481.000000
1683316.000000
1684195.000000
1685029.000000
1685976.000000
1687095.000000
1687992.000000
1688997.000000
1690103.000000
1690971.000000
1691789.000000
1692846.000000
1693734.000000
1694652.000000
1695785.000000
1696833.000000
1697990.000000
1699006.000000
1700108.000000
1701172.000000
1702105.000000
1703245.000000
1704236.000000
1705155.000000
1706123.000000
1707062.000000
1707940.000000
1709056.000000
1710040.000000
1710944.000000
1711822.000000
1712731.000000
1713570.000000
1714600.000000
1715649.000000
1716549.000000
1717415.000000
1718297.000000
1719148.000000
1719967.000000
1721056.000000
1722096.000000
1722942.000000
1723774.000000
1724766.000000
1725618.000000
1726539.000000
1727663.000000
1728698.000000
1729667.000000
1730647.000000
1731492.000000
1732360.000000
1733472.000000
1734432.000000
1735267.000000
1736175.000000
1737164.000000
1738032.000000
1739225.000000
1740298.000000
1741306.000000
1742407.000000
1743492.000000
1744440.000000
1745427.000000
1746440.000000
1747269.000000
1748170.000000
1749280.000000
1750187.000000
1751117.000000
1752109.000000
1753018.000000
1754166.000000
1755256.000000
1756136.000000
1757004.000000
1757891.000000
1758766.000000
1759621.000000
1760842.000000
1761911.000000
1762825.000000
1763743.000000
1764625.000000
1765467.000000
1766641.000000
1767721.000000
1768757.000000
1769898.000000
1770934.000000
1771911.000000
1773040.000000
1774020.000000
1774880.000000
1775730.000000
1776503.000000
1777290.000000
1778453.000000
1779423.000000
1780581.000000
1781574.000000
1782393.000000
1783202.000000
1784097.000000
1784892.000000
1785827.000000
1787114.000000
1788158.000000
1789299.000000
1790413.000000
1791456.000000
1792545.000000
1793451.000000
1794271.000000
1795132.000000
1796195.000000
1797130.000000
