Peaks (s)
835.000000
1939.000000
3034.000000
4086.000000
5123.000000
6144.000000
7169.000000
8183.000000
9159.000000
10140.000000
11104.000000
12104.000000
13195.000000
14256.000000
15296.000000
16319.000000
17327.000000
18337.000000
19339.000000
20337.000000
21316.000000
22288.000000
23294.000000
24333.000000
25346.000000
26342.000000
27312.000000
28272.000000
29242.000000
30228.000000
31215.000000
32170.000000
33077.000000
33987.000000
34879.000000
35808.000000
36788.000000
37779.000000
38757.000000
39698.000000
40639.000000
41588.000000
42580.000000
43587.000000
44563.000000
45512.000000
46453.000000
47404.000000
48395.000000
49365.000000
50331.000000
51285.000000
52225.000000
53176.000000
54159.000000
55142.000000
56111.000000
57072.000000
58017.000000
58964.000000
59924.000000
60929.000000
61922.000000
62905.000000
63868.000000
64820.000000
65758.000000
66710.000000
67677.000000
68646.000000
69616.000000
70580.000000
71523.000000
72469.000000
73452.000000
74455.000000
75450.000000
76416.000000
77368.000000
78307.000000
79236.000000
80224.000000
81220.000000
82212.000000
83187.000000
84129.000000
85072.000000
86014.000000
86995.000000
87973.000000
88949.000000
89931.000000
90870.000000
91801.000000
92713.000000
93648.000000
94653.000000
95650.000000
96634.000000
97599.000000
98545.000000
99469.000000
100383.000000
101308.000000
102259.000000
103216.000000
104167.000000
105095.000000
106017.000000
106933.000000
107865.000000
108837.000000
109804.000000
110768.000000
111697.000000
112617.000000
113513.000000
114391.000000
115333.000000
116263.000000
117176.000000
118055.000000
118923.000000
119807.000000
120668.000000
121537.000000
122498.000000
123452.000000
124393.000000
125311.000000
126217.000000
127105.000000
127992.000000
128917.000000
129843.000000
130753.000000
131656.000000
132537.000000
133400.000000
134255.000000
135137.000000
136023.000000
136921.000000
137812.000000
138683.000000
139533.000000
140375.000000
141259.000000
142164.000000
143059.000000
143953.000000
144826.000000
145690.000000
146531.000000
147383.000000
148305.000000
149229.000000
150148.000000
151038.000000
151918.000000
152801.000000
153714.000000
154625.000000
155525.000000
156414.000000
157281.000000
158129.000000
159031.000000
159976.000000
160916.000000
161845.000000
162770.000000
163681.000000
164594.000000
165552.000000
166503.000000
167435.000000
168345.000000
169230.000000
170087.000000
170938.000000
171825.000000
172730.000000
173659.000000
174591.000000
175509.000000
176426.000000
177398.000000
178416.000000
179401.000000
180351.000000
181289.000000
182227.000000
183187.000000
184148.000000
185110.000000
186061.000000
186993.000000
187932.000000
188880.000000
189863.000000
190832.000000
191787.000000
192719.000000
193646.000000
194588.000000
195569.000000
196539.000000
197473.000000
198374.000000
199277.000000
200185.000000
201090.000000
202003.000000
202944.000000
203878.000000
204798.000000
205708.000000
206610.000000
207502.000000
208452.000000
209417.000000
210379.000000
211322.000000
212247.000000
213163.000000
214063.000000
214999.000000
215944.000000
216894.000000
217817.000000
218735.000000
219656.000000
220619.000000
221573.000000
222515.000000
223441.000000
224362.000000
225307.000000
226253.000000
227197.000000
228129.000000
229041.000000
229942.000000
230890.000000
231872.000000
232841.000000
233796.000000
234740.000000
235667.000000
236602.000000
237581.000000
238551.000000
239509.000000
240441.000000
241357.000000
242253.000000
243176.000000
244121.000000
245051.000000
245972.000000
246891.000000
247819.000000
248775.000000
249706.000000
250621.000000
251534.000000
252440.000000
253387.000000
254344.000000
255285.000000
256209.000000
257129.000000
258032.000000
258955.000000
259893.000000
260825.000000
261734.000000
262636.000000
263527.000000
264435.000000
265371.000000
266305.000000
267230.000000
268143.000000
269055.000000
269949.000000
270838.000000
271766.000000
272721.000000
273665.000000
274585.000000
275507.000000
276422.000000
277354.000000
278305.000000
279270.000000
280214.000000
281145.000000
282072.000000
283007.000000
283991.000000
284983.000000
285953.000000
286900.000000
287832.000000
288754.000000
289680.000000
290693.000000
291685.000000
292634.000000
293571.000000
294506.000000
295438.000000
296367.000000
297321.000000
298284.000000
299238.000000
300187.000000
301120.000000
302035.000000
302933.000000
303834.000000
304750.000000
305662.000000
306579.000000
307504.000000
308419.000000
309329.000000
310231.000000
311117.000000
311991.000000
312855.000000
313696.000000
314518.000000
315338.000000
316163.000000
316989.000000
317813.000000
318625.000000
319450.000000
320301.000000
321174.000000
322050.000000
322930.000000
323803.000000
324717.000000
325654.000000
326615.000000
327572.000000
328529.000000
329463.000000
330379.000000
331288.000000
332216.000000
333159.000000
334107.000000
335052.000000
335982.000000
336916.000000
337876.000000
338832.000000
339773.000000
340691.000000
341617.000000
342559.000000
343501.000000
344440.000000
345357.000000
346285.000000
347212.000000
348122.000000
349034.000000
349910.000000
350794.000000
351771.000000
352765.000000
353726.000000
354684.000000
355640.000000
356578.000000
357506.000000
358416.000000
359370.000000
360367.000000
361376.000000
362356.000000
363326.000000
364288.000000
365238.000000
366181.000000
367118.000000
368085.000000
369057.000000
370035.000000
370996.000000
371949.000000
372911.000000
373877.000000
374853.000000
375839.000000
376808.000000
377773.000000
378736.000000
379678.000000
380631.000000
381581.000000
382560.000000
383540.000000
384492.000000
385409.000000
386305.000000
387214.000000
388156.000000
389109.000000
390060.000000
391005.000000
391933.000000
392863.000000
393830.000000
394801.000000
395759.000000
396706.000000
397651.000000
398605.000000
399579.000000
400542.000000
401505.000000
402466.000000
403415.000000
404384.000000
405345.000000
406294.000000
407219.000000
408150.000000
409111.000000
410072.000000
411018.000000
411946.000000
412848.000000
413762.000000
414675.000000
415627.000000
416571.000000
417496.000000
418405.000000
419325.000000
420261.000000
421233.000000
422198.000000
423156.000000
424098.000000
425047.000000
426005.000000
426980.000000
427938.000000
428871.000000
429799.000000
430738.000000
431703.000000
432650.000000
433585.000000
434509.000000
435425.000000
436351.000000
437281.000000
438240.000000
439198.000000
440157.000000
441114.000000
442079.000000
443031.000000
443980.000000
444917.000000
445879.000000
446845.000000
447798.000000
448725.000000
449649.000000
450567.000000
451534.000000
452488.000000
453433.000000
454349.000000
455238.000000
456149.000000
457087.000000
458048.000000
459013.000000
459955.000000
460889.000000
461814.000000
462741.000000
463685.000000
464645.000000
465584.000000
466520.000000
467433.000000
468348.000000
469292.000000
470261.000000
471216.000000
472163.000000
473102.000000
474053.000000
475037.000000
476017.000000
476974.000000
477901.000000
478840.000000
479786.000000
480761.000000
481734.000000
482690.000000
483627.000000
484546.000000
485450.000000
486358.000000
487262.000000
488183.000000
489100.000000
490010.000000
490929.000000
491883.000000
492855.000000
493816.000000
494756.000000
495697.000000
496639.000000
497588.000000
498566.000000
499527.000000
500480.000000
501424.000000
502357.000000
503295.000000
504261.000000
505221.000000
506174.000000
507121.000000
508071.000000
509030.000000
509985.000000
510941.000000
511895.000000
512846.000000
513801.000000
514730.000000
515658.000000
516593.000000
517513.000000
518439.000000
519362.000000
520285.000000
521207.000000
522185.000000
523208.000000
524212.000000
525148.000000
526099.000000
527067.000000
528060.000000
529089.000000
530103.000000
531112.000000
532095.000000
533061.000000
534029.000000
535026.000000
536036.000000
537026.000000
538011.000000
538968.000000
539921.000000
540892.000000
541863.000000
542818.000000
543764.000000
544692.000000
545626.000000
546583.000000
547546.000000
548500.000000
549445.000000
550368.000000
551291.000000
552220.000000
553154.000000
554112.000000
555059.000000
556002.000000
556940.000000
557842.000000
558748.000000
559659.000000
560585.000000
561537.000000
562482.000000
563410.000000
564320.000000
565225.000000
566126.000000
567022.000000
567915.000000
568775.000000
569603.000000
570429.000000
571283.000000
572167.000000
573042.000000
573929.000000
574819.000000
575691.000000
576587.000000
577485.000000
578393.000000
579296.000000
580207.000000
581136.000000
582099.000000
583073.000000
584044.000000
585008.000000
585964.000000
586898.000000
587836.000000
588777.000000
589741.000000
590714.000000
591678.000000
592626.000000
593566.000000
594490.000000
595416.000000
596344.000000
597293.000000
598259.000000
599211.000000
600156.000000
601088.000000
602008.000000
602932.000000
603848.000000
604785.000000
605702.000000
606603.000000
607507.000000
608388.000000
609255.000000
610130.000000
611006.000000
611889.000000
612802.000000
613724.000000
614643.000000
615568.000000
616479.000000
617402.000000
618335.000000
619299.000000
620266.000000
621233.000000
622188.000000
623115.000000
624048.000000
624992.000000
625955.000000
626918.000000
627875.000000
628810.000000
629739.000000
630673.000000
631627.000000
632591.000000
633545.000000
634492.000000
635431.000000
636366.000000
637312.000000
638262.000000
639232.000000
640206.000000
641171.000000
642125.000000
643059.000000
643995.000000
644934.000000
645885.000000
646833.000000
647770.000000
648692.000000
649616.000000
650549.000000
651507.000000
652480.000000
653452.000000
654412.000000
655354.000000
656289.000000
657241.000000
658200.000000
659150.000000
660083.000000
660995.000000
661906.000000
662829.000000
663772.000000
664705.000000
665623.000000
666515.000000
667398.000000
668301.000000
669214.000000
670144.000000
671064.000000
671977.000000
672866.000000
673762.000000
674662.000000
675591.000000
676508.000000
677414.000000
678309.000000
679192.000000
680087.000000
680980.000000
681904.000000
682844.000000
683782.000000
684712.000000
685635.000000
686576.000000
687533.000000
688476.000000
689394.000000
690324.000000
691257.000000
692209.000000
693137.000000
694058.000000
694967.000000
695869.000000
696778.000000
697705.000000
698648.000000
699592.000000
700525.000000
701444.000000
702387.000000
703351.000000
704311.000000
705261.000000
706203.000000
707134.000000
708071.000000
709018.000000
709988.000000
710947.000000
711895.000000
712821.000000
713751.000000
714680.000000
715630.000000
716590.000000
717540.000000
718487.000000
719424.000000
720370.000000
721318.000000
722251.000000
723217.000000
724168.000000
725114.000000
726055.000000
726978.000000
727908.000000
728850.000000
729800.000000
730751.000000
731695.000000
732620.000000
733556.000000
734489.000000
735454.000000
736417.000000
737375.000000
738337.000000
739312.000000
740283.000000
741249.000000
742210.000000
743177.000000
744131.000000
745079.000000
746027.000000
746970.000000
747913.000000
748863.000000
749812.000000
750774.000000
751735.000000
752704.000000
753680.000000
754655.000000
755630.000000
756606.000000
757576.000000
758542.000000
759508.000000
760479.000000
761452.000000
762437.000000
763426.000000
764403.000000
765384.000000
766365.000000
767343.000000
768313.000000
769283.000000
770246.000000
771218.000000
772200.000000
773183.000000
774166.000000
775161.000000
776151.000000
777136.000000
778125.000000
779105.000000
780079.000000
781053.000000
782026.000000
782998.000000
783963.000000
784940.000000
785921.000000
786896.000000
787877.000000
788863.000000
789834.000000
790807.000000
791765.000000
792730.000000
793703.000000
794675.000000
795645.000000
796610.000000
797576.000000
798538.000000
799510.000000
800474.000000
801439.000000
802390.000000
803342.000000
804294.000000
805249.000000
806208.000000
807173.000000
808149.000000
809114.000000
810073.000000
811015.000000
811950.000000
812917.000000
813879.000000
814824.000000
815738.000000
816659.000000
817587.000000
818545.000000
819528.000000
820493.000000
821422.000000
822364.000000
823328.000000
824312.000000
825284.000000
826238.000000
827192.000000
828157.000000
829165.000000
830158.000000
831127.000000
832086.000000
833049.000000
834038.000000
835024.000000
836007.000000
836958.000000
837915.000000
838878.000000
839868.000000
840847.000000
841815.000000
842760.000000
843708.000000
844667.000000
845654.000000
846630.000000
847599.000000
848530.000000
849476.000000
850425.000000
851398.000000
852351.000000
853290.000000
854208.000000
855134.000000
856068.000000
857002.000000
857954.000000
858904.000000
859848.000000
860785.000000
861716.000000
862652.000000
863623.000000
864611.000000
865597.000000
866575.000000
867568.000000
868537.000000
869500.000000
870497.000000
871470.000000
872427.000000
873389.000000
874365.000000
875322.000000
876298.000000
877256.000000
878210.000000
879197.000000
880177.000000
881150.000000
882112.000000
883108.000000
884105.000000
885105.000000
886096.000000
887092.000000
888089.000000
889083.000000
890077.000000
891074.000000
892069.000000
893062.000000
894046.000000
895034.000000
895982.000000
896902.000000
897826.000000
898770.000000
899751.000000
900759.000000
901766.000000
902733.000000
903705.000000
904733.000000
905793.000000
906851.000000
907848.000000
908839.000000
909826.000000
910831.000000
911877.000000
912911.000000
913928.000000
914904.000000
915878.000000
916875.000000
917884.000000
918897.000000
919890.000000
920840.000000
921797.000000
922803.000000
923816.000000
924802.000000
925734.000000
926670.000000
927614.000000
928564.000000
929532.000000
930522.000000
931501.000000
932461.000000
933404.000000
934348.000000
935307.000000
936277.000000
937274.000000
938262.000000
939245.000000
940199.000000
941149.000000
942111.000000
943114.000000
944083.000000
945040.000000
945986.000000
946927.000000
947872.000000
948825.000000
949769.000000
950724.000000
951689.000000
952706.000000
953715.000000
954705.000000
955688.000000
956668.000000
957639.000000
958597.000000
959553.000000
960500.000000
961488.000000
962479.000000
963472.000000
964453.000000
965426.000000
966372.000000
967286.000000
968199.000000
969123.000000
970036.000000
970965.000000
971939.000000
972951.000000
973936.000000
974923.000000
975901.000000
976872.000000
977838.000000
978802.000000
979746.000000
980711.000000
981689.000000
982660.000000
983632.000000
984599.000000
985565.000000
986526.000000
987493.000000
988441.000000
989394.000000
990343.000000
991303.000000
992286.000000
993292.000000
994278.000000
995255.000000
996227.000000
997197.000000
998157.000000
999112.000000
1000055.000000
1001008.000000
1001995.000000
1002981.000000
1003963.000000
1004949.000000
1005937.000000
1006914.000000
1007877.000000
1008847.000000
1009814.000000
1010800.000000
1011814.000000
1012802.000000
1013796.000000
1014773.000000
1015742.000000
1016702.000000
1017653.000000
1018607.000000
1019553.000000
1020507.000000
1021479.000000
1022472.000000
1023468.000000
1024452.000000
1025423.000000
1026390.000000
1027348.000000
1028301.000000
1029253.000000
1030199.000000
1031175.000000
1032144.000000
1033102.000000
1034057.000000
1034977.000000
1035890.000000
1036815.000000
1037732.000000
1038653.000000
1039570.000000
1040503.000000
1041457.000000
1042430.000000
1043405.000000
1044365.000000
1045322.000000
1046271.000000
1047216.000000
1048159.000000
1049108.000000
1050056.000000
1051022.000000
1051971.000000
1052916.000000
1053851.000000
1054777.000000
1055699.000000
1056626.000000
1057542.000000
1058467.000000
1059388.000000
1060319.000000
1061256.000000
1062222.000000
1063194.000000
1064157.000000
1065129.000000
1066093.000000
1067053.000000
1068002.000000
1068951.000000
1069899.000000
1070861.000000
1071836.000000
1072820.000000
1073804.000000
1074779.000000
1075741.000000
1076704.000000
1077647.000000
1078592.000000
1079551.000000
1080521.000000
1081513.000000
1082490.000000
1083481.000000
1084471.000000
1085462.000000
1086453.000000
1087422.000000
1088377.000000
1089330.000000
1090288.000000
1091274.000000
1092261.000000
1093243.000000
1094223.000000
1095204.000000
1096152.000000
1097093.000000
1098037.000000
1098988.000000
1099939.000000
1100898.000000
1101881.000000
1102873.000000
1103859.000000
1104849.000000
1105836.000000
1106815.000000
1107784.000000
1108770.000000
1109733.000000
1110692.000000
1111655.000000
1112637.000000
1113623.000000
1114606.000000
1115601.000000
1116585.000000
1117542.000000
1118503.000000
1119453.000000
1120413.000000
1121363.000000
1122379.000000
1123405.000000
1124416.000000
1125430.000000
1126425.000000
