Peaks (s)
1183.000000
2179.000000
3138.000000
4119.000000
5148.000000
6178.000000
7019.000000
7853.000000
8819.000000
9966.000000
11134.000000
12292.000000
13390.000000
14512.000000
15628.000000
16627.000000
17532.000000
18439.000000
19480.000000
20825.000000
22036.000000
23244.000000
24421.000000
25568.000000
26660.000000
27708.000000
28717.000000
29758.000000
30816.000000
31892.000000
33030.000000
34163.000000
35302.000000
36392.000000
37459.000000
38490.000000
39430.000000
40335.000000
41278.000000
42461.000000
43694.000000
44859.000000
45926.000000
46936.000000
47955.000000
49033.000000
50198.000000
51347.000000
52463.000000
53476.000000
54439.000000
55409.000000
56503.000000
57659.000000
58802.000000
59849.000000
60873.000000
61975.000000
63075.000000
64060.000000
65077.000000
66151.000000
67197.000000
68208.000000
69312.000000
70417.000000
71418.000000
72457.000000
73518.000000
74488.000000
75456.000000
76525.000000
77674.000000
78804.000000
79849.000000
80873.000000
81955.000000
82963.000000
83797.000000
84664.000000
85570.000000
86459.000000
87431.000000
88456.000000
89489.000000
90406.000000
91406.000000
92482.000000
93528.000000
94562.000000
95631.000000
96698.000000
97688.000000
98740.000000
99819.000000
100810.000000
101765.000000
102790.000000
103853.000000
104914.000000
106005.000000
107047.000000
108034.000000
109085.000000
110165.000000
111147.000000
112150.000000
113203.000000
114184.000000
115140.000000
116175.000000
117222.000000
118253.000000
119333.000000
120368.000000
121339.000000
122354.000000
123417.000000
124404.000000
125455.000000
126511.000000
127489.000000
128535.000000
129575.000000
130532.000000
131495.000000
132523.000000
133497.000000
134453.000000
135496.000000
136522.000000
137504.000000
138539.000000
139573.000000
140496.000000
141419.000000
142391.000000
143358.000000
144277.000000
145245.000000
146316.000000
147379.000000
148373.000000
149387.000000
150409.000000
151343.000000
152248.000000
153177.000000
154111.000000
155077.000000
156115.000000
157137.000000
158026.000000
158818.000000
159627.000000
160637.000000
161713.000000
162732.000000
163639.000000
164470.000000
165294.000000
166315.000000
167421.000000
168501.000000
169540.000000
170576.000000
171622.000000
172683.000000
173677.000000
174581.000000
175429.000000
176257.000000
177113.000000
178121.000000
179212.000000
180271.000000
181318.000000
182327.000000
183294.000000
184172.000000
184994.000000
185790.000000
186621.000000
187772.000000
188918.000000
190040.000000
191097.000000
192115.000000
193025.000000
193862.000000
194682.000000
195552.000000
196684.000000
197841.000000
198969.000000
200074.000000
201124.000000
202107.000000
202998.000000
203883.000000
204799.000000
205852.000000
206970.000000
208045.000000
209017.000000
209977.000000
211006.000000
212103.000000
213105.000000
214038.000000
214917.000000
215767.000000
217124.000000
218341.000000
219567.000000
220717.000000
221814.000000
222824.000000
223800.000000
224837.000000
225926.000000
226958.000000
227969.000000
228985.000000
230033.000000
231113.000000
232117.000000
233069.000000
234076.000000
235209.000000
236279.000000
237294.000000
238319.000000
239288.000000
240275.000000
241300.000000
242381.000000
243387.000000
244340.000000
245341.000000
246386.000000
247362.000000
248279.000000
249273.000000
250344.000000
251406.000000
252443.000000
253489.000000
254567.000000
255612.000000
256689.000000
257818.000000
258912.000000
259903.000000
260857.000000
261890.000000
262939.000000
263936.000000
264995.000000
266103.000000
267132.000000
268123.000000
269170.000000
270239.000000
271278.000000
272334.000000
273430.000000
274458.000000
275433.000000
276511.000000
277551.000000
278547.000000
279576.000000
280628.000000
281619.000000
282602.000000
283613.000000
284582.000000
285511.000000
286394.000000
287316.000000
288390.000000
289533.000000
290631.000000
291693.000000
292709.000000
293636.000000
294531.000000
295453.000000
296445.000000
297503.000000
298562.000000
299590.000000
300570.000000
301469.000000
302309.000000
303122.000000
303975.000000
305244.000000
306397.000000
307492.000000
308580.000000
309651.000000
310664.000000
311606.000000
312494.000000
313361.000000
314292.000000
315387.000000
316490.000000
317588.000000
318662.000000
319663.000000
320594.000000
321494.000000
322429.000000
323429.000000
324440.000000
325437.000000
326435.000000
327433.000000
328441.000000
329428.000000
330400.000000
331381.000000
332408.000000
333454.000000
334472.000000
335445.000000
336389.000000
337365.000000
338390.000000
339475.000000
340574.000000
341629.000000
342585.000000
343541.000000
344605.000000
345718.000000
346826.000000
347857.000000
348847.000000
349901.000000
350994.000000
352060.000000
353071.000000
354082.000000
355167.000000
356201.000000
357187.000000
358235.000000
359320.000000
360292.000000
361260.000000
362287.000000
363333.000000
364404.000000
365334.000000
366193.000000
367041.000000
368000.000000
369137.000000
370254.000000
371340.000000
372394.000000
373407.000000
374362.000000
375306.000000
376250.000000
377206.000000
378289.000000
379397.000000
380496.000000
381524.000000
382456.000000
383317.000000
384149.000000
384994.000000
385997.000000
387135.000000
388269.000000
389378.000000
390390.000000
391382.000000
392376.000000
393383.000000
394370.000000
395262.000000
396076.000000
396886.000000
398173.000000
399368.000000
400520.000000
401572.000000
402595.000000
403470.000000
404261.000000
405074.000000
406010.000000
406928.000000
407901.000000
408885.000000
409874.000000
410914.000000
412014.000000
413128.000000
414215.000000
415235.000000
416154.000000
417022.000000
417899.000000
418848.000000
419907.000000
420999.000000
422034.000000
423028.000000
424020.000000
425027.000000
426067.000000
427108.000000
428122.000000
429129.000000
430140.000000
431135.000000
432171.000000
433259.000000
434332.000000
435373.000000
436481.000000
437626.000000
438682.000000
439711.000000
440789.000000
441811.000000
442695.000000
443612.000000
444635.000000
445644.000000
446633.000000
447744.000000
448867.000000
449874.000000
450885.000000
451951.000000
453000.000000
453974.000000
455002.000000
456076.000000
457090.000000
458027.000000
459008.000000
460060.000000
461035.000000
461945.000000
462866.000000
463866.000000
464893.000000
465866.000000
466770.000000
467697.000000
468660.000000
469684.000000
470683.000000
471630.000000
472625.000000
473684.000000
474756.000000
475821.000000
476802.000000
477758.000000
478741.000000
479785.000000
480787.000000
481779.000000
482853.000000
483859.000000
484818.000000
485716.000000
486651.000000
487612.000000
488614.000000
489543.000000
490446.000000
491464.000000
492538.000000
493586.000000
494552.000000
495569.000000
496576.000000
497411.000000
498192.000000
499015.000000
499868.000000
500835.000000
501977.000000
503094.000000
504174.000000
505176.000000
506084.000000
506987.000000
507963.000000
508979.000000
509961.000000
510935.000000
511952.000000
512959.000000
513883.000000
514701.000000
515492.000000
516429.000000
517596.000000
518719.000000
519822.000000
520834.000000
521781.000000
522671.000000
523576.000000
524565.000000
525611.000000
526675.000000
527677.000000
528597.000000
529502.000000
530391.000000
531356.000000
532385.000000
533410.000000
534467.000000
535481.000000
536392.000000
537245.000000
538088.000000
538995.000000
540074.000000
541196.000000
542322.000000
543385.000000
544340.000000
545210.000000
546072.000000
546988.000000
548023.000000
549120.000000
550238.000000
551360.000000
552423.000000
553403.000000
554363.000000
555396.000000
556483.000000
557559.000000
558588.000000
559614.000000
560580.000000
561448.000000
562255.000000
563089.000000
564391.000000
565539.000000
566589.000000
567475.000000
568303.000000
569183.000000
570106.000000
571137.000000
572228.000000
573256.000000
574222.000000
575121.000000
576022.000000
576995.000000
578038.000000
579095.000000
580096.000000
581095.000000
582146.000000
583253.000000
584346.000000
585384.000000
586347.000000
587252.000000
588191.000000
589197.000000
590285.000000
591321.000000
592341.000000
593369.000000
594448.000000
595522.000000
596531.000000
597558.000000
598615.000000
599709.000000
600772.000000
601806.000000
602859.000000
603867.000000
604894.000000
605975.000000
607081.000000
608119.000000
609110.000000
610081.000000
611090.000000
612162.000000
613202.000000
614196.000000
615267.000000
616401.000000
617457.000000
618427.000000
619442.000000
620570.000000
621670.000000
622702.000000
623757.000000
624820.000000
625879.000000
626929.000000
628016.000000
629114.000000
630157.000000
631221.000000
632308.000000
633299.000000
634192.000000
635103.000000
636174.000000
637321.000000
638403.000000
639511.000000
640651.000000
641717.000000
642712.000000
643752.000000
644805.000000
645765.000000
646784.000000
647888.000000
648948.000000
649923.000000
650835.000000
651783.000000
652902.000000
654041.000000
655143.000000
656176.000000
657192.000000
658143.000000
659051.000000
659956.000000
660913.000000
661948.000000
662952.000000
663965.000000
664995.000000
665926.000000
666802.000000
667632.000000
668435.000000
669313.000000
670604.000000
671762.000000
672853.000000
673896.000000
674778.000000
675599.000000
676465.000000
677393.000000
678313.000000
679220.000000
680187.000000
681166.000000
682158.000000
683161.000000
684087.000000
684982.000000
685844.000000
686684.000000
687612.000000
688693.000000
689787.000000
690871.000000
691890.000000
692821.000000
693722.000000
694671.000000
695642.000000
696639.000000
697646.000000
698619.000000
699530.000000
700371.000000
701258.000000
702366.000000
703491.000000
704575.000000
705599.000000
706570.000000
707507.000000
708417.000000
709343.000000
710431.000000
711576.000000
712686.000000
713766.000000
714776.000000
715751.000000
716693.000000
717656.000000
718708.000000
719796.000000
720888.000000
721892.000000
722814.000000
723741.000000
724755.000000
725817.000000
726867.000000
727832.000000
728749.000000
729639.000000
730632.000000
731712.000000
732795.000000
733827.000000
734774.000000
735651.000000
736525.000000
737540.000000
738652.000000
739787.000000
740877.000000
741908.000000
742881.000000
743863.000000
744875.000000
745862.000000
746845.000000
747768.000000
748608.000000
749426.000000
750413.000000
751554.000000
752693.000000
753812.000000
754879.000000
755875.000000
756863.000000
757853.000000
758903.000000
759912.000000
760843.000000
761778.000000
762890.000000
763974.000000
764968.000000
765936.000000
766869.000000
767765.000000
768655.000000
769616.000000
770729.000000
771897.000000
773026.000000
774096.000000
775115.000000
776083.000000
777041.000000
778035.000000
779117.000000
780144.000000
781160.000000
782183.000000
783187.000000
784215.000000
785204.000000
786098.000000
786960.000000
787893.000000
788949.000000
790016.000000
791053.000000
791991.000000
792879.000000
793808.000000
794812.000000
795876.000000
796957.000000
797932.000000
798851.000000
799848.000000
800844.000000
801873.000000
802826.000000
803733.000000
804637.000000
805607.000000
806690.000000
807789.000000
808842.000000
809852.000000
810797.000000
811675.000000
812539.000000
813557.000000
814621.000000
815661.000000
816542.000000
817371.000000
818262.000000
819219.000000
820257.000000
821352.000000
822418.000000
823378.000000
824277.000000
825159.000000
826280.000000
827420.000000
828498.000000
829544.000000
830582.000000
831613.000000
832602.000000
833605.000000
834630.000000
835619.000000
836512.000000
837440.000000
838486.000000
839531.000000
840500.000000
841399.000000
842291.000000
843093.000000
843912.000000
844842.000000
845877.000000
846861.000000
847786.000000
848677.000000
849671.000000
850731.000000
851789.000000
852744.000000
853583.000000
854375.000000
855264.000000
856538.000000
857744.000000
858878.000000
859964.000000
861003.000000
862101.000000
863223.000000
864322.000000
865365.000000
866409.000000
867527.000000
868598.000000
869617.000000
870660.000000
871717.000000
872730.000000
873732.000000
874776.000000
875767.000000
876706.000000
877623.000000
878603.000000
879667.000000
880753.000000
881802.000000
882768.000000
883760.000000
884805.000000
885878.000000
886944.000000
887934.000000
888892.000000
889862.000000
890836.000000
891914.000000
892954.000000
893877.000000
894825.000000
895917.000000
897061.000000
898183.000000
899193.000000
900236.000000
901338.000000
902416.000000
903463.000000
904617.000000
905798.000000
906924.000000
907993.000000
909052.000000
910004.000000
910992.000000
912082.000000
913124.000000
914095.000000
915162.000000
916237.000000
917252.000000
918213.000000
919200.000000
920254.000000
921248.000000
922223.000000
923268.000000
