Peaks (s)
1050.000000
2041.000000
3017.000000
3990.000000
4934.000000
5906.000000
6877.000000
7831.000000
8824.000000
9811.000000
10762.000000
11701.000000
12717.000000
13804.000000
14896.000000
15968.000000
17042.000000
18091.000000
19104.000000
20142.000000
21165.000000
22175.000000
23195.000000
24212.000000
25204.000000
26228.000000
27276.000000
28278.000000
29273.000000
30284.000000
31250.000000
32214.000000
33204.000000
34209.000000
35170.000000
36166.000000
37233.000000
38270.000000
39266.000000
40282.000000
41307.000000
42320.000000
43312.000000
44301.000000
45321.000000
46407.000000
47472.000000
48507.000000
49588.000000
50685.000000
51773.000000
52825.000000
53873.000000
54919.000000
55961.000000
56959.000000
57990.000000
59052.000000
60097.000000
61106.000000
62131.000000
63187.000000
64280.000000
65363.000000
66424.000000
67459.000000
68492.000000
69528.000000
70565.000000
71580.000000
72552.000000
73512.000000
74546.000000
75651.000000
76706.000000
77752.000000
78825.000000
79927.000000
81003.000000
82016.000000
83018.000000
84042.000000
85071.000000
86047.000000
87019.000000
88004.000000
89035.000000
90074.000000
91088.000000
92147.000000
93218.000000
94275.000000
95269.000000
96285.000000
97304.000000
98284.000000
99222.000000
100196.000000
101235.000000
102304.000000
103322.000000
104360.000000
105439.000000
106501.000000
107552.000000
108627.000000
109720.000000
110777.000000
111801.000000
112868.000000
113974.000000
115049.000000
116174.000000
117310.000000
118421.000000
119482.000000
120574.000000
121689.000000
122761.000000
123794.000000
124830.000000
125900.000000
126964.000000
127962.000000
128942.000000
129961.000000
131005.000000
132038.000000
133033.000000
134013.000000
135028.000000
136060.000000
137063.000000
138025.000000
139023.000000
140040.000000
141026.000000
141974.000000
142963.000000
143995.000000
144982.000000
145947.000000
146958.000000
147977.000000
148973.000000
149939.000000
150928.000000
151956.000000
152945.000000
153890.000000
154869.000000
155895.000000
156866.000000
157871.000000
158900.000000
159931.000000
160887.000000
161796.000000
162716.000000
163699.000000
164675.000000
165623.000000
166622.000000
167681.000000
168746.000000
169775.000000
170833.000000
171885.000000
172899.000000
173873.000000
174889.000000
175918.000000
176907.000000
177930.000000
178964.000000
179969.000000
181001.000000
182048.000000
183090.000000
184097.000000
185118.000000
186190.000000
187261.000000
188269.000000
189279.000000
190285.000000
191251.000000
192175.000000
193155.000000
194176.000000
195198.000000
196185.000000
197157.000000
198127.000000
199140.000000
200165.000000
201178.000000
202163.000000
203146.000000
204152.000000
205182.000000
206213.000000
207248.000000
208251.000000
209294.000000
210378.000000
211453.000000
212493.000000
213551.000000
214612.000000
215666.000000
216676.000000
217711.000000
218778.000000
219856.000000
220880.000000
221921.000000
222978.000000
224029.000000
225008.000000
225977.000000
226974.000000
228005.000000
229000.000000
229936.000000
230893.000000
231908.000000
232981.000000
233990.000000
234958.000000
235944.000000
236968.000000
237973.000000
238916.000000
239858.000000
240842.000000
241841.000000
242781.000000
243696.000000
244625.000000
245583.000000
246557.000000
247499.000000
248474.000000
249439.000000
250396.000000
251316.000000
252233.000000
253202.000000
254215.000000
255203.000000
256184.000000
257245.000000
258321.000000
259340.000000
260364.000000
261398.000000
262385.000000
263333.000000
264314.000000
265334.000000
266335.000000
267298.000000
268294.000000
269320.000000
270354.000000
271337.000000
272327.000000
273350.000000
274326.000000
275263.000000
276215.000000
277198.000000
278197.000000
279159.000000
280112.000000
281099.000000
282058.000000
282948.000000
283873.000000
284850.000000
285802.000000
286749.000000
287757.000000
288776.000000
289782.000000
290754.000000
291767.000000
292794.000000
293782.000000
294741.000000
295753.000000
296757.000000
297697.000000
298610.000000
299548.000000
300540.000000
301570.000000
302569.000000
303560.000000
304605.000000
305651.000000
306665.000000
307698.000000
308771.000000
309814.000000
310822.000000
311852.000000
312895.000000
313905.000000
314906.000000
315942.000000
316972.000000
317949.000000
318960.000000
319998.000000
321009.000000
321973.000000
322966.000000
323979.000000
324945.000000
325890.000000
326869.000000
327891.000000
328886.000000
329839.000000
330803.000000
331815.000000
332838.000000
333809.000000
334793.000000
335801.000000
336804.000000
337756.000000
338690.000000
339648.000000
340592.000000
341490.000000
342381.000000
343330.000000
344307.000000
345249.000000
346173.000000
347151.000000
348124.000000
349038.000000
349923.000000
350827.000000
351788.000000
352730.000000
353652.000000
354631.000000
355629.000000
356602.000000
357511.000000
358437.000000
359402.000000
360357.000000
361301.000000
362292.000000
363320.000000
364315.000000
365295.000000
366306.000000
367322.000000
368270.000000
369233.000000
370237.000000
371251.000000
372237.000000
373236.000000
374269.000000
375299.000000
376257.000000
377210.000000
378163.000000
379052.000000
379921.000000
380853.000000
381865.000000
382862.000000
383845.000000
384835.000000
385850.000000
386881.000000
387871.000000
388792.000000
389737.000000
390725.000000
391736.000000
392728.000000
393733.000000
394768.000000
395780.000000
396773.000000
397796.000000
398840.000000
399843.000000
400869.000000
401894.000000
402858.000000
403856.000000
404899.000000
405926.000000
406941.000000
408004.000000
409073.000000
410100.000000
411129.000000
412148.000000
413112.000000
414077.000000
415042.000000
415943.000000
416809.000000
417611.000000
418366.000000
419191.000000
420022.000000
420937.000000
421909.000000
422898.000000
423832.000000
424797.000000
425792.000000
426760.000000
427680.000000
428632.000000
429614.000000
430561.000000
431522.000000
432534.000000
433510.000000
434463.000000
435437.000000
436427.000000
437372.000000
438323.000000
439321.000000
440306.000000
441255.000000
442222.000000
443219.000000
444165.000000
445069.000000
445997.000000
446985.000000
447959.000000
448891.000000
449852.000000
450820.000000
451773.000000
452681.000000
453617.000000
454571.000000
455506.000000
456390.000000
457318.000000
458287.000000
459225.000000
460162.000000
461129.000000
462074.000000
462940.000000
463806.000000
464709.000000
465629.000000
466509.000000
467416.000000
468366.000000
469274.000000
470170.000000
471083.000000
472005.000000
472912.000000
473790.000000
474704.000000
475685.000000
476644.000000
477570.000000
478575.000000
479596.000000
480583.000000
481513.000000
482480.000000
483453.000000
484412.000000
485384.000000
486385.000000
487361.000000
488331.000000
489338.000000
490340.000000
491306.000000
492300.000000
493301.000000
494254.000000
495251.000000
496246.000000
497186.000000
498167.000000
499169.000000
500162.000000
501195.000000
502283.000000
503328.000000
504373.000000
505389.000000
506362.000000
507350.000000
508302.000000
509222.000000
510202.000000
511227.000000
512257.000000
513252.000000
514264.000000
515254.000000
516222.000000
517194.000000
518204.000000
519217.000000
520173.000000
521135.000000
522123.000000
523089.000000
524014.000000
524979.000000
525995.000000
527008.000000
527969.000000
528907.000000
529870.000000
530875.000000
531898.000000
532886.000000
533820.000000
534724.000000
535643.000000
536621.000000
537594.000000
538550.000000
539565.000000
540618.000000
541651.000000
542619.000000
543600.000000
544607.000000
545594.000000
546528.000000
547495.000000
548497.000000
549493.000000
550483.000000
551505.000000
552498.000000
553431.000000
554341.000000
555288.000000
556324.000000
557357.000000
558351.000000
559349.000000
560363.000000
561343.000000
562281.000000
563181.000000
564096.000000
565077.000000
566074.000000
567027.000000
567982.000000
568997.000000
570019.000000
571010.000000
572010.000000
573026.000000
574031.000000
574990.000000
575913.000000
576840.000000
577770.000000
578713.000000
579600.000000
580509.000000
581472.000000
582450.000000
583379.000000
584292.000000
585241.000000
586210.000000
587164.000000
588094.000000
589064.000000
590035.000000
590963.000000
591846.000000
592773.000000
593754.000000
594747.000000
595736.000000
596778.000000
597826.000000
598820.000000
599839.000000
600896.000000
601922.000000
602904.000000
603895.000000
604906.000000
605868.000000
606795.000000
607748.000000
608737.000000
609694.000000
610647.000000
611624.000000
612590.000000
613508.000000
614416.000000
615346.000000
616303.000000
617215.000000
618104.000000
619048.000000
620030.000000
620965.000000
621891.000000
622850.000000
623836.000000
624807.000000
625782.000000
626785.000000
627780.000000
628755.000000
629764.000000
630765.000000
631732.000000
632701.000000
633678.000000
634646.000000
635590.000000
636540.000000
637556.000000
638599.000000
639595.000000
640622.000000
641671.000000
642665.000000
643617.000000
644598.000000
645580.000000
646510.000000
647376.000000
648257.000000
649271.000000
650379.000000
651430.000000
652491.000000
653599.000000
654729.000000
655828.000000
656882.000000
657894.000000
658890.000000
659880.000000
660887.000000
661893.000000
662894.000000
663850.000000
664774.000000
665689.000000
666627.000000
667615.000000
668634.000000
669665.000000
670624.000000
671578.000000
672519.000000
673463.000000
674443.000000
675462.000000
676477.000000
677503.000000
678499.000000
679437.000000
680333.000000
681220.000000
682151.000000
683108.000000
684080.000000
685028.000000
685946.000000
686843.000000
687717.000000
688610.000000
689564.000000
690553.000000
691539.000000
692472.000000
693434.000000
694411.000000
695393.000000
696342.000000
697263.000000
698177.000000
699125.000000
700102.000000
701091.000000
702049.000000
702959.000000
703822.000000
704677.000000
705559.000000
706505.000000
707477.000000
708404.000000
709321.000000
710281.000000
711256.000000
712206.000000
713106.000000
713999.000000
714911.000000
715862.000000
716795.000000
717705.000000
718594.000000
719517.000000
720485.000000
721455.000000
722379.000000
723297.000000
724269.000000
725265.000000
726234.000000
727175.000000
728113.000000
729041.000000
730021.000000
731013.000000
731942.000000
732833.000000
733718.000000
734648.000000
735651.000000
736670.000000
737641.000000
738599.000000
739582.000000
740556.000000
741513.000000
742429.000000
743342.000000
744331.000000
745391.000000
746423.000000
747418.000000
748388.000000
749396.000000
750411.000000
751389.000000
752305.000000
753192.000000
754102.000000
755083.000000
756082.000000
757108.000000
758167.000000
759241.000000
760282.000000
761264.000000
762218.000000
763196.000000
764105.000000
764934.000000
765725.000000
766492.000000
767329.000000
768161.000000
769048.000000
770009.000000
771007.000000
771931.000000
772830.000000
773765.000000
774725.000000
775645.000000
776531.000000
777425.000000
778377.000000
779341.000000
780261.000000
781202.000000
782182.000000
783155.000000
784097.000000
785087.000000
786106.000000
787116.000000
788062.000000
789001.000000
789959.000000
790969.000000
791963.000000
792937.000000
793950.000000
794996.000000
796020.000000
797006.000000
798014.000000
799054.000000
800100.000000
801107.000000
802110.000000
803152.000000
804164.000000
805117.000000
806091.000000
807108.000000
808111.000000
809085.000000
810067.000000
811079.000000
812076.000000
813024.000000
813981.000000
814954.000000
815948.000000
816906.000000
817838.000000
818815.000000
819836.000000
820813.000000
821742.000000
822684.000000
823663.000000
824652.000000
825593.000000
826512.000000
827459.000000
828444.000000
829420.000000
830377.000000
831369.000000
832393.000000
833398.000000
834359.000000
835315.000000
836300.000000
837288.000000
838236.000000
839135.000000
840043.000000
841000.000000
841984.000000
842919.000000
843820.000000
844756.000000
845712.000000
846655.000000
847550.000000
848469.000000
849404.000000
850238.000000
851108.000000
852032.000000
852967.000000
853862.000000
854786.000000
855776.000000
856728.000000
857615.000000
858482.000000
859321.000000
860133.000000
860960.000000
861835.000000
862767.000000
863671.000000
864536.000000
865365.000000
866146.000000
866967.000000
867848.000000
868713.000000
869583.000000
870461.000000
871354.000000
872209.000000
873071.000000
873977.000000
874893.000000
875800.000000
876662.000000
877542.000000
878464.000000
879398.000000
880328.000000
881327.000000
882356.000000
883331.000000
884332.000000
885332.000000
886295.000000
887221.000000
888156.000000
889094.000000
890003.000000
890873.000000
891766.000000
892722.000000
893754.000000
894752.000000
895717.000000
896711.000000
897728.000000
898732.000000
899696.000000
900670.000000
901646.000000
902596.000000
903509.000000
904417.000000
905357.000000
906294.000000
907190.000000
908096.000000
909044.000000
910002.000000
910942.000000
911901.000000
912895.000000
913857.000000
914767.000000
915691.000000
916645.000000
917623.000000
918547.000000
919445.000000
920367.000000
921320.000000
922259.000000
923131.000000
924002.000000
924883.000000
925802.000000
926718.000000
927604.000000
928463.000000
929347.000000
930290.000000
931237.000000
932164.000000
933085.000000
934027.000000
934982.000000
935885.000000
936742.000000
937608.000000
938488.000000
939388.000000
940259.000000
941108.000000
941972.000000
942870.000000
943789.000000
944690.000000
945561.000000
946456.000000
947383.000000
948338.000000
949238.000000
950125.000000
951026.000000
951961.000000
952837.000000
953688.000000
954557.000000
955477.000000
956433.000000
957359.000000
958255.000000
959155.000000
960102.000000
961046.000000
961942.000000
962840.000000
963768.000000
964710.000000
965626.000000
966530.000000
967476.000000
968422.000000
969333.000000
970217.000000
971118.000000
972025.000000
972898.000000
973756.000000
974652.000000
975578.000000
976483.000000
977341.000000
978203.000000
979113.000000
980086.000000
981032.000000
981949.000000
982918.000000
983927.000000
984898.000000
985819.000000
986787.000000
987824.000000
988848.000000
989811.000000
990805.000000
991799.000000
992768.000000
993699.000000
994667.000000
995687.000000
996688.000000
997674.000000
998697.000000
999722.000000
1000696.000000
1001687.000000
1002684.000000
1003646.000000
1004570.000000
1005506.000000
1006460.000000
1007406.000000
1008319.000000
1009226.000000
1010158.000000
1011099.000000
1012044.000000
1012953.000000
1013900.000000
1014894.000000
1015910.000000
1016891.000000
1017856.000000
1018838.000000
1019839.000000
1020794.000000
1021685.000000
1022552.000000
1023443.000000
1024379.000000
1025297.000000
1026202.000000
1027122.000000
1028087.000000
1029077.000000
1030029.000000
1030938.000000
1031852.000000
1032786.000000
1033727.000000
1034635.000000
1035507.000000
1036383.000000
1037292.000000
1038217.000000
1039090.000000
1039932.000000
1040789.000000
1041671.000000
1042594.000000
1043488.000000
1044357.000000
1045236.000000
1046158.000000
1047118.000000
1048045.000000
1048937.000000
1049822.000000
1050745.000000
1051713.000000
1052706.000000
1053659.000000
1054614.000000
1055599.000000
1056609.000000
1057603.000000
1058549.000000
1059486.000000
1060463.000000
1061486.000000
1062462.000000
1063380.000000
1064340.000000
1065313.000000
1066281.000000
1067216.000000
1068176.000000
1069115.000000
1070006.000000
1070886.000000
1071798.000000
1072759.000000
1073718.000000
1074643.000000
1075588.000000
1076545.000000
1077470.000000
1078378.000000
1079277.000000
1080232.000000
1081220.000000
1082174.000000
1083087.000000
1084044.000000
1085019.000000
1085980.000000
1086884.000000
1087793.000000
1088734.000000
1089715.000000
1090680.000000
1091599.000000
1092543.000000
1093508.000000
1094456.000000
1095362.000000
1096273.000000
1097238.000000
1098207.000000
1099121.000000
1100007.000000
1100907.000000
1101839.000000
1102756.000000
1103648.000000
1104527.000000
1105447.000000
1106404.000000
1107313.000000
1108210.000000
1109119.000000
1110056.000000
1110991.000000
1111886.000000
1112786.000000
1113740.000000
1114729.000000
1115668.000000
1116604.000000
1117564.000000
1118563.000000
1119498.000000
1120380.000000
1121301.000000
1122260.000000
1123220.000000
1124130.000000
1125006.000000
1125846.000000
1126712.000000
1127684.000000
1128706.000000
1129772.000000
1130831.000000
1131776.000000
1132659.000000
1133567.000000
1134458.000000
1135350.000000
1136255.000000
1137171.000000
1138073.000000
1138933.000000
1139812.000000
1140729.000000
1141678.000000
1142599.000000
1143557.000000
1144549.000000
1145555.000000
1146516.000000
1147513.000000
1148550.000000
1149562.000000
1150560.000000
1151575.000000
1152573.000000
1153530.000000
1154496.000000
1155468.000000
1156405.000000
1157381.000000
1158381.000000
1159337.000000
1160315.000000
1161284.000000
1162254.000000
1163169.000000
1164151.000000
1165132.000000
1166074.000000
1167058.000000
1168085.000000
1169141.000000
1170160.000000
1171165.000000
1172194.000000
1173168.000000
1174145.000000
1175137.000000
1176077.000000
1177071.000000
1178094.000000
1179092.000000
1180096.000000
1181121.000000
1182101.000000
1183046.000000
1184034.000000
1185077.000000
1186078.000000
1187097.000000
1188152.000000
1189186.000000
1190212.000000
1191233.000000
1192256.000000
1193233.000000
1194239.000000
1195257.000000
1196207.000000
1197177.000000
1198144.000000
1199085.000000
1200044.000000
1201038.000000
1202042.000000
1202984.000000
1203934.000000
1204927.000000
1205880.000000
1206779.000000
1207680.000000
1208607.000000
1209560.000000
1210477.000000
1211369.000000
1212311.000000
1213292.000000
1214247.000000
1215185.000000
1216138.000000
1217102.000000
1218043.000000
1218933.000000
1219851.000000
1220807.000000
1221783.000000
1222726.000000
1223637.000000
1224550.000000
1225480.000000
1226426.000000
1227306.000000
1228190.000000
1229128.000000
1230085.000000
1231011.000000
1231954.000000
1232925.000000
1233901.000000
1234797.000000
1235675.000000
1236580.000000
1237511.000000
1238460.000000
1239367.000000
1240280.000000
1241224.000000
1242169.000000
1243064.000000
1243949.000000
1244872.000000
1245852.000000
1246845.000000
1247792.000000
1248775.000000
1249772.000000
1250724.000000
1251698.000000
1252700.000000
1253685.000000
1254608.000000
1255525.000000
1256451.000000
1257343.000000
1258240.000000
1259189.000000
1260203.000000
1261218.000000
1262209.000000
1263232.000000
1264252.000000
1265223.000000
1266208.000000
1267214.000000
1268169.000000
1269111.000000
1270081.000000
1271055.000000
1271994.000000
1272921.000000
1273888.000000
1274905.000000
1275934.000000
1276895.000000
1277847.000000
1278842.000000
1279863.000000
1280854.000000
1281769.000000
1282696.000000
1283683.000000
1284725.000000
1285748.000000
1286768.000000
1287798.000000
1288818.000000
1289789.000000
1290780.000000
1291781.000000
1292717.000000
1293640.000000
1294603.000000
1295624.000000
1296652.000000
1297722.000000
1298815.000000
1299870.000000
1300893.000000
1301943.000000
1302971.000000
1303924.000000
1304886.000000
1305870.000000
1306858.000000
1307822.000000
1308828.000000
1309830.000000
1310800.000000
1311771.000000
1312759.000000
1313736.000000
1314666.000000
1315640.000000
1316635.000000
1317616.000000
1318579.000000
1319600.000000
1320652.000000
1321646.000000
1322623.000000
1323603.000000
1324615.000000
1325567.000000
1326508.000000
1327505.000000
1328558.000000
1329606.000000
1330647.000000
1331727.000000
1332806.000000
1333829.000000
1334852.000000
1335857.000000
1336788.000000
1337690.000000
1338619.000000
1339644.000000
1340660.000000
1341623.000000
1342681.000000
1343775.000000
1344799.000000
1345816.000000
1346817.000000
1347736.000000
1348716.000000
1349720.000000
1350694.000000
1351656.000000
1352640.000000
1353601.000000
1354523.000000
1355399.000000
1356238.000000
1357099.000000
1357991.000000
1358913.000000
1359850.000000
1360746.000000
1361638.000000
1362559.000000
1363415.000000
1364223.000000
1365000.000000
1365772.000000
1366663.000000
1367630.000000
1368590.000000
1369549.000000
1370543.000000
1371550.000000
1372509.000000
1373453.000000
1374422.000000
1375416.000000
1376378.000000
1377356.000000
1378392.000000
1379422.000000
1380411.000000
1381415.000000
1382451.000000
1383512.000000
1384553.000000
1385533.000000
1386544.000000
1387567.000000
1388594.000000
1389565.000000
1390526.000000
1391535.000000
1392598.000000
1393628.000000
1394619.000000
1395622.000000
1396640.000000
1397649.000000
1398621.000000
1399598.000000
1400629.000000
1401677.000000
1402662.000000
1403651.000000
1404678.000000
1405719.000000
1406740.000000
1407724.000000
1408737.000000
1409795.000000
1410867.000000
1411878.000000
1412890.000000
1413920.000000
1414949.000000
1415928.000000
1416934.000000
1417995.000000
1419026.000000
1419992.000000
1420922.000000
1421914.000000
1422956.000000
1424016.000000
1425043.000000
1426115.000000
1427196.000000
1428235.000000
1429233.000000
1430225.000000
1431225.000000
1432218.000000
1433154.000000
1434060.000000
1434995.000000
1436000.000000
1437057.000000
1438109.000000
1439134.000000
1440122.000000
1441123.000000
1442124.000000
1443143.000000
1444101.000000
1445034.000000
1445991.000000
1446959.000000
1447991.000000
1448954.000000
1449917.000000
1450917.000000
1451949.000000
1452946.000000
1453932.000000
1454919.000000
1455892.000000
1456777.000000
1457630.000000
1458498.000000
1459365.000000
1460349.000000
1461393.000000
1462494.000000
1463627.000000
1464744.000000
1465822.000000
1466855.000000
1467916.000000
1468985.000000
1470047.000000
1471090.000000
1472074.000000
1473044.000000
1474044.000000
1475046.000000
1476026.000000
1476962.000000
1477939.000000
1478955.000000
1479974.000000
1480968.000000
1481994.000000
1483055.000000
1484084.000000
1485084.000000
1486104.000000
1487163.000000
1488225.000000
1489230.000000
1490237.000000
1491251.000000
1492272.000000
1493239.000000
1494236.000000
1495256.000000
1496250.000000
1497216.000000
1498188.000000
1499166.000000
1500169.000000
1501107.000000
1502040.000000
1503012.000000
1504035.000000
1505032.000000
1506048.000000
1507070.000000
1508088.000000
1509062.000000
1510068.000000
1511061.000000
1512007.000000
1512927.000000
1513914.000000
1514919.000000
1515913.000000
1516869.000000
1517817.000000
1518812.000000
1519811.000000
1520783.000000
1521735.000000
1522703.000000
1523664.000000
1524613.000000
1525519.000000
1526436.000000
1527383.000000
1528348.000000
1529274.000000
1530182.000000
1531132.000000
1532104.000000
1533063.000000
1533982.000000
1534889.000000
1535837.000000
1536800.000000
1537719.000000
1538599.000000
1539480.000000
1540389.000000
1541333.000000
1542247.000000
1543129.000000
1544033.000000
1544988.000000
1545942.000000
1546851.000000
1547758.000000
1548692.000000
1549645.000000
1550574.000000
1551485.000000
1552435.000000
1553404.000000
1554324.000000
1555235.000000
1556170.000000
1557110.000000
1558007.000000
1558910.000000
1559843.000000
1560774.000000
1561666.000000
1562565.000000
1563502.000000
1564470.000000
1565423.000000
1566334.000000
1567274.000000
1568240.000000
1569164.000000
1570044.000000
1570913.000000
1571810.000000
1572742.000000
1573651.000000
1574592.000000
1575590.000000
1576619.000000
1577580.000000
1578566.000000
1579572.000000
1580583.000000
1581524.000000
1582498.000000
1583469.000000
1584403.000000
1585332.000000
1586320.000000
1587350.000000
1588363.000000
1589361.000000
1590387.000000
1591419.000000
1592451.000000
1593447.000000
1594390.000000
1595299.000000
1596226.000000
1597247.000000
1598331.000000
1599436.000000
1600520.000000
1601585.000000
1602681.000000
1603739.000000
1604771.000000
1605821.000000
1606896.000000
1607962.000000
1608987.000000
1609970.000000
1610928.000000
1611876.000000
1612845.000000
1613846.000000
1614865.000000
1615850.000000
1616844.000000
1617826.000000
1618850.000000
1619923.000000
1621031.000000
1622141.000000
1623220.000000
1624319.000000
1625416.000000
1626484.000000
1627490.000000
1628452.000000
1629417.000000
1630445.000000
1631534.000000
1632641.000000
1633691.000000
1634714.000000
1635753.000000
1636828.000000
1637918.000000
1638975.000000
1640005.000000
1641059.000000
1642140.000000
1643220.000000
1644244.000000
1645275.000000
1646319.000000
1647384.000000
1648381.000000
1649302.000000
1650196.000000
1651123.000000
1652108.000000
1653083.000000
1654026.000000
1654981.000000
1655985.000000
1657044.000000
1658062.000000
1659046.000000
1660070.000000
1661115.000000
1662143.000000
1663116.000000
1664093.000000
1665130.000000
1666182.000000
1667211.000000
1668260.000000
1669309.000000
1670339.000000
1671310.000000
1672299.000000
1673300.000000
1674294.000000
1675258.000000
1676254.000000
1677280.000000
1678291.000000
1679289.000000
1680312.000000
1681358.000000
1682403.000000
1683386.000000
1684372.000000
1685401.000000
1686437.000000
1687418.000000
1688393.000000
1689398.000000
1690427.000000
1691429.000000
1692374.000000
1693292.000000
1694252.000000
1695274.000000
1696270.000000
1697229.000000
1698226.000000
1699263.000000
1700296.000000
1701269.000000
1702198.000000
1703152.000000
1704119.000000
1705083.000000
1706000.000000
1706916.000000
1707871.000000
1708876.000000
1709924.000000
1710948.000000
1711920.000000
1712928.000000
1713926.000000
1714872.000000
1715768.000000
1716653.000000
1717575.000000
1718560.000000
1719539.000000
1720465.000000
1721369.000000
1722251.000000
1723095.000000
1723909.000000
1724782.000000
1725666.000000
1726581.000000
1727555.000000
1728562.000000
1729562.000000
1730528.000000
1731491.000000
1732474.000000
1733460.000000
1734398.000000
1735313.000000
1736257.000000
1737229.000000
1738157.000000
1739058.000000
1739975.000000
1740972.000000
1742049.000000
1743101.000000
1744088.000000
1745052.000000
1746053.000000
1747078.000000
1748070.000000
1749023.000000
1749991.000000
1750993.000000
1752009.000000
1753012.000000
1753954.000000
1754869.000000
1755821.000000
1756808.000000
1757810.000000
1758762.000000
1759700.000000
1760671.000000
1761671.000000
1762683.000000
1763649.000000
1764590.000000
1765557.000000
1766548.000000
1767559.000000
1768523.000000
1769444.000000
1770397.000000
1771374.000000
1772386.000000
1773340.000000
1774301.000000
1775308.000000
1776324.000000
1777305.000000
1778273.000000
1779284.000000
1780355.000000
1781383.000000
1782345.000000
1783312.000000
1784305.000000
1785318.000000
1786285.000000
1787252.000000
1788282.000000
1789346.000000
1790351.000000
1791344.000000
1792390.000000
1793444.000000
1794451.000000
1795460.000000
1796497.000000
1797505.000000
1798448.000000
1799387.000000
1800338.000000
1801289.000000
1802188.000000
1803090.000000
1804031.000000
1805041.000000
1806043.000000
1807009.000000
1808002.000000
1809014.000000
1809992.000000
1810946.000000
1811921.000000
1812911.000000
1813866.000000
1814819.000000
1815796.000000
1816789.000000
1817727.000000
1818651.000000
1819586.000000
1820524.000000
1821426.000000
1822329.000000
1823328.000000
1824364.000000
1825347.000000
1826302.000000
1827248.000000
1828216.000000
1829192.000000
1830141.000000
1831088.000000
1832084.000000
1833155.000000
1834187.000000
1835193.000000
1836245.000000
1837289.000000
1838286.000000
1839267.000000
1840273.000000
1841293.000000
1842255.000000
1843235.000000
1844268.000000
1845307.000000
1846291.000000
1847258.000000
1848270.000000
1849307.000000
1850339.000000
1851312.000000
1852283.000000
1853297.000000
1854359.000000
1855372.000000
1856417.000000
1857488.000000
1858536.000000
1859515.000000
1860508.000000
1861524.000000
1862486.000000
1863429.000000
1864357.000000
1865192.000000
1865990.000000
1866760.000000
1867541.000000
1868282.000000
1869185.000000
1870195.000000
1871182.000000
1872175.000000
1873206.000000
1874258.000000
1875312.000000
1876308.000000
1877306.000000
1878289.000000
1879252.000000
1880187.000000
1881169.000000
1882216.000000
1883288.000000
1884328.000000
1885327.000000
