RR Intervals (s)
1368.000000
1318.000000
1792.000000
1649.000000
1323.000000
1442.000000
1795.000000
1298.000000
1477.000000
635.000000
1323.000000
1005.000000
1504.000000
1849.000000
1826.000000
1764.000000
1299.000000
1423.000000
1289.000000
1550.000000
1568.000000
1154.000000
1832.000000
1127.000000
1532.000000
1466.000000
1392.000000
1384.000000
1847.000000
1442.000000
1272.000000
1502.000000
1392.000000
1172.000000
1642.000000
1222.000000
1228.000000
624.000000
1667.000000
1545.000000
1295.000000
1418.000000
1626.000000
1234.000000
1546.000000
1359.000000
1618.000000
1931.000000
1565.000000
1645.000000
1879.000000
1685.000000
1519.000000
1671.000000
1526.000000
1872.000000
1620.000000
1599.000000
1833.000000
1575.000000
1599.000000
1633.000000
1818.000000
1838.000000
1650.000000
1517.000000
1071.000000
1835.000000
1446.000000
1043.000000
1321.000000
1609.000000
1837.000000
1825.000000
1597.000000
1647.000000
1797.000000
1806.000000
1796.000000
1795.000000
1783.000000
1794.000000
1456.000000
1197.000000
1161.000000
1354.000000
1265.000000
1564.000000
1254.000000
1324.000000
641.000000
1964.000000
1863.000000
1368.000000
1847.000000
1538.000000
1547.000000
1429.000000
1133.000000
1487.000000
1801.000000
1822.000000
1239.000000
1337.000000
1447.000000
1313.000000
1283.000000
1872.000000
1848.000000
1479.000000
1017.000000
1599.000000
1782.000000
1332.000000
1464.000000
1170.000000
1195.000000
1718.000000
1842.000000
1860.000000
1157.000000
1518.000000
1827.000000
1834.000000
1819.000000
1659.000000
1793.000000
1693.000000
1581.000000
1266.000000
1811.000000
1797.000000
1410.000000
1455.000000
1181.000000
1615.000000
1429.000000
1445.000000
1470.000000
1806.000000
1800.000000
1778.000000
1428.000000
1251.000000
1789.000000
1652.000000
1082.000000
1790.000000
1240.000000
1789.000000
1275.000000
1795.000000
1329.000000
1793.000000
1735.000000
1364.000000
1562.000000
1415.000000
1275.000000
1326.000000
1501.000000
1803.000000
1786.000000
1514.000000
1381.000000
1698.000000
1634.000000
1483.000000
1785.000000
1766.000000
1760.000000
1157.000000
1070.000000
1780.000000
1619.000000
1521.000000
1294.000000
1355.000000
1265.000000
1283.000000
1600.000000
1392.000000
1808.000000
1570.000000
1766.000000
1540.000000
1120.000000
1789.000000
1800.000000
1783.000000
1572.000000
1274.000000
1274.000000
1711.000000
1657.000000
1642.000000
1571.000000
1777.000000
1516.000000
1788.000000
1768.000000
1321.000000
1356.000000
1354.000000
1536.000000
1686.000000
1487.000000
1324.000000
1233.000000
1764.000000
1223.000000
1307.000000
1115.000000
1808.000000
1394.000000
1794.000000
1135.000000
1220.000000
1389.000000
1823.000000
1409.000000
1250.000000
1719.000000
1085.000000
1349.000000
1238.000000
1372.000000
1786.000000
1442.000000
1557.000000
1786.000000
1775.000000
1806.000000
1786.000000
1588.000000
1768.000000
1799.000000
1619.000000
1223.000000
1253.000000
1246.000000
1422.000000
1551.000000
1420.000000
1495.000000
1282.000000
1305.000000
1339.000000
1803.000000
1530.000000
1443.000000
1807.000000
1803.000000
1247.000000
1801.000000
1786.000000
1791.000000
1786.000000
1135.000000
1492.000000
993.000000
1500.000000
1265.000000
1784.000000
667.000000
1931.000000
1813.000000
1483.000000
1300.000000
1778.000000
1800.000000
1774.000000
1763.000000
1495.000000
1305.000000
1776.000000
1581.000000
1416.000000
1561.000000
1164.000000
1249.000000
1744.000000
1507.000000
1294.000000
1421.000000
1668.000000
1453.000000
1401.000000
1496.000000
1767.000000
1767.000000
1773.000000
1765.000000
1360.000000
1583.000000
1560.000000
1291.000000
1762.000000
1748.000000
1667.000000
1320.000000
1112.000000
1753.000000
1781.000000
1746.000000
1133.000000
1742.000000
1776.000000
1403.000000
1563.000000
1735.000000
1740.000000
1486.000000
1028.000000
1445.000000
1256.000000
1778.000000
626.000000
1625.000000
1285.000000
1788.000000
1502.000000
1758.000000
1670.000000
1469.000000
1769.000000
1520.000000
1730.000000
1450.000000
1741.000000
1044.000000
1603.000000
1312.000000
1327.000000
1731.000000
1761.000000
1768.000000
1541.000000
1521.000000
1745.000000
1762.000000
1750.000000
1541.000000
1306.000000
1748.000000
1744.000000
1730.000000
1729.000000
1728.000000
1719.000000
1389.000000
1404.000000
1112.000000
1740.000000
1699.000000
1688.000000
1264.000000
1729.000000
1732.000000
1731.000000
1673.000000
1320.000000
1732.000000
1716.000000
1415.000000
1665.000000
1417.000000
1733.000000
1721.000000
1500.000000
1312.000000
1211.000000
1730.000000
1360.000000
996.000000
1472.000000
1695.000000
1405.000000
1749.000000
1623.000000
1454.000000
1325.000000
1361.000000
1288.000000
1180.000000
1530.000000
1374.000000
1398.000000
1559.000000
1283.000000
1491.000000
1647.000000
1652.000000
1784.000000
1776.000000
1769.000000
1766.000000
1378.000000
1650.000000
1449.000000
1640.000000
1759.000000
1755.000000
1543.000000
1499.000000
1593.000000
1742.000000
1462.000000
1734.000000
1724.000000
1730.000000
1395.000000
1416.000000
1305.000000
1741.000000
1757.000000
1735.000000
1285.000000
1738.000000
1754.000000
1670.000000
1500.000000
1703.000000
1419.000000
1570.000000
1456.000000
1681.000000
1411.000000
1546.000000
1258.000000
1493.000000
1330.000000
1764.000000
1746.000000
1157.000000
1494.000000
1749.000000
1422.000000
1558.000000
1505.000000
1701.000000
1212.000000
1769.000000
1759.000000
1708.000000
1741.000000
1725.000000
1420.000000
1401.000000
1696.000000
1474.000000
1132.000000
1710.000000
1271.000000
1752.000000
1776.000000
1708.000000
1341.000000
1316.000000
1491.000000
1278.000000
1696.000000
1768.000000
1764.000000
1568.000000
1405.000000
1395.000000
1345.000000
1236.000000
1418.000000
1221.000000
1064.000000
1086.000000
1829.000000
1812.000000
1801.000000
1790.000000
1726.000000
1381.000000
1783.000000
1600.000000
1254.000000
1790.000000
1776.000000
1661.000000
1504.000000
1736.000000
1202.000000
1756.000000
1784.000000
1688.000000
1759.000000
1758.000000
1346.000000
1350.000000
1038.000000
1187.000000
1804.000000
1404.000000
1781.000000
1660.000000
1769.000000
643.000000
1908.000000
1691.000000
1240.000000
1785.000000
1614.000000
1384.000000
1517.000000
1450.000000
1792.000000
1804.000000
1767.000000
1783.000000
1638.000000
1560.000000
1136.000000
1783.000000
1782.000000
1774.000000
1760.000000
1370.000000
1761.000000
1585.000000
1038.000000
1226.000000
1467.000000
1349.000000
1519.000000
1623.000000
1520.000000
1360.000000
1767.000000
1787.000000
1770.000000
1768.000000
1763.000000
1709.000000
1439.000000
1482.000000
1005.000000
1596.000000
1788.000000
1348.000000
1654.000000
1634.000000
1066.000000
1725.000000
1774.000000
1786.000000
1764.000000
1590.000000
1491.000000
1769.000000
1762.000000
1765.000000
1435.000000
1762.000000
1621.000000
1603.000000
1743.000000
1756.000000
1681.000000
1391.000000
1736.000000
1687.000000
1728.000000
1540.000000
1212.000000
1355.000000
1763.000000
1641.000000
1291.000000
1479.000000
1554.000000
1346.000000
1129.000000
1761.000000
1795.000000
1457.000000
1783.000000
1391.000000
1619.000000
1286.000000
