RR Intervals (s)
978.000000
1324.000000
1271.000000
1343.000000
1356.000000
1339.000000
1323.000000
1179.000000
1094.000000
1137.000000
1250.000000
1245.000000
1416.000000
1305.000000
1328.000000
1279.000000
1127.000000
1112.000000
1340.000000
1299.000000
1355.000000
1235.000000
1306.000000
1310.000000
1276.000000
1378.000000
1215.000000
1108.000000
1188.000000
1361.000000
1394.000000
1361.000000
1214.000000
1321.000000
971.000000
971.000000
1275.000000
1381.000000
1354.000000
1303.000000
1227.000000
1194.000000
989.000000
1021.000000
1353.000000
1305.000000
1224.000000
1376.000000
1254.000000
1386.000000
1354.000000
1319.000000
1200.000000
1255.000000
1432.000000
1375.000000
1239.000000
1341.000000
1302.000000
1414.000000
1351.000000
1251.000000
1350.000000
1416.000000
1401.000000
1264.000000
1309.000000
1308.000000
1440.000000
1407.000000
1317.000000
1321.000000
1239.000000
1199.000000
1290.000000
1380.000000
1353.000000
1188.000000
1284.000000
1015.000000
1276.000000
1360.000000
1348.000000
1254.000000
1218.000000
1087.000000
1305.000000
1379.000000
1379.000000
1254.000000
1254.000000
1214.000000
1397.000000
1405.000000
1303.000000
1367.000000
1290.000000
1464.000000
1390.000000
1288.000000
1216.000000
1239.000000
1418.000000
1363.000000
1142.000000
1358.000000
1337.000000
995.000000
1266.000000
1330.000000
1204.000000
1223.000000
1415.000000
1306.000000
1210.000000
1179.000000
1340.000000
1242.000000
1444.000000
1364.000000
1193.000000
1320.000000
1243.000000
1420.000000
1367.000000
1156.000000
1311.000000
1407.000000
1265.000000
1347.000000
1239.000000
1232.000000
1425.000000
1336.000000
1277.000000
1245.000000
979.000000
1329.000000
1354.000000
1276.000000
1421.000000
1366.000000
1268.000000
1298.000000
1090.000000
931.000000
1246.000000
1438.000000
1345.000000
1298.000000
1163.000000
1144.000000
1427.000000
1343.000000
1405.000000
1354.000000
1219.000000
1190.000000
1263.000000
1303.000000
1377.000000
1366.000000
1283.000000
1163.000000
1113.000000
1374.000000
1430.000000
1356.000000
1181.000000
1277.000000
1401.000000
1211.000000
1376.000000
1072.000000
1262.000000
1034.000000
1046.000000
1441.000000
1253.000000
1325.000000
1350.000000
1222.000000
1262.000000
1304.000000
1327.000000
1328.000000
1231.000000
1142.000000
1398.000000
1392.000000
1375.000000
1385.000000
1217.000000
1209.000000
1430.000000
1401.000000
1440.000000
1379.000000
1207.000000
1330.000000
1443.000000
1431.000000
1277.000000
1245.000000
1516.000000
1400.000000
1364.000000
1377.000000
1450.000000
1372.000000
1181.000000
985.000000
1392.000000
1294.000000
1486.000000
1317.000000
1123.000000
1346.000000
1310.000000
964.000000
1022.000000
1287.000000
1352.000000
993.000000
1313.000000
1349.000000
1320.000000
1222.000000
1207.000000
1387.000000
1247.000000
1378.000000
1309.000000
1150.000000
1366.000000
1302.000000
1316.000000
1286.000000
1284.000000
1383.000000
1367.000000
1079.000000
1344.000000
1465.000000
1382.000000
1322.000000
1238.000000
1313.000000
1241.000000
1216.000000
1097.000000
979.000000
1267.000000
1344.000000
981.000000
1171.000000
1156.000000
1347.000000
1321.000000
1302.000000
1217.000000
1168.000000
1126.000000
1410.000000
1189.000000
1253.000000
1394.000000
1226.000000
1308.000000
1076.000000
1160.000000
1269.000000
1419.000000
1393.000000
1340.000000
1311.000000
970.000000
952.000000
1245.000000
1458.000000
1400.000000
1337.000000
1110.000000
1009.000000
1213.000000
1414.000000
1367.000000
1351.000000
1266.000000
1025.000000
956.000000
1000.000000
1388.000000
1475.000000
1378.000000
1319.000000
1249.000000
1282.000000
1339.000000
1309.000000
1072.000000
1079.000000
1130.000000
890.000000
1168.000000
1274.000000
1103.000000
1296.000000
1331.000000
1168.000000
1147.000000
1233.000000
1374.000000
1381.000000
1140.000000
1370.000000
1378.000000
1410.000000
1398.000000
1198.000000
1378.000000
1415.000000
1265.000000
1348.000000
1399.000000
1276.000000
1412.000000
1336.000000
1221.000000
1451.000000
1404.000000
1244.000000
1333.000000
1392.000000
1259.000000
1373.000000
1065.000000
1352.000000
1258.000000
1002.000000
1300.000000
1424.000000
1391.000000
1299.000000
1357.000000
1341.000000
1265.000000
1229.000000
1286.000000
1351.000000
1310.000000
1167.000000
1283.000000
1346.000000
1307.000000
1216.000000
1111.000000
1349.000000
1397.000000
1265.000000
1199.000000
1261.000000
1000.000000
1383.000000
1258.000000
1217.000000
1294.000000
1226.000000
1311.000000
1171.000000
1021.000000
1212.000000
1423.000000
1388.000000
1299.000000
1076.000000
1071.000000
1384.000000
1443.000000
1379.000000
1221.000000
1387.000000
1364.000000
1321.000000
1331.000000
1305.000000
1364.000000
1347.000000
1266.000000
1375.000000
1308.000000
1213.000000
1401.000000
1370.000000
1373.000000
1167.000000
1067.000000
1325.000000
1352.000000
1081.000000
1309.000000
1289.000000
1345.000000
1250.000000
1159.000000
1303.000000
1255.000000
1167.000000
1369.000000
1300.000000
1113.000000
1387.000000
1317.000000
1218.000000
1243.000000
1309.000000
1252.000000
1208.000000
1330.000000
1261.000000
1033.000000
1299.000000
1215.000000
1272.000000
1062.000000
1222.000000
1218.000000
1215.000000
1292.000000
1211.000000
1102.000000
1194.000000
1048.000000
1094.000000
879.000000
1020.000000
919.000000
977.000000
1382.000000
1263.000000
1226.000000
1288.000000
1081.000000
1220.000000
1110.000000
1346.000000
1196.000000
1161.000000
1365.000000
1285.000000
1322.000000
1355.000000
1297.000000
1312.000000
1298.000000
1142.000000
1402.000000
1225.000000
1349.000000
1417.000000
1152.000000
910.000000
1137.000000
1366.000000
1372.000000
1187.000000
1211.000000
1313.000000
1350.000000
1278.000000
1132.000000
1114.000000
1353.000000
1238.000000
1134.000000
996.000000
1151.000000
1002.000000
999.000000
1025.000000
944.000000
838.000000
906.000000
949.000000
895.000000
992.000000
1001.000000
882.000000
980.000000
1116.000000
917.000000
985.000000
1254.000000
1228.000000
1214.000000
1235.000000
985.000000
888.000000
960.000000
1364.000000
1117.000000
1319.000000
1281.000000
1213.000000
1014.000000
1059.000000
1283.000000
1122.000000
1329.000000
1269.000000
1111.000000
1373.000000
1276.000000
1323.000000
1131.000000
1277.000000
1338.000000
1261.000000
1044.000000
1166.000000
1370.000000
1290.000000
1106.000000
1334.000000
1392.000000
1398.000000
1340.000000
1209.000000
1459.000000
1378.000000
1282.000000
1227.000000
1087.000000
1114.000000
1409.000000
1173.000000
1025.000000
1261.000000
1391.000000
1327.000000
1164.000000
1394.000000
1352.000000
1347.000000
1417.000000
1256.000000
1265.000000
1374.000000
1283.000000
1243.000000
1259.000000
1320.000000
1370.000000
1149.000000
1271.000000
1364.000000
1316.000000
1158.000000
1358.000000
1402.000000
1296.000000
1171.000000
1294.000000
1384.000000
1375.000000
1254.000000
1308.000000
1269.000000
1376.000000
1177.000000
1236.000000
1411.000000
1374.000000
1266.000000
1383.000000
1251.000000
1210.000000
1415.000000
1210.000000
1002.000000
1391.000000
1028.000000
1289.000000
1402.000000
1230.000000
1292.000000
1255.000000
1041.000000
1204.000000
1187.000000
1314.000000
1338.000000
1196.000000
1323.000000
1195.000000
960.000000
1269.000000
1357.000000
1271.000000
1347.000000
1140.000000
1278.000000
1146.000000
1311.000000
1344.000000
1219.000000
1027.000000
927.000000
1378.000000
1259.000000
1265.000000
979.000000
1022.000000
1089.000000
942.000000
1082.000000
1335.000000
1233.000000
1175.000000
1004.000000
1106.000000
1220.000000
1189.000000
1158.000000
1119.000000
1192.000000
1241.000000
1085.000000
1307.000000
1139.000000
1172.000000
1298.000000
1020.000000
1122.000000
1363.000000
1325.000000
1277.000000
1166.000000
1040.000000
941.000000
916.000000
913.000000
974.000000
1367.000000
1215.000000
1029.000000
1034.000000
1159.000000
1219.000000
1001.000000
1253.000000
1377.000000
1248.000000
1370.000000
1360.000000
1263.000000
1223.000000
1082.000000
1199.000000
1384.000000
1335.000000
1129.000000
1204.000000
1305.000000
1252.000000
1323.000000
1263.000000
1148.000000
1363.000000
1352.000000
1271.000000
1220.000000
1329.000000
1286.000000
1275.000000
1077.000000
1293.000000
1394.000000
1259.000000
1241.000000
1360.000000
1240.000000
1222.000000
1419.000000
1244.000000
1272.000000
1311.000000
1366.000000
1218.000000
1186.000000
964.000000
1253.000000
1379.000000
1035.000000
1045.000000
1234.000000
1200.000000
1233.000000
1035.000000
1235.000000
1205.000000
1303.000000
1211.000000
1044.000000
1167.000000
1211.000000
1034.000000
1244.000000
1238.000000
1329.000000
1208.000000
1129.000000
1334.000000
1329.000000
1143.000000
1128.000000
1120.000000
1430.000000
1321.000000
1212.000000
1284.000000
1167.000000
1367.000000
1280.000000
