Peaks (s)
1237.000000
2354.000000
3457.000000
4542.000000
5629.000000
6698.000000
7740.000000
8775.000000
9828.000000
10888.000000
11971.000000
13038.000000
14113.000000
15186.000000
16240.000000
17304.000000
18371.000000
19437.000000
20501.000000
21550.000000
22606.000000
23669.000000
24364.000000
25605.000000
26657.000000
27706.000000
28759.000000
29814.000000
30876.000000
31933.000000
32999.000000
34060.000000
35116.000000
36152.000000
37150.000000
38133.000000
39137.000000
40162.000000
41208.000000
42259.000000
43302.000000
44350.000000
45370.000000
46354.000000
47339.000000
48341.000000
49366.000000
50112.000000
50705.000000
51978.000000
53182.000000
54322.000000
55419.000000
56453.000000
57458.000000
58463.000000
59477.000000
60512.000000
61567.000000
62634.000000
63709.000000
64784.000000
65548.000000
66105.000000
67331.000000
68405.000000
69460.000000
70510.000000
71553.000000
72594.000000
73616.000000
74623.000000
75606.000000
76586.000000
77584.000000
78599.000000
79624.000000
80653.000000
81684.000000
82708.000000
83723.000000
84428.000000
85577.000000
86592.000000
87611.000000
88647.000000
89671.000000
90700.000000
91712.000000
92399.000000
93546.000000
94529.000000
95548.000000
96571.000000
97608.000000
98649.000000
99663.000000
100677.000000
101405.000000
102503.000000
103452.000000
104433.000000
105440.000000
106436.000000
107433.000000
108438.000000
109433.000000
110417.000000
111375.000000
112326.000000
113292.000000
114285.000000
115010.000000
115609.000000
116805.000000
117933.000000
119004.000000
120004.000000
120995.000000
121993.000000
122995.000000
123664.000000
124710.000000
125632.000000
126556.000000
127509.000000
128498.000000
129508.000000
130533.000000
131568.000000
132588.000000
133615.000000
134643.000000
135640.000000
136346.000000
137483.000000
138484.000000
139513.000000
140550.000000
141588.000000
142632.000000
143665.000000
144682.000000
145692.000000
146695.000000
147711.000000
148754.000000
149825.000000
150922.000000
152016.000000
153109.000000
154198.000000
155258.000000
155959.000000
157137.000000
158165.000000
159195.000000
160249.000000
161319.000000
162400.000000
163492.000000
164576.000000
165649.000000
166350.000000
167537.000000
168567.000000
169607.000000
170649.000000
171688.000000
172727.000000
173756.000000
174769.000000
175767.000000
176768.000000
177812.000000
178880.000000
179947.000000
181011.000000
182069.000000
182816.000000
183326.000000
184517.000000
185597.000000
186677.000000
187757.000000
188845.000000
189931.000000
190993.000000
192028.000000
193089.000000
194163.000000
195241.000000
196298.000000
197338.000000
198339.000000
199344.000000
200385.000000
201445.000000
202507.000000
203186.000000
204375.000000
205421.000000
206407.000000
207398.000000
208370.000000
209367.000000
210388.000000
211405.000000
212433.000000
213470.000000
214184.000000
214711.000000
215892.000000
216993.000000
218045.000000
219095.000000
220160.000000
221225.000000
222272.000000
223305.000000
224305.000000
225294.000000
226332.000000
227396.000000
228490.000000
229601.000000
230707.000000
231443.000000
232005.000000
233249.000000
234357.000000
235431.000000
236488.000000
237526.000000
238577.000000
239601.000000
240644.000000
241707.000000
242772.000000
243836.000000
244866.000000
245881.000000
246897.000000
247941.000000
249015.000000
250099.000000
251187.000000
252270.000000
253332.000000
254349.000000
255355.000000
256365.000000
257394.000000
258445.000000
259488.000000
260533.000000
261574.000000
262636.000000
263338.000000
263883.000000
264748.000000
265775.000000
267026.000000
268117.000000
269179.000000
270222.000000
271265.000000
272285.000000
273275.000000
274280.000000
275314.000000
276346.000000
277396.000000
278435.000000
279477.000000
280501.000000
281198.000000
282381.000000
283434.000000
284486.000000
285545.000000
286612.000000
287653.000000
288360.000000
289546.000000
290603.000000
291660.000000
292714.000000
293768.000000
294810.000000
295826.000000
296806.000000
297803.000000
298819.000000
299843.000000
300883.000000
301639.000000
302175.000000
303370.000000
304413.000000
305414.000000
306429.000000
307462.000000
308504.000000
309557.000000
310615.000000
311661.000000
312386.000000
313530.000000
314520.000000
315536.000000
316567.000000
317602.000000
318656.000000
319705.000000
320764.000000
321484.000000
322656.000000
323689.000000
324737.000000
325785.000000
326820.000000
327862.000000
328896.000000
329903.000000
330880.000000
331857.000000
332900.000000
333971.000000
335058.000000
336151.000000
337249.000000
338335.000000
339034.000000
340220.000000
341268.000000
342318.000000
343376.000000
344439.000000
345498.000000
346564.000000
347597.000000
348600.000000
349608.000000
350636.000000
351675.000000
352712.000000
353748.000000
354773.000000
355798.000000
356837.000000
357873.000000
358906.000000
359575.000000
360772.000000
361843.000000
362907.000000
363965.000000
365024.000000
366084.000000
367152.000000
368219.000000
369274.000000
369953.000000
371144.000000
372211.000000
373267.000000
374326.000000
375392.000000
376442.000000
377503.000000
378533.000000
379533.000000
380553.000000
381588.000000
382624.000000
383670.000000
384714.000000
385772.000000
386827.000000
387584.000000
388091.000000
388702.000000
389921.000000
391039.000000
392133.000000
393213.000000
394283.000000
395318.000000
396327.000000
397333.000000
398366.000000
399424.000000
400483.000000
401545.000000
402612.000000
403668.000000
404719.000000
405746.000000
406762.000000
407791.000000
408833.000000
409890.000000
410943.000000
411996.000000
413028.000000
414049.000000
415099.000000
416167.000000
417227.000000
418294.000000
419340.000000
420358.000000
421385.000000
422440.000000
423501.000000
424574.000000
425657.000000
426731.000000
427784.000000
428826.000000
429900.000000
430993.000000
432083.000000
433177.000000
434244.000000
434945.000000
436144.000000
437200.000000
438270.000000
439342.000000
440426.000000
441506.000000
442565.000000
443590.000000
444600.000000
445612.000000
446662.000000
447699.000000
448756.000000
449816.000000
450866.000000
451870.000000
452857.000000
453854.000000
454869.000000
455859.000000
456864.000000
457849.000000
458812.000000
459749.000000
460709.000000
461694.000000
462702.000000
463422.000000
463993.000000
465142.000000
466215.000000
467208.000000
468216.000000
469222.000000
470239.000000
471245.000000
472245.000000
473224.000000
474173.000000
475135.000000
476124.000000
477110.000000
478115.000000
479127.000000
480135.000000
481129.000000
482097.000000
483078.000000
484081.000000
485098.000000
486151.000000
487204.000000
488193.000000
489165.000000
490160.000000
491204.000000
492200.000000
493172.000000
494152.000000
495154.000000
496161.000000
497128.000000
498103.000000
499125.000000
500155.000000
501193.000000
502220.000000
503255.000000
504302.000000
505017.000000
506282.000000
507384.000000
508507.000000
509591.000000
510661.000000
511325.000000
512533.000000
513597.000000
514654.000000
515708.000000
516721.000000
517713.000000
518743.000000
519773.000000
520802.000000
521824.000000
522820.000000
523829.000000
524862.000000
525908.000000
526947.000000
527975.000000
528681.000000
529871.000000
530918.000000
531961.000000
533020.000000
534062.000000
534749.000000
535960.000000
537053.000000
538126.000000
539191.000000
540269.000000
541325.000000
542363.000000
543385.000000
544437.000000
545506.000000
546582.000000
547650.000000
548680.000000
549710.000000
550762.000000
551822.000000
552886.000000
553947.000000
554612.000000
555821.000000
556906.000000
558009.000000
559098.000000
560181.000000
561241.000000
562274.000000
563327.000000
564395.000000
565453.000000
566508.000000
567558.000000
568600.000000
569609.000000
570632.000000
571683.000000
572733.000000
573796.000000
574874.000000
575969.000000
577068.000000
577778.000000
578345.000000
579586.000000
580785.000000
581932.000000
583060.000000
584139.000000
585194.000000
586279.000000
587363.000000
588452.000000
589529.000000
590583.000000
591609.000000
592664.000000
593754.000000
594867.000000
595967.000000
597025.000000
598109.000000
599202.000000
600292.000000
601368.000000
602410.000000
603488.000000
604571.000000
605653.000000
606721.000000
607772.000000
608803.000000
609854.000000
610926.000000
611995.000000
613071.000000
614134.000000
615174.000000
616220.000000
617295.000000
618390.000000
619473.000000
620556.000000
621620.000000
622647.000000
623697.000000
624748.000000
625794.000000
626844.000000
627861.000000
628857.000000
629879.000000
630922.000000
631989.000000
633083.000000
634138.000000
634809.000000
636000.000000
637073.000000
638126.000000
639187.000000
640239.000000
641271.000000
642285.000000
643273.000000
644281.000000
645299.000000
646280.000000
647261.000000
648286.000000
649265.000000
650278.000000
651291.000000
652308.000000
653331.000000
654346.000000
655367.000000
656403.000000
657427.000000
658155.000000
659321.000000
660386.000000
661464.000000
662564.000000
663643.000000
664717.000000
665778.000000
666815.000000
667873.000000
668941.000000
670010.000000
671081.000000
672156.000000
673190.000000
674229.000000
675296.000000
676380.000000
677472.000000
678553.000000
679638.000000
680698.000000
681377.000000
682604.000000
683706.000000
684772.000000
685828.000000
686875.000000
687942.000000
689013.000000
690068.000000
691086.000000
692116.000000
693176.000000
694233.000000
695275.000000
696288.000000
697309.000000
698354.000000
699368.000000
700397.000000
701433.000000
702473.000000
703490.000000
704532.000000
705227.000000
706418.000000
707476.000000
708529.000000
709550.000000
710589.000000
711631.000000
712655.000000
713648.000000
714678.000000
715720.000000
716760.000000
717471.000000
718035.000000
719275.000000
720436.000000
721506.000000
722535.000000
723586.000000
724644.000000
725685.000000
726713.000000
727756.000000
728758.000000
729760.000000
730785.000000
731819.000000
732864.000000
733924.000000
734954.000000
735930.000000
736908.000000
737926.000000
738973.000000
740050.000000
741123.000000
741835.000000
742434.000000
743606.000000
744729.000000
745823.000000
746911.000000
747978.000000
749019.000000
750069.000000
751109.000000
752149.000000
753141.000000
754122.000000
754802.000000
756029.000000
757058.000000
758080.000000
759131.000000
759868.000000
760436.000000
761622.000000
762712.000000
763784.000000
764829.000000
765860.000000
766870.000000
767845.000000
768809.000000
769789.000000
770801.000000
771846.000000
772568.000000
773148.000000
774346.000000
775439.000000
776503.000000
777576.000000
778630.000000
779674.000000
780710.000000
781748.000000
782764.000000
783778.000000
784762.000000
785766.000000
786796.000000
787820.000000
788860.000000
789895.000000
790962.000000
792024.000000
793096.000000
794145.000000
794812.000000
796010.000000
797105.000000
798175.000000
799219.000000
800210.000000
801190.000000
802214.000000
803265.000000
804347.000000
805439.000000
806545.000000
807637.000000
808736.000000
809846.000000
810959.000000
813155.000000
814208.000000
815256.000000
816327.000000
817423.000000
818520.000000
819653.000000
820791.000000
821905.000000
822587.000000
823843.000000
824965.000000
826061.000000
827166.000000
828275.000000
829408.000000
830563.000000
831727.000000
832914.000000
834103.000000
835277.000000
836425.000000
837522.000000
838624.000000
839736.000000
840845.000000
841956.000000
843066.000000
844177.000000
845252.000000
846293.000000
847338.000000
848415.000000
849507.000000
850617.000000
851722.000000
852809.000000
853904.000000
854573.000000
855772.000000
856831.000000
857905.000000
858995.000000
860072.000000
861164.000000
862242.000000
863311.000000
864340.000000
865349.000000
866385.000000
867423.000000
868482.000000
869533.000000
870572.000000
871586.000000
872567.000000
873573.000000
874584.000000
875616.000000
876633.000000
877674.000000
878715.000000
879742.000000
880758.000000
881782.000000
882822.000000
883853.000000
884869.000000
885854.000000
886876.000000
887912.000000
888937.000000
889954.000000
890945.000000
891973.000000
893011.000000
894063.000000
895108.000000
895811.000000
896406.000000
897671.000000
898811.000000
