Peaks (s)
960.000000
1656.000000
2352.000000
3051.000000
3746.000000
4439.000000
5135.000000
5829.000000
6521.000000
7220.000000
7918.000000
8601.000000
9299.000000
10005.000000
10727.000000
11457.000000
12171.000000
12898.000000
13636.000000
14372.000000
15095.000000
15792.000000
16483.000000
17166.000000
17835.000000
18513.000000
19191.000000
19884.000000
20586.000000
21307.000000
22051.000000
22820.000000
23575.000000
24301.000000
25021.000000
25740.000000
26450.000000
27139.000000
27828.000000
28515.000000
29211.000000
29909.000000
30598.000000
31288.000000
31976.000000
32671.000000
33361.000000
34035.000000
34707.000000
35374.000000
36046.000000
36718.000000
37389.000000
38076.000000
38778.000000
39505.000000
40234.000000
40949.000000
41660.000000
42356.000000
43046.000000
43722.000000
44394.000000
45078.000000
45782.000000
46514.000000
47271.000000
48054.000000
48819.000000
49570.000000
50321.000000
51070.000000
51822.000000
52554.000000
53275.000000
53979.000000
54666.000000
55359.000000
56073.000000
56809.000000
57559.000000
58316.000000
59070.000000
59813.000000
60553.000000
61281.000000
62007.000000
62726.000000
63457.000000
64190.000000
64925.000000
65663.000000
66405.000000
67153.000000
67884.000000
68605.000000
69327.000000
70049.000000
70764.000000
71484.000000
72220.000000
72968.000000
73724.000000
74472.000000
75221.000000
75972.000000
76727.000000
77487.000000
78226.000000
78970.000000
79716.000000
80471.000000
81214.000000
81957.000000
82708.000000
83440.000000
84154.000000
84845.000000
85545.000000
86245.000000
86943.000000
87624.000000
88299.000000
88987.000000
89670.000000
90344.000000
91030.000000
91716.000000
92410.000000
93116.000000
93834.000000
94574.000000
95337.000000
96104.000000
96860.000000
97589.000000
98308.000000
99025.000000
99755.000000
100494.000000
101239.000000
101978.000000
102726.000000
103482.000000
104244.000000
105003.000000
105762.000000
106496.000000
107221.000000
107946.000000
108677.000000
109412.000000
110150.000000
110891.000000
111639.000000
112394.000000
113142.000000
113891.000000
114621.000000
115338.000000
116048.000000
116752.000000
117447.000000
118146.000000
118871.000000
119615.000000
120384.000000
121156.000000
121917.000000
122669.000000
123415.000000
124160.000000
124896.000000
125619.000000
126336.000000
127058.000000
127783.000000
128522.000000
129265.000000
130014.000000
130763.000000
131520.000000
132266.000000
132992.000000
133712.000000
134432.000000
135155.000000
135873.000000
136593.000000
137326.000000
138061.000000
138795.000000
139529.000000
140249.000000
140967.000000
141685.000000
142406.000000
143120.000000
143834.000000
144561.000000
145291.000000
146031.000000
146774.000000
147505.000000
148242.000000
148976.000000
149709.000000
150439.000000
151158.000000
151879.000000
152598.000000
153329.000000
154062.000000
154797.000000
155527.000000
156272.000000
157012.000000
157751.000000
158480.000000
159200.000000
159922.000000
160641.000000
161367.000000
162094.000000
162815.000000
163537.000000
164279.000000
165030.000000
165790.000000
166533.000000
167269.000000
167995.000000
168720.000000
169438.000000
170150.000000
170857.000000
171572.000000
172299.000000
173039.000000
173777.000000
174511.000000
175262.000000
176032.000000
176798.000000
177547.000000
178282.000000
179000.000000
179721.000000
180444.000000
181182.000000
181925.000000
182679.000000
183446.000000
184224.000000
184968.000000
185693.000000
186411.000000
187132.000000
187858.000000
188592.000000
189315.000000
190030.000000
190767.000000
191523.000000
192285.000000
193038.000000
193762.000000
194469.000000
195181.000000
195894.000000
196625.000000
197362.000000
198092.000000
198827.000000
199574.000000
200329.000000
201101.000000
201854.000000
202580.000000
203310.000000
204031.000000
204759.000000
205494.000000
206207.000000
206926.000000
207661.000000
208409.000000
209159.000000
209902.000000
210631.000000
211366.000000
212100.000000
212817.000000
213515.000000
214221.000000
214939.000000
215668.000000
216403.000000
217132.000000
217869.000000
218607.000000
219345.000000
220060.000000
220766.000000
221474.000000
222188.000000
222914.000000
223647.000000
224368.000000
225094.000000
225825.000000
226569.000000
227302.000000
228016.000000
228730.000000
229445.000000
230162.000000
230891.000000
231609.000000
232317.000000
233043.000000
233768.000000
234498.000000
235220.000000
235929.000000
236643.000000
237356.000000
238074.000000
238778.000000
239473.000000
240176.000000
240889.000000
241616.000000
242345.000000
243076.000000
243806.000000
244548.000000
245295.000000
246028.000000
246741.000000
247445.000000
248166.000000
248903.000000
249657.000000
250422.000000
251161.000000
251883.000000
252613.000000
253348.000000
254092.000000
254821.000000
255547.000000
256261.000000
256989.000000
257713.000000
258439.000000
259146.000000
259852.000000
260572.000000
261296.000000
262031.000000
262760.000000
263464.000000
264162.000000
264864.000000
265560.000000
266270.000000
266980.000000
267704.000000
268442.000000
269190.000000
269930.000000
270647.000000
271352.000000
272057.000000
272768.000000
273492.000000
274204.000000
274909.000000
275617.000000
276329.000000
277043.000000
277754.000000
278453.000000
279150.000000
279856.000000
280565.000000
281286.000000
281997.000000
282693.000000
283390.000000
284092.000000
284813.000000
285535.000000
286256.000000
286968.000000
287713.000000
288434.000000
289148.000000
289866.000000
290591.000000
291320.000000
292043.000000
292744.000000
293437.000000
294121.000000
294799.000000
295461.000000
296122.000000
296797.000000
297487.000000
298191.000000
298925.000000
299680.000000
300433.000000
301154.000000
301869.000000
302586.000000
303308.000000
304030.000000
304742.000000
305459.000000
306200.000000
306968.000000
307734.000000
308473.000000
309201.000000
309939.000000
310682.000000
311417.000000
312144.000000
312859.000000
313593.000000
314351.000000
315137.000000
315899.000000
316628.000000
317357.000000
318069.000000
318786.000000
319499.000000
320220.000000
320978.000000
321766.000000
322539.000000
323279.000000
324006.000000
324729.000000
325429.000000
326116.000000
326798.000000
327488.000000
328201.000000
328953.000000
329740.000000
330516.000000
331277.000000
332024.000000
332760.000000
333497.000000
334208.000000
334911.000000
335611.000000
336328.000000
337050.000000
337791.000000
338531.000000
339270.000000
340015.000000
340761.000000
341500.000000
342215.000000
342921.000000
343630.000000
344345.000000
345077.000000
345803.000000
346524.000000
347247.000000
347977.000000
348716.000000
349451.000000
350162.000000
350866.000000
351575.000000
352286.000000
353001.000000
353723.000000
354435.000000
355141.000000
355870.000000
356602.000000
357320.000000
358026.000000
358726.000000
359430.000000
360148.000000
360867.000000
361595.000000
362318.000000
363038.000000
363762.000000
364502.000000
365254.000000
365978.000000
366690.000000
367402.000000
368119.000000
368852.000000
369580.000000
370307.000000
371058.000000
371815.000000
372587.000000
373339.000000
374065.000000
374787.000000
375510.000000
376225.000000
376939.000000
377648.000000
378352.000000
379056.000000
379780.000000
380529.000000
381305.000000
382077.000000
382813.000000
383539.000000
384263.000000
384981.000000
385693.000000
386401.000000
387093.000000
387802.000000
388529.000000
389269.000000
390012.000000
390741.000000
391474.000000
392215.000000
392972.000000
393724.000000
394458.000000
395178.000000
395892.000000
396611.000000
397355.000000
398116.000000
398873.000000
399634.000000
400404.000000
401200.000000
401980.000000
402728.000000
403445.000000
404173.000000
404903.000000
405655.000000
406423.000000
407178.000000
407944.000000
408724.000000
409522.000000
410293.000000
411035.000000
411764.000000
412494.000000
413220.000000
413961.000000
414702.000000
415449.000000
416220.000000
417015.000000
417796.000000
418551.000000
419286.000000
420030.000000
420764.000000
421514.000000
422244.000000
422979.000000
423735.000000
424528.000000
425347.000000
426132.000000
426891.000000
427668.000000
428426.000000
429188.000000
429928.000000
430656.000000
431393.000000
432151.000000
432937.000000
433727.000000
434492.000000
435241.000000
435994.000000
436739.000000
437489.000000
438222.000000
438939.000000
439665.000000
440404.000000
441152.000000
441909.000000
442654.000000
443381.000000
444115.000000
444860.000000
445606.000000
446330.000000
447053.000000
447783.000000
448512.000000
449234.000000
449955.000000
450704.000000
451462.000000
452240.000000
452993.000000
453723.000000
454442.000000
455164.000000
455888.000000
456612.000000
457327.000000
458045.000000
458789.000000
459558.000000
460342.000000
461102.000000
461840.000000
462573.000000
463306.000000
464033.000000
464750.000000
465465.000000
466191.000000
466922.000000
467666.000000
468409.000000
469135.000000
469873.000000
470615.000000
471351.000000
472079.000000
472791.000000
473515.000000
474241.000000
474984.000000
475728.000000
476457.000000
477176.000000
477912.000000
478645.000000
479383.000000
480115.000000
480837.000000
481555.000000
482299.000000
483063.000000
483832.000000
484590.000000
485360.000000
486120.000000
486882.000000
487628.000000
488359.000000
489087.000000
489830.000000
490613.000000
491422.000000
492208.000000
492969.000000
493743.000000
494502.000000
495255.000000
496000.000000
496730.000000
497469.000000
498217.000000
498996.000000
499766.000000
500562.000000
501360.000000
502151.000000
502947.000000
503690.000000
504428.000000
505164.000000
505900.000000
506650.000000
507412.000000
508163.000000
508904.000000
509659.000000
510416.000000
511159.000000
511898.000000
512630.000000
513358.000000
514083.000000
514811.000000
515528.000000
516240.000000
516955.000000
517673.000000
518406.000000
519127.000000
519848.000000
520568.000000
521291.000000
522009.000000
522713.000000
523408.000000
524095.000000
524774.000000
525447.000000
526114.000000
526780.000000
527446.000000
528115.000000
528787.000000
529460.000000
530139.000000
530824.000000
531516.000000
532203.000000
532885.000000
533570.000000
534252.000000
534935.000000
535612.000000
536287.000000
536969.000000
537667.000000
538378.000000
539093.000000
539814.000000
540535.000000
541271.000000
542025.000000
542762.000000
543481.000000
544186.000000
544896.000000
545616.000000
546354.000000
547105.000000
547844.000000
548614.000000
549411.000000
550196.000000
550965.000000
551708.000000
552431.000000
553154.000000
553880.000000
554613.000000
555337.000000
556059.000000
556782.000000
557540.000000
558304.000000
559072.000000
559836.000000
560585.000000
561312.000000
562040.000000
562765.000000
563493.000000
564220.000000
564937.000000
565655.000000
566403.000000
567156.000000
567918.000000
568666.000000
569406.000000
570147.000000
570881.000000
571603.000000
572312.000000
572998.000000
573684.000000
574403.000000
575126.000000
575849.000000
576574.000000
577314.000000
578068.000000
578808.000000
579529.000000
580236.000000
580930.000000
581648.000000
582418.000000
583196.000000
583972.000000
584729.000000
585485.000000
586251.000000
587017.000000
587783.000000
588540.000000
589294.000000
590053.000000
590819.000000
591572.000000
592330.000000
593091.000000
593864.000000
594622.000000
595373.000000
596126.000000
596874.000000
597623.000000
598366.000000
599114.000000
599871.000000
600640.000000
601417.000000
602197.000000
602980.000000
603751.000000
604520.000000
605265.000000
606007.000000
606747.000000
607498.000000
608252.000000
609002.000000
609760.000000
610532.000000
611317.000000
612096.000000
612850.000000
613597.000000
614341.000000
615093.000000
615849.000000
616604.000000
617352.000000
618108.000000
618887.000000
619676.000000
620451.000000
621201.000000
621945.000000
622687.000000
623443.000000
624203.000000
624955.000000
625705.000000
626487.000000
627286.000000
628066.000000
628829.000000
629581.000000
630327.000000
631079.000000
631839.000000
632598.000000
633344.000000
634099.000000
634874.000000
635657.000000
636418.000000
637161.000000
637894.000000
638624.000000
639363.000000
640109.000000
640839.000000
641579.000000
642330.000000
643099.000000
643854.000000
644601.000000
645343.000000
646081.000000
646815.000000
647537.000000
648249.000000
648961.000000
649673.000000
650388.000000
651105.000000
651825.000000
652554.000000
653288.000000
654034.000000
654763.000000
655486.000000
656209.000000
656925.000000
657635.000000
658343.000000
659051.000000
659756.000000
660470.000000
661181.000000
661893.000000
662606.000000
663321.000000
664031.000000
664737.000000
665431.000000
666118.000000
666803.000000
667486.000000
668187.000000
668885.000000
669586.000000
670290.000000
670993.000000
671685.000000
672380.000000
673074.000000
673759.000000
674437.000000
675103.000000
675766.000000
676424.000000
677079.000000
677735.000000
678390.000000
679047.000000
679711.000000
680383.000000
681055.000000
681728.000000
682405.000000
683079.000000
683753.000000
684420.000000
685087.000000
685753.000000
686415.000000
687071.000000
687726.000000
688384.000000
689045.000000
689710.000000
690377.000000
691046.000000
691710.000000
692384.000000
693064.000000
693747.000000
694423.000000
695094.000000
695771.000000
696448.000000
697125.000000
697797.000000
698469.000000
699151.000000
699826.000000
700503.000000
701176.000000
701848.000000
702521.000000
703208.000000
703899.000000
704585.000000
705267.000000
705957.000000
706664.000000
707371.000000
708076.000000
708776.000000
709478.000000
710184.000000
710904.000000
711605.000000
712303.000000
713004.000000
713713.000000
714442.000000
715161.000000
715873.000000
716597.000000
717338.000000
718090.000000
718823.000000
719556.000000
720310.000000
721093.000000
721877.000000
722639.000000
723375.000000
724126.000000
724872.000000
725629.000000
726377.000000
727106.000000
727861.000000
728642.000000
729409.000000
730156.000000
730892.000000
731629.000000
732364.000000
733104.000000
733841.000000
734565.000000
735282.000000
736012.000000
736749.000000
737495.000000
738225.000000
738950.000000
739680.000000
740418.000000
741153.000000
741872.000000
742589.000000
743317.000000
744042.000000
744759.000000
745471.000000
746182.000000
746920.000000
747674.000000
748443.000000
749213.000000
749978.000000
750754.000000
751527.000000
752305.000000
753068.000000
753820.000000
754576.000000
755345.000000
756141.000000
756945.000000
757740.000000
758549.000000
759364.000000
760176.000000
760963.000000
761731.000000
762510.000000
763317.000000
764137.000000
764931.000000
765726.000000
766550.000000
767379.000000
768200.000000
768992.000000
769776.000000
770572.000000
771372.000000
772145.000000
772911.000000
773694.000000
774477.000000
775258.000000
776032.000000
776822.000000
777638.000000
778463.000000
779266.000000
780067.000000
780844.000000
781629.000000
782386.000000
783141.000000
783915.000000
784721.000000
785551.000000
786344.000000
787134.000000
787931.000000
788722.000000
789499.000000
790248.000000
790992.000000
791751.000000
792525.000000
793316.000000
794082.000000
794842.000000
795608.000000
796372.000000
797143.000000
797892.000000
798626.000000
799360.000000
800096.000000
800837.000000
801586.000000
802328.000000
803061.000000
803800.000000
804534.000000
805278.000000
806019.000000
806764.000000
807506.000000
808258.000000
809020.000000
809776.000000
810520.000000
811249.000000
811976.000000
812703.000000
813448.000000
814191.000000
814929.000000
815675.000000
816413.000000
817141.000000
817844.000000
818541.000000
819250.000000
819963.000000
820673.000000
821381.000000
822096.000000
822814.000000
823537.000000
824262.000000
825000.000000
825746.000000
826506.000000
827272.000000
828033.000000
828781.000000
829524.000000
830268.000000
831020.000000
831780.000000
832549.000000
833302.000000
834064.000000
834831.000000
835604.000000
836372.000000
837124.000000
837863.000000
838612.000000
839366.000000
840123.000000
840872.000000
841618.000000
842366.000000
843129.000000
843897.000000
844674.000000
845452.000000
846210.000000
846970.000000
847731.000000
848496.000000
849285.000000
850076.000000
850857.000000
851636.000000
852415.000000
853194.000000
853969.000000
854718.000000
855451.000000
856177.000000
856911.000000
857668.000000
858454.000000
859238.000000
860013.000000
860780.000000
861545.000000
862287.000000
863020.000000
863751.000000
864488.000000
865246.000000
866018.000000
866778.000000
867545.000000
868323.000000
869091.000000
869835.000000
870567.000000
871308.000000
872055.000000
872818.000000
873583.000000
874351.000000
875137.000000
875945.000000
876738.000000
877510.000000
878281.000000
879048.000000
879817.000000
880572.000000
881315.000000
882085.000000
882876.000000
883691.000000
884501.000000
885299.000000
886114.000000
886940.000000
887722.000000
888486.000000
889247.000000
890005.000000
890754.000000
891491.000000
892220.000000
892962.000000
893730.000000
894523.000000
895290.000000
896039.000000
896800.000000
897559.000000
898315.000000
899056.000000
899793.000000
900520.000000
901258.000000
902002.000000
902749.000000
903480.000000
904207.000000
904940.000000
905674.000000
906422.000000
907161.000000
907893.000000
908627.000000
909360.000000
910092.000000
910824.000000
911547.000000
912267.000000
912985.000000
913719.000000
914459.000000
915205.000000
915944.000000
916682.000000
917428.000000
918189.000000
918964.000000
919737.000000
920492.000000
921235.000000
921973.000000
922712.000000
923442.000000
924165.000000
924874.000000
925589.000000
926326.000000
927085.000000
927865.000000
928637.000000
929402.000000
930170.000000
930938.000000
931693.000000
932433.000000
933172.000000
933921.000000
934676.000000
935428.000000
936170.000000
936889.000000
937600.000000
938297.000000
939003.000000
939728.000000
940476.000000
941238.000000
941997.000000
942739.000000
943484.000000
944214.000000
944942.000000
945667.000000
946385.000000
947105.000000
947839.000000
948592.000000
949359.000000
950134.000000
950894.000000
951647.000000
952399.000000
953146.000000
953891.000000
954631.000000
955362.000000
956092.000000
956833.000000
957597.000000
958361.000000
959141.000000
959933.000000
960727.000000
961519.000000
962288.000000
963049.000000
963801.000000
964545.000000
965307.000000
966056.000000
966795.000000
967547.000000
968320.000000
969098.000000
969863.000000
970637.000000
971399.000000
972157.000000
972898.000000
973628.000000
974353.000000
975079.000000
975815.000000
976555.000000
977297.000000
978058.000000
978833.000000
979615.000000
980387.000000
981151.000000
981901.000000
982647.000000
983387.000000
984122.000000
984855.000000
985607.000000
986373.000000
987144.000000
987909.000000
988684.000000
989458.000000
990229.000000
990982.000000
991722.000000
992457.000000
993192.000000
993925.000000
994656.000000
995383.000000
996131.000000
996914.000000
997730.000000
998533.000000
999317.000000
1000095.000000
1000858.000000
1001606.000000
1002337.000000
1003052.000000
1003766.000000
1004498.000000
1005247.000000
1006012.000000
1006775.000000
1007540.000000
1008311.000000
1009076.000000
1009827.000000
1010551.000000
1011269.000000
1011991.000000
1012719.000000
1013447.000000
1014160.000000
1014875.000000
1015591.000000
1016319.000000
1017057.000000
1017790.000000
1018515.000000
1019230.000000
1019942.000000
1020655.000000
1021370.000000
1022087.000000
1022806.000000
1023540.000000
1024284.000000
1025033.000000
1025788.000000
1026544.000000
1027283.000000
1028012.000000
1028733.000000
1029440.000000
1030135.000000
1030820.000000
1031497.000000
1032164.000000
1032823.000000
1033490.000000
1034174.000000
1034879.000000
1035594.000000
1036335.000000
1037082.000000
1037835.000000
1038576.000000
1039306.000000
1040038.000000
1040766.000000
1041493.000000
1042217.000000
1042937.000000
1043660.000000
1044393.000000
1045150.000000
1045911.000000
1046676.000000
1047443.000000
1048216.000000
1048973.000000
1049712.000000
1050440.000000
1051164.000000
1051896.000000
1052645.000000
1053408.000000
1054178.000000
1054961.000000
1055774.000000
1056593.000000
1057400.000000
1058178.000000
1058945.000000
1059712.000000
1060498.000000
1061284.000000
1062071.000000
1062872.000000
1063683.000000
1064501.000000
1065282.000000
1066052.000000
1066824.000000
1067618.000000
1068381.000000
1069144.000000
1069933.000000
1070745.000000
1071554.000000
1072337.000000
1073113.000000
1073890.000000
1074663.000000
1075410.000000
1076146.000000
1076885.000000
1077643.000000
1078423.000000
1079187.000000
1079952.000000
1080737.000000
1081514.000000
1082272.000000
1083007.000000
1083732.000000
1084456.000000
1085187.000000
1085932.000000
1086665.000000
1087396.000000
1088130.000000
1088865.000000
1089610.000000
1090363.000000
1091108.000000
1091852.000000
1092599.000000
1093341.000000
1094073.000000
1094797.000000
1095516.000000
1096240.000000
1096971.000000
1097710.000000
1098453.000000
1099196.000000
1099943.000000
1100694.000000
1101435.000000
1102167.000000
1102884.000000
1103611.000000
1104345.000000
1105092.000000
1105826.000000
1106559.000000
1107283.000000
1108007.000000
1108736.000000
1109460.000000
1110179.000000
1110902.000000
1111634.000000
1112373.000000
1113120.000000
1113850.000000
1114574.000000
1115293.000000
1116009.000000
1116729.000000
1117445.000000
1118163.000000
1118891.000000
1119629.000000
1120376.000000
1121103.000000
1121819.000000
1122534.000000
1123246.000000
1123961.000000
1124680.000000
1125408.000000
1126143.000000
1126895.000000
1127666.000000
1128436.000000
1129195.000000
1129954.000000
1130700.000000
1131457.000000
1132207.000000
1132942.000000
1133676.000000
1134420.000000
1135195.000000
1135999.000000
1136806.000000
1137600.000000
1138397.000000
1139189.000000
1139951.000000
1140684.000000
1141404.000000
1142124.000000
1142859.000000
1143605.000000
1144344.000000
1145075.000000
1145812.000000
1146562.000000
1147316.000000
1148054.000000
1148794.000000
1149536.000000
1150279.000000
1151022.000000
1151763.000000
1152500.000000
1153237.000000
1153984.000000
1154721.000000
1155464.000000
1156226.000000
1157019.000000
1157822.000000
1158623.000000
1159414.000000
1160207.000000
1161006.000000
1161801.000000
1162597.000000
1163391.000000
1164194.000000
1164995.000000
1165809.000000
1166611.000000
1167410.000000
1168222.000000
1169047.000000
1169880.000000
1170685.000000
1171475.000000
1172261.000000
1173058.000000
1173844.000000
1174624.000000
1175404.000000
1176190.000000
1176966.000000
1177728.000000
1178482.000000
1179260.000000
1180077.000000
1180884.000000
1181672.000000
1182435.000000
1183198.000000
1183952.000000
1184697.000000
1185419.000000
1186131.000000
1186838.000000
1187543.000000
1188256.000000
1188982.000000
1189706.000000
1190435.000000
1191175.000000
1191926.000000
1192687.000000
1193446.000000
1194195.000000
1194927.000000
1195647.000000
1196349.000000
1197027.000000
1197690.000000
1198350.000000
1199014.000000
1199694.000000
1200388.000000
1201101.000000
1201826.000000
1202572.000000
1203305.000000
1204023.000000
1204742.000000
1205462.000000
1206190.000000
1206904.000000
1207604.000000
1208314.000000
1209043.000000
1209798.000000
1210559.000000
1211303.000000
1212027.000000
1212756.000000
1213488.000000
1214214.000000
1214922.000000
1215635.000000
1216351.000000
1217076.000000
1217799.000000
1218518.000000
1219246.000000
1219983.000000
1220736.000000
1221480.000000
1222210.000000
1222941.000000
1223688.000000
1224453.000000
1225219.000000
1225965.000000
1226704.000000
1227455.000000
1228237.000000
1229013.000000
1229782.000000
1230564.000000
1231377.000000
1232178.000000
1232946.000000
1233724.000000
1234495.000000
1235270.000000
1236023.000000
1236764.000000
1237507.000000
1238279.000000
1239062.000000
1239854.000000
1240642.000000
1241398.000000
1242151.000000
1242907.000000
1243671.000000
1244424.000000
1245170.000000
1245897.000000
1246626.000000
1247366.000000
1248124.000000
1248887.000000
1249656.000000
1250460.000000
1251296.000000
1252128.000000
1252930.000000
1253724.000000
1254513.000000
1255299.000000
1256091.000000
1256878.000000
1257652.000000
1258421.000000
1259190.000000
1259968.000000
1260757.000000
1261539.000000
1262329.000000
1263133.000000
1263973.000000
1264798.000000
1265609.000000
1266410.000000
1267206.000000
1267986.000000
1268754.000000
1269547.000000
1270352.000000
1271189.000000
1272027.000000
1272819.000000
1273587.000000
1274342.000000
1275094.000000
1275862.000000
1276635.000000
1277391.000000
1278166.000000
1278954.000000
1279755.000000
1280548.000000
1281327.000000
1282098.000000
1282867.000000
1283626.000000
1284380.000000
1285116.000000
1285845.000000
1286569.000000
1287289.000000
1288001.000000
1288703.000000
1289401.000000
1290102.000000
1290812.000000
1291532.000000
1292257.000000
1292981.000000
1293695.000000
1294398.000000
1295098.000000
1295807.000000
1296520.000000
1297237.000000
1297944.000000
1298647.000000
1299352.000000
1300064.000000
1300777.000000
1301483.000000
1302171.000000
1302844.000000
1303517.000000
1304194.000000
1304883.000000
1305587.000000
1306311.000000
1307041.000000
1307775.000000
1308495.000000
1309205.000000
1309916.000000
1310637.000000
1311369.000000
1312109.000000
1312855.000000
1313611.000000
1314385.000000
1315195.000000
1316005.000000
1316794.000000
1317578.000000
1318362.000000
1319133.000000
1319879.000000
1320613.000000
1321348.000000
1322094.000000
1322848.000000
1323599.000000
1324342.000000
1325108.000000
1325878.000000
1326656.000000
1327423.000000
1328175.000000
1328934.000000
1329691.000000
1330466.000000
1331255.000000
1332030.000000
1332810.000000
1333600.000000
1334412.000000
1335228.000000
1336039.000000
1336822.000000
1337583.000000
1338340.000000
1339103.000000
1339869.000000
1340624.000000
1341373.000000
1342125.000000
1342882.000000
1343645.000000
1344412.000000
1345174.000000
1345952.000000
1346735.000000
1347510.000000
1348266.000000
1349031.000000
1349794.000000
1350551.000000
1351292.000000
1352014.000000
1352746.000000
1353482.000000
1354238.000000
1355005.000000
1355797.000000
1356598.000000
1357397.000000
1358179.000000
1358948.000000
1359713.000000
1360476.000000
1361247.000000
1362004.000000
1362776.000000
1363569.000000
1364385.000000
1365192.000000
1365978.000000
1366781.000000
1367588.000000
1368410.000000
1369220.000000
1370004.000000
1370782.000000
1371570.000000
1372379.000000
1373188.000000
1373989.000000
1374766.000000
1375537.000000
1376306.000000
1377084.000000
1377860.000000
1378626.000000
1379388.000000
1380149.000000
1380915.000000
1381694.000000
1382467.000000
1383225.000000
1383989.000000
1384758.000000
1385529.000000
1386291.000000
1387039.000000
1387780.000000
1388527.000000
1389288.000000
1390045.000000
1390792.000000
1391535.000000
1392307.000000
1393077.000000
1393849.000000
1394605.000000
1395346.000000
1396081.000000
1396814.000000
1397551.000000
1398278.000000
1399000.000000
1399731.000000
1400466.000000
1401217.000000
1401967.000000
1402716.000000
1403462.000000
1404204.000000
1404942.000000
1405673.000000
1406405.000000
1407143.000000
1407905.000000
1408690.000000
1409461.000000
1410225.000000
1410998.000000
1411771.000000
1412545.000000
1413307.000000
1414069.000000
1414833.000000
1415604.000000
1416389.000000
1417163.000000
1417946.000000
1418741.000000
1419556.000000
1420364.000000
1421178.000000
1421998.000000
1422831.000000
1423654.000000
1424461.000000
1425269.000000
1426079.000000
1426880.000000
1427669.000000
1428481.000000
1429311.000000
1430151.000000
1430962.000000
1431744.000000
1432537.000000
1433333.000000
1434139.000000
1434925.000000
1435698.000000
1436498.000000
1437314.000000
1438143.000000
1438957.000000
1439768.000000
1440585.000000
1441413.000000
1442246.000000
1443036.000000
1443796.000000
1444559.000000
1445326.000000
1446151.000000
1446970.000000
1447787.000000
1448633.000000
1449481.000000
1450288.000000
1451096.000000
1451898.000000
1452696.000000
1453481.000000
1454247.000000
1455000.000000
1455761.000000
1456526.000000
1457299.000000
1458059.000000
1458807.000000
1459560.000000
1460320.000000
1461074.000000
1461809.000000
1462530.000000
1463254.000000
1463978.000000
1464706.000000
1465439.000000
1466168.000000
1466896.000000
1467629.000000
1468369.000000
1469116.000000
1469870.000000
1470618.000000
1471361.000000
1472098.000000
1472845.000000
1473602.000000
1474373.000000
1475138.000000
1475900.000000
1476658.000000
1477422.000000
1478190.000000
1478950.000000
1479698.000000
1480448.000000
1481205.000000
1481979.000000
1482754.000000
1483522.000000
1484294.000000
1485068.000000
1485826.000000
1486572.000000
1487311.000000
1488066.000000
1488824.000000
1489613.000000
1490401.000000
1491184.000000
1491958.000000
1492731.000000
1493507.000000
1494272.000000
1495030.000000
1495803.000000
1496603.000000
1497429.000000
1498226.000000
1499020.000000
1499813.000000
1500619.000000
1501428.000000
1502221.000000
1503018.000000
1503820.000000
1504639.000000
1505466.000000
1506268.000000
1507056.000000
1507856.000000
1508661.000000
1509462.000000
1510253.000000
1511057.000000
1511886.000000
1512737.000000
1513593.000000
1514417.000000
1515216.000000
1516020.000000
1516820.000000
1517626.000000
1518418.000000
1519204.000000
1520002.000000
1520827.000000
1521691.000000
1522539.000000
1523370.000000
1524196.000000
1525031.000000
1525853.000000
1526662.000000
1527476.000000
1528299.000000
1529123.000000
1529933.000000
1530731.000000
1531543.000000
1532360.000000
1533186.000000
1533985.000000
1534763.000000
1535571.000000
1536373.000000
1537193.000000
1538001.000000
1538786.000000
1539565.000000
1540363.000000
1541178.000000
1542023.000000
1542851.000000
1543654.000000
1544468.000000
1545288.000000
1546119.000000
1546933.000000
1547718.000000
1548520.000000
1549341.000000
1550191.000000
1551007.000000
1551824.000000
1552667.000000
1553496.000000
1554310.000000
1555099.000000
1555883.000000
1556685.000000
1557503.000000
1558323.000000
1559114.000000
1559891.000000
1560674.000000
1561453.000000
1562222.000000
1562973.000000
1563718.000000
1564459.000000
1565209.000000
1565961.000000
1566701.000000
1567439.000000
1568176.000000
1568926.000000
1569683.000000
1570453.000000
1571215.000000
1571977.000000
1572754.000000
1573551.000000
1574352.000000
1575134.000000
1575904.000000
1576691.000000
1577496.000000
1578311.000000
1579114.000000
1579906.000000
1580694.000000
1581506.000000
1582340.000000
1583187.000000
1583994.000000
1584772.000000
1585554.000000
1586340.000000
1587201.000000
1588047.000000
1588840.000000
1589608.000000
1590379.000000
1591157.000000
1591922.000000
1592674.000000
1593413.000000
1594134.000000
1594859.000000
1595588.000000
1596329.000000
1597053.000000
1597764.000000
1598471.000000
1599176.000000
1599884.000000
1600587.000000
1601285.000000
1601976.000000
1602670.000000
1603364.000000
1604058.000000
1604737.000000
1605401.000000
1606060.000000
1606721.000000
1607382.000000
1608049.000000
1608722.000000
1609401.000000
1610087.000000
1610770.000000
1611455.000000
1612141.000000
1612824.000000
1613513.000000
1614206.000000
1614902.000000
1615603.000000
1616310.000000
1617033.000000
1617746.000000
1618445.000000
1619146.000000
1619846.000000
1620552.000000
1621252.000000
1621941.000000
1622629.000000
1623329.000000
1624034.000000
1624737.000000
1625431.000000
1626122.000000
1626822.000000
1627524.000000
1628219.000000
1628903.000000
1629588.000000
1630277.000000
1630979.000000
1631687.000000
1632376.000000
1633061.000000
1633754.000000
1634449.000000
1635158.000000
1635869.000000
1636570.000000
1637282.000000
1637988.000000
1638699.000000
1639398.000000
1640082.000000
1640773.000000
1641465.000000
1642170.000000
1642875.000000
1643579.000000
1644294.000000
1645004.000000
1645719.000000
1646426.000000
1647128.000000
1647836.000000
1648554.000000
1649278.000000
1650001.000000
1650710.000000
1651414.000000
1652123.000000
1652840.000000
1653561.000000
1654285.000000
1655002.000000
1655732.000000
1656470.000000
1657210.000000
1657932.000000
1658644.000000
1659357.000000
1660070.000000
1660791.000000
1661502.000000
1662212.000000
1662937.000000
1663679.000000
1664430.000000
1665174.000000
1665902.000000
1666627.000000
1667363.000000
1668103.000000
1668818.000000
1669518.000000
1670212.000000
1670914.000000
1671625.000000
1672333.000000
1673031.000000
1673746.000000
1674479.000000
1675221.000000
1675945.000000
1676668.000000
1677391.000000
1678117.000000
1678825.000000
1679526.000000
1680232.000000
1680942.000000
1681663.000000
1682374.000000
1683072.000000
1683782.000000
1684494.000000
1685208.000000
1685904.000000
1686585.000000
1687263.000000
1687947.000000
1688632.000000
1689328.000000
1690028.000000
1690738.000000
1691451.000000
1692161.000000
1692892.000000
1693619.000000
1694353.000000
1695086.000000
1695828.000000
1696591.000000
1697369.000000
1698153.000000
1698915.000000
1699673.000000
1700432.000000
1701204.000000
1701976.000000
1702742.000000
1703503.000000
1704264.000000
1705037.000000
1705818.000000
1706589.000000
1707367.000000
1708159.000000
1708969.000000
1709783.000000
1710574.000000
1711349.000000
1712118.000000
1712872.000000
1713627.000000
1714388.000000
1715141.000000
1715894.000000
1716647.000000
1717406.000000
1718159.000000
1718902.000000
1719629.000000
1720359.000000
1721085.000000
1721817.000000
1722555.000000
1723291.000000
1724033.000000
1724790.000000
1725558.000000
1726326.000000
1727077.000000
1727824.000000
1728572.000000
1729323.000000
1730075.000000
1730823.000000
1731564.000000
1732308.000000
1733068.000000
1733827.000000
1734586.000000
1735345.000000
1736110.000000
1736887.000000
1737667.000000
1738426.000000
1739173.000000
1739934.000000
1740707.000000
1741501.000000
1742289.000000
1743059.000000
1743833.000000
1744626.000000
1745435.000000
1746237.000000
1747022.000000
1747785.000000
1748544.000000
1749287.000000
1750037.000000
1750785.000000
1751530.000000
1752293.000000
1753061.000000
1753837.000000
1754592.000000
1755346.000000
1756101.000000
1756851.000000
1757592.000000
1758323.000000
1759063.000000
1759802.000000
1760549.000000
1761296.000000
1762031.000000
1762756.000000
1763492.000000
1764231.000000
1764978.000000
1765718.000000
1766453.000000
1767187.000000
1767929.000000
1768672.000000
1769404.000000
1770130.000000
1770864.000000
1771617.000000
1772367.000000
1773112.000000
1773839.000000
1774569.000000
1775294.000000
1776022.000000
1776750.000000
1777471.000000
1778199.000000
1778939.000000
1779714.000000
1780500.000000
1781262.000000
1782014.000000
1782766.000000
1783522.000000
1784262.000000
1784989.000000
1785719.000000
1786457.000000
1787198.000000
1787951.000000
1788693.000000
1789424.000000
1790153.000000
1790880.000000
1791604.000000
1792312.000000
1793010.000000
1793716.000000
1794427.000000
1795147.000000
1795866.000000
1796587.000000
1797319.000000
1798061.000000
1798803.000000
1799529.000000
1800239.000000
1800953.000000
