Peaks (s)
711.000000
1447.000000
2163.000000
2926.000000
3733.000000
4496.000000
5255.000000
6057.000000
6858.000000
7608.000000
8422.000000
9287.000000
10076.000000
10837.000000
11611.000000
12371.000000
13094.000000
13909.000000
14795.000000
15655.000000
16502.000000
17399.000000
18246.000000
18975.000000
19709.000000
20454.000000
21238.000000
21981.000000
22774.000000
23653.000000
24490.000000
25305.000000
26128.000000
26878.000000
27571.000000
28285.000000
29029.000000
29831.000000
30572.000000
31329.000000
32150.000000
33002.000000
33835.000000
34593.000000
35375.000000
36199.000000
36995.000000
37751.000000
38566.000000
39437.000000
40313.000000
41137.000000
41998.000000
42866.000000
43646.000000
44391.000000
45165.000000
45983.000000
46798.000000
47578.000000
48419.000000
49274.000000
50107.000000
50879.000000
51707.000000
52562.000000
53374.000000
54138.000000
54958.000000
55806.000000
56617.000000
57403.000000
58258.000000
59164.000000
59950.000000
60629.000000
61292.000000
61985.000000
62742.000000
63614.000000
64456.000000
65332.000000
66253.000000
67147.000000
67954.000000
68775.000000
69623.000000
70385.000000
71106.000000
71851.000000
72659.000000
73472.000000
74358.000000
75297.000000
76235.000000
77104.000000
77994.000000
78883.000000
79659.000000
80443.000000
81253.000000
82071.000000
82851.000000
83719.000000
84659.000000
85597.000000
86452.000000
87284.000000
88106.000000
88916.000000
89664.000000
90457.000000
91329.000000
92265.000000
93168.000000
94043.000000
94918.000000
95779.000000
96546.000000
97262.000000
97998.000000
98761.000000
99533.000000
100306.000000
101158.000000
102092.000000
103040.000000
103914.000000
104777.000000
105655.000000
106564.000000
107425.000000
108184.000000
108937.000000
109743.000000
110608.000000
111430.000000
112299.000000
113265.000000
114186.000000
115016.000000
115889.000000
116743.000000
117500.000000
118270.000000
119098.000000
119996.000000
120829.000000
121743.000000
122680.000000
123582.000000
124390.000000
125211.000000
126062.000000
126937.000000
127744.000000
128599.000000
129518.000000
130371.000000
131184.000000
131995.000000
132819.000000
133571.000000
134328.000000
135155.000000
136014.000000
136849.000000
137742.000000
138681.000000
139596.000000
140406.000000
141204.000000
142026.000000
142856.000000
143638.000000
144407.000000
145249.000000
146161.000000
146974.000000
147751.000000
148549.000000
149396.000000
150248.000000
151051.000000
151904.000000
152826.000000
153667.000000
154491.000000
155331.000000
156081.000000
156774.000000
157474.000000
158130.000000
158839.000000
159621.000000
160397.000000
161220.000000
162145.000000
163055.000000
163868.000000
164694.000000
165487.000000
166199.000000
166921.000000
167690.000000
168506.000000
169262.000000
170073.000000
170957.000000
171778.000000
172541.000000
173332.000000
174158.000000
174919.000000
175670.000000
176480.000000
177331.000000
178132.000000
178938.000000
179819.000000
180734.000000
181523.000000
182304.000000
183086.000000
183828.000000
184558.000000
185360.000000
186262.000000
187159.000000
188025.000000
188911.000000
189777.000000
190565.000000
191365.000000
192161.000000
192886.000000
193605.000000
194369.000000
195169.000000
195919.000000
196725.000000
197630.000000
198524.000000
199319.000000
200107.000000
200932.000000
201709.000000
202460.000000
203260.000000
204126.000000
204945.000000
205750.000000
206570.000000
207369.000000
208101.000000
208864.000000
209667.000000
210449.000000
211173.000000
211915.000000
212702.000000
213473.000000
214213.000000
214987.000000
215800.000000
216566.000000
217323.000000
218117.000000
218946.000000
219686.000000
220383.000000
221093.000000
221817.000000
222537.000000
223279.000000
224121.000000
225036.000000
225931.000000
226770.000000
227625.000000
228411.000000
229122.000000
229843.000000
230597.000000
231357.000000
232050.000000
232732.000000
233377.000000
234109.000000
234969.000000
235764.000000
236530.000000
237327.000000
238136.000000
238888.000000
239610.000000
240373.000000
241188.000000
241995.000000
242740.000000
243502.000000
244312.000000
245106.000000
245838.000000
246606.000000
247387.000000
248132.000000
248820.000000
249525.000000
250265.000000
251054.000000
251842.000000
252598.000000
253406.000000
254261.000000
255069.000000
255822.000000
256606.000000
257391.000000
258162.000000
258893.000000
259671.000000
260486.000000
261281.000000
262021.000000
262784.000000
263618.000000
264435.000000
265201.000000
265988.000000
266790.000000
267561.000000
268308.000000
269072.000000
269888.000000
270732.000000
271504.000000
272269.000000
273048.000000
273835.000000
274574.000000
275337.000000
276131.000000
276954.000000
277704.000000
278487.000000
279300.000000
280084.000000
280816.000000
281588.000000
282394.000000
283152.000000
283874.000000
284655.000000
285450.000000
286195.000000
286912.000000
287655.000000
288425.000000
289176.000000
289902.000000
290669.000000
291473.000000
292224.000000
292962.000000
293724.000000
294494.000000
295228.000000
295964.000000
296748.000000
297539.000000
298260.000000
298981.000000
299726.000000
300487.000000
301180.000000
301897.000000
302666.000000
303441.000000
304174.000000
304944.000000
305768.000000
306600.000000
307354.000000
308114.000000
308893.000000
309639.000000
310346.000000
311075.000000
311841.000000
312570.000000
313294.000000
314051.000000
314823.000000
315554.000000
316280.000000
317073.000000
317891.000000
318654.000000
319363.000000
320094.000000
320851.000000
321568.000000
322282.000000
323067.000000
323974.000000
324871.000000
325670.000000
326515.000000
327366.000000
328114.000000
328857.000000
329617.000000
330405.000000
331182.000000
331958.000000
332831.000000
333800.000000
334675.000000
335476.000000
336308.000000
337168.000000
337943.000000
338709.000000
339510.000000
340355.000000
341140.000000
341961.000000
342806.000000
343622.000000
344380.000000
345179.000000
346004.000000
346778.000000
347512.000000
348275.000000
349088.000000
349879.000000
350615.000000
351404.000000
352223.000000
352979.000000
353721.000000
354498.000000
355319.000000
356093.000000
356859.000000
357678.000000
358528.000000
359300.000000
360051.000000
360827.000000
361648.000000
362411.000000
363155.000000
363934.000000
364751.000000
365556.000000
366311.000000
367099.000000
367900.000000
368645.000000
369357.000000
370074.000000
370816.000000
371583.000000
372363.000000
373119.000000
373952.000000
374748.000000
375459.000000
376151.000000
376824.000000
377519.000000
378255.000000
379016.000000
379766.000000
380461.000000
381201.000000
381940.000000
382699.000000
383470.000000
384227.000000
385011.000000
385841.000000
386699.000000
387494.000000
388269.000000
389073.000000
389890.000000
390674.000000
391425.000000
392208.000000
393003.000000
393836.000000
394634.000000
395455.000000
396335.000000
397245.000000
398172.000000
399008.000000
399819.000000
400648.000000
401496.000000
402328.000000
403124.000000
403987.000000
404885.000000
405770.000000
406585.000000
407434.000000
408328.000000
409221.000000
410015.000000
410822.000000
411651.000000
412453.000000
413205.000000
414057.000000
414937.000000
415777.000000
416558.000000
417375.000000
418233.000000
419113.000000
419902.000000
420715.000000
421530.000000
422292.000000
423025.000000
423784.000000
424568.000000
425398.000000
426175.000000
426964.000000
427811.000000
428701.000000
429503.000000
430309.000000
431143.000000
431997.000000
432768.000000
433533.000000
434332.000000
435188.000000
436025.000000
436800.000000
437621.000000
438492.000000
439339.000000
440110.000000
440914.000000
441739.000000
442530.000000
443270.000000
444029.000000
444840.000000
445643.000000
446386.000000
447119.000000
447876.000000
448656.000000
449395.000000
450137.000000
450954.000000
451827.000000
452623.000000
453385.000000
454186.000000
454996.000000
455735.000000
456469.000000
457234.000000
458059.000000
458930.000000
459710.000000
460471.000000
461272.000000
462084.000000
462881.000000
463616.000000
464377.000000
465161.000000
466003.000000
466814.000000
467622.000000
468466.000000
469329.000000
470130.000000
470897.000000
471708.000000
472560.000000
473329.000000
474051.000000
474820.000000
475637.000000
476495.000000
477305.000000
478173.000000
479099.000000
479962.000000
480774.000000
481608.000000
482438.000000
483211.000000
483973.000000
484792.000000
485665.000000
486551.000000
487344.000000
488156.000000
488965.000000
489761.000000
490512.000000
491293.000000
492131.000000
492955.000000
493722.000000
494540.000000
495410.000000
496264.000000
497068.000000
497889.000000
498717.000000
499476.000000
500209.000000
501004.000000
501858.000000
502734.000000
503575.000000
504474.000000
505413.000000
506291.000000
507147.000000
508016.000000
508882.000000
509690.000000
510508.000000
511395.000000
512311.000000
513126.000000
513928.000000
514780.000000
515660.000000
516497.000000
517273.000000
518093.000000
518954.000000
519835.000000
520629.000000
521418.000000
522236.000000
523092.000000
523858.000000
524615.000000
525391.000000
526212.000000
527011.000000
527819.000000
528717.000000
529659.000000
530556.000000
531391.000000
532243.000000
533117.000000
533977.000000
534752.000000
535547.000000
536353.000000
537092.000000
537845.000000
538645.000000
539460.000000
540253.000000
541094.000000
541989.000000
542885.000000
543675.000000
544492.000000
545350.000000
546129.000000
546854.000000
547596.000000
548350.000000
549102.000000
549844.000000
550681.000000
551598.000000
552487.000000
553312.000000
554169.000000
554998.000000
555732.000000
556415.000000
557121.000000
557869.000000
558652.000000
559429.000000
560236.000000
561139.000000
562082.000000
562987.000000
563784.000000
564593.000000
565412.000000
566184.000000
566933.000000
567725.000000
568545.000000
569324.000000
570054.000000
570807.000000
571588.000000
572368.000000
573105.000000
573882.000000
574682.000000
575469.000000
576200.000000
576938.000000
577685.000000
578429.000000
579137.000000
579806.000000
580464.000000
581172.000000
581968.000000
582833.000000
583739.000000
584641.000000
585464.000000
586267.000000
587045.000000
587833.000000
588628.000000
589356.000000
590101.000000
590891.000000
591717.000000
592526.000000
593274.000000
594047.000000
594845.000000
595642.000000
596396.000000
597154.000000
597972.000000
598852.000000
599726.000000
600491.000000
601255.000000
602050.000000
602860.000000
603630.000000
604381.000000
605173.000000
605990.000000
606836.000000
607592.000000
608337.000000
609117.000000
609927.000000
610705.000000
611461.000000
612259.000000
613105.000000
613942.000000
614721.000000
615518.000000
616342.000000
617142.000000
617872.000000
618625.000000
619389.000000
620169.000000
620884.000000
621592.000000
622370.000000
623196.000000
623988.000000
624721.000000
625480.000000
626269.000000
627095.000000
627863.000000
628594.000000
629364.000000
630157.000000
630906.000000
631635.000000
632396.000000
633191.000000
633962.000000
634698.000000
635455.000000
636168.000000
636843.000000
637528.000000
638243.000000
638941.000000
639669.000000
640441.000000
