Peaks (s)
892.000000
2041.000000
3210.000000
4430.000000
5660.000000
6897.000000
8123.000000
9333.000000
10488.000000
11617.000000
12807.000000
14052.000000
15308.000000
16455.000000
17638.000000
18847.000000
20047.000000
21222.000000
22348.000000
23454.000000
24689.000000
25886.000000
26909.000000
28014.000000
29126.000000
30318.000000
31604.000000
32891.000000
34156.000000
35351.000000
36533.000000
37797.000000
39070.000000
40282.000000
41433.000000
42650.000000
43887.000000
45075.000000
46254.000000
47338.000000
48508.000000
49730.000000
50946.000000
52148.000000
53304.000000
54442.000000
55619.000000
56868.000000
58127.000000
59356.000000
60539.000000
61642.000000
62787.000000
63960.000000
65151.000000
66327.000000
67472.000000
68683.000000
69915.000000
71122.000000
72304.000000
73452.000000
74587.000000
75783.000000
76999.000000
78212.000000
79396.000000
80544.000000
81641.000000
82758.000000
83902.000000
85019.000000
86032.000000
87179.000000
88379.000000
89545.000000
90684.000000
91842.000000
93062.000000
94274.000000
95479.000000
96672.000000
97820.000000
98997.000000
100216.000000
101400.000000
102582.000000
103727.000000
104865.000000
106068.000000
107303.000000
108547.000000
109722.000000
110844.000000
111976.000000
113207.000000
114432.000000
115645.000000
116835.000000
118012.000000
119124.000000
120351.000000
121609.000000
122843.000000
124055.000000
125195.000000
126343.000000
127578.000000
128790.000000
129947.000000
131091.000000
132300.000000
133536.000000
134771.000000
135953.000000
137077.000000
138200.000000
139359.000000
140577.000000
141820.000000
143047.000000
144215.000000
145326.000000
146444.000000
147609.000000
148882.000000
150167.000000
151421.000000
152648.000000
153806.000000
154904.000000
156010.000000
157166.000000
158399.000000
159639.000000
160874.000000
162088.000000
163250.000000
164355.000000
165461.000000
166592.000000
167791.000000
169038.000000
170276.000000
171501.000000
172676.000000
173772.000000
174851.000000
175971.000000
177187.000000
178435.000000
179656.000000
180861.000000
182031.000000
183158.000000
184264.000000
185408.000000
186602.000000
187798.000000
188991.000000
190178.000000
191354.000000
192484.000000
193611.000000
194778.000000
195999.000000
197228.000000
198434.000000
199600.000000
200705.000000
201798.000000
202922.000000
204143.000000
205405.000000
206646.000000
207853.000000
209068.000000
210202.000000
211336.000000
212494.000000
213749.000000
214979.000000
216195.000000
217410.000000
218570.000000
219680.000000
220823.000000
222046.000000
223302.000000
224589.000000
225843.000000
227062.000000
228131.000000
229202.000000
230347.000000
231642.000000
232965.000000
234248.000000
235502.000000
236716.000000
237865.000000
239002.000000
240235.000000
241491.000000
242753.000000
243997.000000
245182.000000
246290.000000
247424.000000
248633.000000
249902.000000
251147.000000
252386.000000
253599.000000
254746.000000
255863.000000
257009.000000
257992.000000
258973.000000
260112.000000
261217.000000
262391.000000
263680.000000
264961.000000
266089.000000
267155.000000
268298.000000
269427.000000
270479.000000
271561.000000
272790.000000
274022.000000
275253.000000
276462.000000
277590.000000
278693.000000
279808.000000
280944.000000
282189.000000
283404.000000
284652.000000
285871.000000
287089.000000
288243.000000
289303.000000
290390.000000
291550.000000
292750.000000
293936.000000
295079.000000
296166.000000
297318.000000
298493.000000
299668.000000
300825.000000
301917.000000
303008.000000
304172.000000
305282.000000
306445.000000
307618.000000
308784.000000
309908.000000
310978.000000
312106.000000
313259.000000
314397.000000
315556.000000
316587.000000
317622.000000
318714.000000
319730.000000
320725.000000
321841.000000
323020.000000
324184.000000
325276.000000
326407.000000
327635.000000
328900.000000
330148.000000
331371.000000
332526.000000
333662.000000
334837.000000
336123.000000
337387.000000
338602.000000
339726.000000
340892.000000
342151.000000
343416.000000
344651.000000
345846.000000
346959.000000
348100.000000
349292.000000
350611.000000
351936.000000
353215.000000
354469.000000
355638.000000
356757.000000
357961.000000
359215.000000
360473.000000
361725.000000
362923.000000
364050.000000
365250.000000
366469.000000
367702.000000
368914.000000
370064.000000
371163.000000
372290.000000
373520.000000
374798.000000
376071.000000
377302.000000
378472.000000
379611.000000
380795.000000
382073.000000
383383.000000
384647.000000
385879.000000
387042.000000
388183.000000
389392.000000
390635.000000
391867.000000
393074.000000
394203.000000
395352.000000
396567.000000
397785.000000
398997.000000
400156.000000
401263.000000
402419.000000
403617.000000
404820.000000
406023.000000
407208.000000
408319.000000
409414.000000
410535.000000
411716.000000
412934.000000
414128.000000
415317.000000
416470.000000
417583.000000
418667.000000
419789.000000
420970.000000
422188.000000
423397.000000
424604.000000
425804.000000
426954.000000
428051.000000
429162.000000
430294.000000
431519.000000
432747.000000
433961.000000
435173.000000
436341.000000
437439.000000
438501.000000
439576.000000
440708.000000
441923.000000
443164.000000
444401.000000
445633.000000
446841.000000
448015.000000
449135.000000
450220.000000
451292.000000
452361.000000
453632.000000
454993.000000
456293.000000
457587.000000
458853.000000
460091.000000
461332.000000
462515.000000
463604.000000
464642.000000
465725.000000
466941.000000
468256.000000
469535.000000
470784.000000
472021.000000
473244.000000
474441.000000
475601.000000
476716.000000
477755.000000
478786.000000
479868.000000
480980.000000
482147.000000
483222.000000
484211.000000
485292.000000
486393.000000
487512.000000
488667.000000
489874.000000
491107.000000
492337.000000
493530.000000
494683.000000
495809.000000
496989.000000
498220.000000
499442.000000
500656.000000
501877.000000
503094.000000
504301.000000
505444.000000
506564.000000
507741.000000
508988.000000
510250.000000
511487.000000
512722.000000
513929.000000
515057.000000
516199.000000
517403.000000
518667.000000
519925.000000
521168.000000
522384.000000
523519.000000
524651.000000
525846.000000
527081.000000
528311.000000
529541.000000
530732.000000
531865.000000
532980.000000
534146.000000
535383.000000
536613.000000
537813.000000
538918.000000
540076.000000
541285.000000
542512.000000
543732.000000
544935.000000
546094.000000
547194.000000
548306.000000
549497.000000
550733.000000
551947.000000
553169.000000
554352.000000
555494.000000
556644.000000
557844.000000
559105.000000
560384.000000
561671.000000
562937.000000
564175.000000
565405.000000
566591.000000
567727.000000
568857.000000
570040.000000
571270.000000
572479.000000
573673.000000
574832.000000
575937.000000
577020.000000
578095.000000
579253.000000
580461.000000
581675.000000
582884.000000
584081.000000
585218.000000
586313.000000
587417.000000
588567.000000
589782.000000
590997.000000
592226.000000
593427.000000
594602.000000
595682.000000
596788.000000
597967.000000
599176.000000
600340.000000
601425.000000
602523.000000
603613.000000
604587.000000
605583.000000
606650.000000
607794.000000
609104.000000
610411.000000
611719.000000
612971.000000
614163.000000
615416.000000
616686.000000
617919.000000
619101.000000
620348.000000
621648.000000
622952.000000
624249.000000
625507.000000
626697.000000
627896.000000
629147.000000
630417.000000
631664.000000
632888.000000
634041.000000
635199.000000
636434.000000
637697.000000
638948.000000
640184.000000
641408.000000
642555.000000
643700.000000
644898.000000
646182.000000
647440.000000
648713.000000
649909.000000
651054.000000
652267.000000
653511.000000
654758.000000
655973.000000
657107.000000
658268.000000
659496.000000
660784.000000
662068.000000
663344.000000
664597.000000
665796.000000
666931.000000
668106.000000
669381.000000
670633.000000
671883.000000
673113.000000
674305.000000
675446.000000
676620.000000
677876.000000
679131.000000
680366.000000
681592.000000
682740.000000
683859.000000
685043.000000
686269.000000
687534.000000
688771.000000
689995.000000
691189.000000
692334.000000
693468.000000
694644.000000
695897.000000
697178.000000
698448.000000
699722.000000
700941.000000
702067.000000
703203.000000
704404.000000
705634.000000
706879.000000
708093.000000
709216.000000
710359.000000
711574.000000
712804.000000
714012.000000
715135.000000
716316.000000
717548.000000
718784.000000
719953.000000
721062.000000
722196.000000
723403.000000
724624.000000
725840.000000
727020.000000
728134.000000
729324.000000
730556.000000
731788.000000
732970.000000
734069.000000
735192.000000
736409.000000
737637.000000
738839.000000
740033.000000
741188.000000
742280.000000
743380.000000
744562.000000
745817.000000
747053.000000
748238.000000
749380.000000
750505.000000
751708.000000
752932.000000
754151.000000
755347.000000
756515.000000
757632.000000
758795.000000
760027.000000
761244.000000
762459.000000
763590.000000
764771.000000
766024.000000
767299.000000
768547.000000
769795.000000
771012.000000
772165.000000
773316.000000
774505.000000
775746.000000
776994.000000
778232.000000
779471.000000
780695.000000
781815.000000
782921.000000
784114.000000
785188.000000
786192.000000
787271.000000
788362.000000
789552.000000
790841.000000
792104.000000
793370.000000
794597.000000
795788.000000
796976.000000
798234.000000
799532.000000
800804.000000
802060.000000
803276.000000
804442.000000
805615.000000
806858.000000
808101.000000
809325.000000
810552.000000
811745.000000
812877.000000
814012.000000
815210.000000
816409.000000
817611.000000
818781.000000
819890.000000
820983.000000
822156.000000
823401.000000
824644.000000
825843.000000
826976.000000
828189.000000
829422.000000
830593.000000
831714.000000
832920.000000
834151.000000
835382.000000
836524.000000
837657.000000
838851.000000
840076.000000
841235.000000
842373.000000
843555.000000
844829.000000
846100.000000
847336.000000
848555.000000
849698.000000
850815.000000
852010.000000
853280.000000
854551.000000
855804.000000
857040.000000
858263.000000
859523.000000
860845.000000
862143.000000
863402.000000
864661.000000
865888.000000
867028.000000
868179.000000
869401.000000
870646.000000
871885.000000
873047.000000
874176.000000
875305.000000
876502.000000
877740.000000
878982.000000
880215.000000
881445.000000
882618.000000
883738.000000
884912.000000
886135.000000
887350.000000
888547.000000
889718.000000
890840.000000
891984.000000
893215.000000
894446.000000
895668.000000
896831.000000
897927.000000
899038.000000
900255.000000
901508.000000
902739.000000
903935.000000
905063.000000
906214.000000
907472.000000
908701.000000
909922.000000
911138.000000
912296.000000
913450.000000
914626.000000
915864.000000
917084.000000
918311.000000
919513.000000
920658.000000
921753.000000
922863.000000
924038.000000
925263.000000
926486.000000
927661.000000
928809.000000
929941.000000
931103.000000
932320.000000
933575.000000
934813.000000
936037.000000
937217.000000
938325.000000
939449.000000
940666.000000
941883.000000
943094.000000
944285.000000
945454.000000
946558.000000
947675.000000
948805.000000
949946.000000
951163.000000
952481.000000
953797.000000
955127.000000
956455.000000
957760.000000
959034.000000
960288.000000
961520.000000
962713.000000
963845.000000
964978.000000
966142.000000
967386.000000
968669.000000
969930.000000
971174.000000
972389.000000
973548.000000
974677.000000
975832.000000
977047.000000
978291.000000
979544.000000
980779.000000
981993.000000
983199.000000
984334.000000
985417.000000
986532.000000
987717.000000
988947.000000
990184.000000
991400.000000
992628.000000
993820.000000
994941.000000
996056.000000
997195.000000
998387.000000
999595.000000
1000823.000000
1002059.000000
1003244.000000
1004381.000000
1005471.000000
1006584.000000
1007754.000000
1008985.000000
1010196.000000
1011413.000000
1012604.000000
1013751.000000
1014847.000000
1015956.000000
1017103.000000
1018346.000000
1019587.000000
1020831.000000
1022066.000000
1023255.000000
1024340.000000
1025449.000000
1026538.000000
1027515.000000
1028495.000000
1029563.000000
1030692.000000
1031935.000000
1033212.000000
1034492.000000
1035727.000000
1036916.000000
1038068.000000
1039253.000000
1040526.000000
1041811.000000
1043070.000000
1044326.000000
1045534.000000
1046672.000000
1047792.000000
1049032.000000
1050297.000000
1051546.000000
1052793.000000
1053968.000000
1055082.000000
1056242.000000
1057484.000000
1058770.000000
1060028.000000
1061269.000000
1062458.000000
1063590.000000
1064713.000000
1065870.000000
1067125.000000
1068411.000000
1069678.000000
1070930.000000
1072181.000000
1073361.000000
1074483.000000
1075633.000000
1076826.000000
1078052.000000
1079293.000000
1080516.000000
1081703.000000
1082864.000000
1083963.000000
1085078.000000
1086290.000000
1087539.000000
1088763.000000
1089958.000000
1091107.000000
1092327.000000
1093574.000000
1094744.000000
1095860.000000
1096981.000000
1098149.000000
1099419.000000
1100695.000000
1101939.000000
1103182.000000
1104437.000000
1105637.000000
1106779.000000
1107935.000000
1109154.000000
1110443.000000
1111718.000000
1112974.000000
1114209.000000
1115419.000000
1116551.000000
1117684.000000
1118877.000000
1120143.000000
1121399.000000
1122622.000000
1123831.000000
1124995.000000
1126110.000000
1127278.000000
1128495.000000
1129760.000000
1131001.000000
1132235.000000
1133454.000000
1134610.000000
1135737.000000
1136890.000000
1138143.000000
1139442.000000
1140724.000000
1141980.000000
1143226.000000
1144436.000000
1145559.000000
1146690.000000
1147848.000000
1149081.000000
1150354.000000
1151615.000000
1152863.000000
1154083.000000
1155310.000000
1156457.000000
1157611.000000
1158795.000000
1159953.000000
1161100.000000
1162197.000000
1163297.000000
1164440.000000
1165667.000000
1166915.000000
1168041.000000
1169049.000000
1170086.000000
1171138.000000
1172247.000000
1173462.000000
1174732.000000
1176022.000000
1177287.000000
1178525.000000
1179739.000000
1180906.000000
1182032.000000
1183261.000000
1184498.000000
1185750.000000
1186973.000000
1188134.000000
1189332.000000
1190596.000000
1191881.000000
1193133.000000
1194358.000000
1195499.000000
1196618.000000
1197763.000000
1199008.000000
1200246.000000
1201476.000000
1202659.000000
1203819.000000
1205008.000000
1206176.000000
1207316.000000
1208441.000000
1209500.000000
1210556.000000
1211643.000000
1212784.000000
1214006.000000
1215247.000000
1216482.000000
1217704.000000
1218909.000000
1220057.000000
1221160.000000
1222267.000000
1223471.000000
1224691.000000
1225888.000000
1227008.000000
1228085.000000
1229197.000000
1230250.000000
1231350.000000
1232475.000000
1233530.000000
1234667.000000
1235859.000000
1236960.000000
1238028.000000
1239131.000000
1240399.000000
1241664.000000
1242923.000000
1244180.000000
1245464.000000
1246686.000000
1247831.000000
1248991.000000
1250255.000000
1251540.000000
1252824.000000
1254108.000000
1255336.000000
1256525.000000
1257711.000000
1258937.000000
1260225.000000
1261501.000000
1262772.000000
1263997.000000
1265168.000000
1266303.000000
1267474.000000
1268702.000000
1269970.000000
1271243.000000
1272473.000000
1273700.000000
1274862.000000
1275989.000000
1277162.000000
1278405.000000
1279663.000000
1280903.000000
1282136.000000
1283336.000000
1284462.000000
1285549.000000
1286714.000000
1287969.000000
1289222.000000
1290476.000000
1291686.000000
1292825.000000
1293977.000000
1295192.000000
1296418.000000
1297628.000000
1298874.000000
1300055.000000
1301161.000000
1302268.000000
1303499.000000
1304618.000000
1305631.000000
1306772.000000
1307970.000000
1309159.000000
1310318.000000
1311489.000000
1312712.000000
1313945.000000
1315054.000000
1316079.000000
1317172.000000
1318346.000000
1319465.000000
1320594.000000
1321812.000000
1323039.000000
1324200.000000
1325369.000000
1326589.000000
1327858.000000
1329124.000000
1330374.000000
1331596.000000
1332756.000000
1333908.000000
1335086.000000
1336322.000000
1337593.000000
1338827.000000
1340052.000000
1341272.000000
1342436.000000
1343554.000000
1344683.000000
1345880.000000
1347131.000000
1348384.000000
1349620.000000
1350842.000000
1352040.000000
1353218.000000
1354317.000000
1355434.000000
1356614.000000
1357843.000000
1359059.000000
1360257.000000
1361372.000000
1362439.000000
1363536.000000
1364690.000000
1365928.000000
1367161.000000
1368297.000000
1369384.000000
1370533.000000
1371785.000000
1373050.000000
1374299.000000
1375530.000000
1376733.000000
1377851.000000
1378950.000000
1380154.000000
1381430.000000
1382714.000000
1383964.000000
1385186.000000
1386342.000000
1387496.000000
1388749.000000
1389991.000000
1391210.000000
1392341.000000
1393490.000000
1394739.000000
1395983.000000
1397204.000000
1398391.000000
1399525.000000
1400691.000000
1401921.000000
1402979.000000
1403993.000000
1405109.000000
1406276.000000
1407351.000000
1408430.000000
1409564.000000
1410781.000000
1412028.000000
1413260.000000
1414482.000000
1415684.000000
1416836.000000
1417904.000000
1418984.000000
1420161.000000
1421396.000000
1422661.000000
1423927.000000
1425175.000000
1426396.000000
1427539.000000
1428667.000000
1429799.000000
1430970.000000
1432232.000000
1433483.000000
1434698.000000
1435899.000000
1437094.000000
1438230.000000
1439292.000000
1440366.000000
1441464.000000
1442494.000000
1443477.000000
1444550.000000
1445638.000000
1446750.000000
1447929.000000
1449190.000000
1450464.000000
1451699.000000
1452923.000000
1454097.000000
1455199.000000
1456318.000000
1457505.000000
1458771.000000
1460056.000000
1461316.000000
1462569.000000
1463782.000000
1464937.000000
1466057.000000
1467193.000000
1468412.000000
1469666.000000
1470926.000000
1472169.000000
1473410.000000
1474614.000000
1475752.000000
1476848.000000
1477986.000000
1479191.000000
1480440.000000
1481693.000000
1482924.000000
1484162.000000
1485353.000000
1486483.000000
1487609.000000
1488824.000000
1490068.000000
1491328.000000
1492574.000000
1493798.000000
1494971.000000
1496096.000000
1497230.000000
1498396.000000
1499628.000000
1500866.000000
1502115.000000
1503332.000000
1504531.000000
1505653.000000
1506748.000000
1507862.000000
1509050.000000
1510280.000000
1511519.000000
1512736.000000
1513936.000000
1515136.000000
1516279.000000
1517378.000000
1518513.000000
1519721.000000
1520982.000000
1522238.000000
1523480.000000
1524701.000000
1525894.000000
1527037.000000
1528154.000000
1529293.000000
1530478.000000
1531724.000000
1532986.000000
1534225.000000
1535422.000000
1536543.000000
1537592.000000
1538675.000000
1539870.000000
1541110.000000
1542351.000000
1543554.000000
1544719.000000
1545834.000000
1546925.000000
1548063.000000
1549245.000000
1550433.000000
1551600.000000
1552725.000000
1553784.000000
1554845.000000
1555963.000000
1557183.000000
1558401.000000
1559619.000000
1560806.000000
1561908.000000
1562994.000000
1564149.000000
1565341.000000
1566499.000000
1567641.000000
1568736.000000
1569768.000000
1570815.000000
1571926.000000
1573054.000000
1574177.000000
1575297.000000
1576406.000000
1577502.000000
1578680.000000
1579889.000000
1581069.000000
1582239.000000
1583349.000000
1584462.000000
1585619.000000
1586803.000000
1587982.000000
1589119.000000
1590204.000000
1591276.000000
1592254.000000
1593223.000000
1594355.000000
1595545.000000
1596748.000000
1597900.000000
1599016.000000
1600142.000000
1601350.000000
1602595.000000
1603829.000000
1605042.000000
1606228.000000
1607321.000000
1608457.000000
1609661.000000
1610865.000000
1612050.000000
1613159.000000
1614254.000000
1615396.000000
1616643.000000
1617894.000000
1619129.000000
1620354.000000
1621556.000000
1622675.000000
1623780.000000
1624931.000000
1626149.000000
1627406.000000
1628633.000000
1629814.000000
1630945.000000
1632135.000000
1633340.000000
1634489.000000
1635583.000000
1636731.000000
1637934.000000
1639168.000000
1640369.000000
1641510.000000
1642586.000000
1643663.000000
1644787.000000
1645970.000000
1647182.000000
1648404.000000
1649624.000000
1650835.000000
1652034.000000
1653230.000000
1654372.000000
1655475.000000
1656598.000000
1657795.000000
1659060.000000
1660325.000000
1661557.000000
1662782.000000
1663948.000000
1665026.000000
1666085.000000
1667202.000000
1668567.000000
1669934.000000
1671265.000000
1672584.000000
1673887.000000
1675153.000000
1676355.000000
1677540.000000
1678769.000000
1680049.000000
1681334.000000
1682589.000000
1683837.000000
1685068.000000
1686237.000000
1687371.000000
1688534.000000
1689731.000000
1690942.000000
1692170.000000
1693384.000000
1694603.000000
1695767.000000
1696834.000000
1697905.000000
1699038.000000
1700237.000000
1701425.000000
1702620.000000
1703798.000000
1704972.000000
1706082.000000
1707094.000000
1708123.000000
1709235.000000
1710328.000000
1711415.000000
1712538.000000
1713675.000000
1714854.000000
1716089.000000
1717350.000000
1718570.000000
1719790.000000
1720997.000000
1722190.000000
1723382.000000
1724558.000000
1725713.000000
1726826.000000
1727918.000000
1729086.000000
1730301.000000
1731507.000000
1732717.000000
1733933.000000
1735095.000000
1736203.000000
1737333.000000
1738536.000000
1739826.000000
1741129.000000
1742406.000000
1743656.000000
1744880.000000
1745998.000000
1747114.000000
1748253.000000
1749432.000000
1750664.000000
1751890.000000
1753105.000000
1754299.000000
1755499.000000
1756681.000000
1757805.000000
1758900.000000
1760020.000000
1761214.000000
1762452.000000
1763686.000000
1764906.000000
1766123.000000
1767312.000000
1768467.000000
1769595.000000
1770717.000000
1771867.000000
1773094.000000
1774357.000000
1775585.000000
1776798.000000
1777981.000000
1779137.000000
1780221.000000
1781328.000000
1782503.000000
1783724.000000
1785008.000000
1786267.000000
1787527.000000
1788783.000000
1790026.000000
1791225.000000
1792396.000000
1793586.000000
1794808.000000
1796076.000000
1797336.000000
1798557.000000
