Peaks (s)
896.000000
1832.000000
2790.000000
3697.000000
4666.000000
5629.000000
6474.000000
7254.000000
8077.000000
9053.000000
10033.000000
10989.000000
11889.000000
12912.000000
13951.000000
14964.000000
15992.000000
16883.000000
17689.000000
18461.000000
19275.000000
20262.000000
21323.000000
22341.000000
23320.000000
24279.000000
25230.000000
26125.000000
26968.000000
27875.000000
28755.000000
29617.000000
30544.000000
31541.000000
32454.000000
33405.000000
34335.000000
35174.000000
35985.000000
36842.000000
37384.000000
38455.000000
39157.000000
39820.000000
40509.000000
41503.000000
42436.000000
43440.000000
44457.000000
45540.000000
46573.000000
47467.000000
48351.000000
49238.000000
50108.000000
50925.000000
51811.000000
52991.000000
54076.000000
55072.000000
56088.000000
57113.000000
58022.000000
58872.000000
59826.000000
60840.000000
61886.000000
62904.000000
63929.000000
64935.000000
65872.000000
66743.000000
67667.000000
68594.000000
69495.000000
70377.000000
71336.000000
72385.000000
73336.000000
74211.000000
75205.000000
76224.000000
77207.000000
78138.000000
79093.000000
80003.000000
80910.000000
81853.000000
82745.000000
83567.000000
84451.000000
85425.000000
86370.000000
87317.000000
88355.000000
89305.000000
90154.000000
91080.000000
92018.000000
92876.000000
93638.000000
94399.000000
95150.000000
96238.000000
97239.000000
98155.000000
99062.000000
100000.000000
100919.000000
101776.000000
102622.000000
103491.000000
104386.000000
105250.000000
106205.000000
107267.000000
108260.000000
109207.000000
110217.000000
111167.000000
112054.000000
112915.000000
113838.000000
114814.000000
115728.000000
116600.000000
117616.000000
118646.000000
119559.000000
120600.000000
121535.000000
122485.000000
123472.000000
124430.000000
125313.000000
126195.000000
127108.000000
127923.000000
128675.000000
129599.000000
130587.000000
131588.000000
132633.000000
133576.000000
134564.000000
135557.000000
136500.000000
137461.000000
138506.000000
139516.000000
140484.000000
141530.000000
142538.000000
143518.000000
144511.000000
145461.000000
146401.000000
147446.000000
148478.000000
149404.000000
150345.000000
151333.000000
152295.000000
153176.000000
154018.000000
154937.000000
155447.000000
156637.000000
157493.000000
158323.000000
159140.000000
160048.000000
161341.000000
162340.000000
163289.000000
164409.000000
165557.000000
166609.000000
167634.000000
168703.000000
169740.000000
170721.000000
171689.000000
172702.000000
173633.000000
174571.000000
175574.000000
176558.000000
177530.000000
178576.000000
179600.000000
180544.000000
181548.000000
182619.000000
183606.000000
184638.000000
185651.000000
186602.000000
187622.000000
188660.000000
189631.000000
190613.000000
191625.000000
192567.000000
193459.000000
194368.000000
195516.000000
196604.000000
197637.000000
198712.000000
199728.000000
200704.000000
201667.000000
202576.000000
203411.000000
204202.000000
205078.000000
206250.000000
207301.000000
208320.000000
209386.000000
210400.000000
211380.000000
212345.000000
213245.000000
214098.000000
215104.000000
216170.000000
217209.000000
218242.000000
219271.000000
220213.000000
221177.000000
222183.000000
223154.000000
224080.000000
225092.000000
226067.000000
226957.000000
227813.000000
228713.000000
229653.000000
230557.000000
231570.000000
232596.000000
233591.000000
234634.000000
235624.000000
236616.000000
237593.000000
238502.000000
239420.000000
240437.000000
241450.000000
242410.000000
243431.000000
244324.000000
245176.000000
246070.000000
246975.000000
247871.000000
248783.000000
249786.000000
250882.000000
251807.000000
252743.000000
253658.000000
254524.000000
255381.000000
256314.000000
257243.000000
258107.000000
259044.000000
260097.000000
261124.000000
262115.000000
263063.000000
263920.000000
264687.000000
265446.000000
266167.000000
266877.000000
267608.000000
268854.000000
269839.000000
270773.000000
271768.000000
272729.000000
273658.000000
274636.000000
275645.000000
276561.000000
277422.000000
278384.000000
279472.000000
280535.000000
281487.000000
282478.000000
283442.000000
284336.000000
285290.000000
286345.000000
287406.000000
288363.000000
289526.000000
290613.000000
291620.000000
292678.000000
293748.000000
294750.000000
295796.000000
296836.000000
297798.000000
298809.000000
299802.000000
300714.000000
301543.000000
302507.000000
303702.000000
304764.000000
305751.000000
306765.000000
307804.000000
308754.000000
309736.000000
310718.000000
311653.000000
312675.000000
313766.000000
314776.000000
315810.000000
316804.000000
317679.000000
318544.000000
319542.000000
320594.000000
321624.000000
322683.000000
323698.000000
324622.000000
325587.000000
326518.000000
327372.000000
328322.000000
329297.000000
330200.000000
331161.000000
332190.000000
333189.000000
334131.000000
335142.000000
336135.000000
337007.000000
337869.000000
338731.000000
339639.000000
340526.000000
341670.000000
342717.000000
343753.000000
344864.000000
345880.000000
346802.000000
347748.000000
348669.000000
349525.000000
350454.000000
351457.000000
352416.000000
353451.000000
354482.000000
355449.000000
356433.000000
357371.000000
358277.000000
359238.000000
360227.000000
361182.000000
362183.000000
363173.000000
364174.000000
365140.000000
366007.000000
366850.000000
367642.000000
368399.000000
369253.000000
370128.000000
371233.000000
372279.000000
373285.000000
374355.000000
375334.000000
376305.000000
377374.000000
378428.000000
379441.000000
380357.000000
381348.000000
382409.000000
383390.000000
384399.000000
385436.000000
386405.000000
387343.000000
388394.000000
389475.000000
390449.000000
391473.000000
392541.000000
393574.000000
394653.000000
395740.000000
396776.000000
397823.000000
398861.000000
399834.000000
400783.000000
401787.000000
402707.000000
403614.000000
404657.000000
405742.000000
406757.000000
407802.000000
408823.000000
409781.000000
410833.000000
411863.000000
412832.000000
413850.000000
414888.000000
415830.000000
416725.000000
417703.000000
418791.000000
419836.000000
420840.000000
421912.000000
422946.000000
423872.000000
424714.000000
425487.000000
426275.000000
427174.000000
428035.000000
429057.000000
430148.000000
431147.000000
432190.000000
433178.000000
434076.000000
435043.000000
436067.000000
437069.000000
438065.000000
439082.000000
440050.000000
440995.000000
441988.000000
442918.000000
443791.000000
444700.000000
445649.000000
446561.000000
447575.000000
448646.000000
449639.000000
450744.000000
451860.000000
452925.000000
453997.000000
454947.000000
455778.000000
456631.000000
457560.000000
458453.000000
459439.000000
460411.000000
461244.000000
462043.000000
462861.000000
464006.000000
465133.000000
466266.000000
467379.000000
468420.000000
469419.000000
470339.000000
471194.000000
472092.000000
473056.000000
474037.000000
475014.000000
475935.000000
476818.000000
477615.000000
478484.000000
479536.000000
480612.000000
481627.000000
482660.000000
483694.000000
484709.000000
485732.000000
486652.000000
487518.000000
488455.000000
489460.000000
490368.000000
491315.000000
492299.000000
493209.000000
494043.000000
495001.000000
496017.000000
497022.000000
497936.000000
498924.000000
499948.000000
500949.000000
502008.000000
503022.000000
503976.000000
504896.000000
505871.000000
506979.000000
508091.000000
509086.000000
509968.000000
510847.000000
511821.000000
512907.000000
513975.000000
514958.000000
515980.000000
517007.000000
517983.000000
518918.000000
519798.000000
520768.000000
521848.000000
522877.000000
523944.000000
524996.000000
525965.000000
526862.000000
527754.000000
528732.000000
529825.000000
530912.000000
531924.000000
532865.000000
533762.000000
534729.000000
535682.000000
536623.000000
537672.000000
538780.000000
539755.000000
540766.000000
541763.000000
542650.000000
543522.000000
544513.000000
545509.000000
546429.000000
547408.000000
548403.000000
549328.000000
550222.000000
551212.000000
552231.000000
553229.000000
554291.000000
555283.000000
556235.000000
557234.000000
558170.000000
559064.000000
560065.000000
561058.000000
561964.000000
562906.000000
563817.000000
564694.000000
565707.000000
566758.000000
567771.000000
568828.000000
569841.000000
570755.000000
571639.000000
572600.000000
573598.000000
574458.000000
575297.000000
576073.000000
576863.000000
577738.000000
578518.000000
579409.000000
580492.000000
581547.000000
582500.000000
583483.000000
584492.000000
585436.000000
586317.000000
587281.000000
588292.000000
589295.000000
590215.000000
591215.000000
592262.000000
593225.000000
594276.000000
595378.000000
596429.000000
597509.000000
598563.000000
599555.000000
600484.000000
601557.000000
602585.000000
603557.000000
604719.000000
605872.000000
606915.000000
608034.000000
609140.000000
610121.000000
611027.000000
612007.000000
613047.000000
613999.000000
614862.000000
615765.000000
616910.000000
618087.000000
619200.000000
620244.000000
621301.000000
622404.000000
623406.000000
624356.000000
625312.000000
626260.000000
627208.000000
628279.000000
629422.000000
630506.000000
631548.000000
632596.000000
633613.000000
634554.000000
635408.000000
636308.000000
637143.000000
637967.000000
639031.000000
639999.000000
641043.000000
642166.000000
643193.000000
644106.000000
645044.000000
646046.000000
