Peaks (s)
677.000000
1451.000000
2214.000000
2973.000000
3761.000000
4534.000000
5295.000000
6069.000000
6844.000000
7607.000000
8358.000000
9122.000000
9894.000000
10648.000000
11399.000000
12169.000000
12933.000000
13683.000000
14418.000000
15170.000000
15926.000000
16682.000000
17423.000000
18178.000000
18929.000000
19667.000000
20412.000000
21169.000000
21927.000000
22669.000000
23423.000000
24193.000000
24956.000000
25719.000000
26472.000000
27229.000000
27991.000000
28744.000000
29479.000000
30220.000000
30971.000000
31714.000000
32451.000000
33189.000000
33945.000000
34686.000000
35400.000000
36102.000000
36800.000000
37496.000000
38216.000000
38946.000000
39679.000000
40416.000000
41169.000000
41933.000000
42652.000000
43365.000000
44071.000000
44777.000000
45498.000000
46244.000000
47006.000000
47779.000000
48545.000000
49329.000000
50145.000000
50960.000000
51777.000000
52580.000000
53363.000000
54144.000000
54944.000000
55747.000000
56553.000000
57353.000000
58173.000000
59021.000000
59858.000000
60681.000000
61490.000000
62317.000000
63152.000000
63973.000000
64780.000000
65567.000000
66360.000000
67172.000000
67975.000000
68763.000000
69540.000000
70341.000000
71155.000000
71968.000000
72771.000000
73529.000000
74301.000000
75110.000000
75937.000000
76764.000000
77603.000000
78435.000000
79256.000000
80088.000000
80923.000000
81749.000000
82556.000000
83369.000000
84206.000000
85035.000000
85862.000000
86713.000000
87569.000000
88420.000000
89260.000000
90076.000000
90876.000000
91691.000000
92502.000000
93298.000000
94110.000000
94945.000000
95756.000000
96556.000000
97387.000000
98211.000000
99022.000000
99850.000000
100684.000000
101522.000000
102343.000000
103154.000000
103992.000000
104825.000000
105645.000000
106470.000000
107304.000000
108133.000000
108951.000000
109765.000000
110583.000000
111396.000000
112206.000000
113010.000000
113827.000000
114651.000000
115466.000000
116260.000000
117070.000000
117878.000000
118669.000000
119443.000000
120214.000000
120987.000000
121744.000000
122495.000000
123262.000000
124032.000000
124800.000000
125567.000000
126346.000000
127141.000000
127918.000000
128685.000000
129463.000000
130248.000000
131025.000000
131799.000000
132564.000000
133316.000000
134085.000000
134862.000000
135629.000000
136393.000000
137178.000000
137964.000000
138743.000000
139522.000000
140324.000000
141131.000000
141928.000000
142703.000000
143483.000000
144269.000000
145046.000000
145806.000000
146572.000000
147352.000000
148135.000000
148915.000000
149704.000000
150515.000000
151315.000000
152097.000000
152885.000000
153683.000000
154462.000000
155235.000000
156016.000000
156815.000000
157605.000000
158390.000000
159194.000000
159998.000000
160796.000000
161574.000000
162320.000000
163069.000000
163824.000000
164570.000000
165306.000000
166055.000000
166818.000000
167583.000000
168347.000000
169112.000000
169902.000000
170689.000000
171472.000000
172264.000000
173044.000000
173823.000000
174625.000000
175417.000000
176197.000000
176988.000000
177782.000000
178574.000000
179342.000000
180123.000000
180894.000000
181653.000000
182402.000000
183158.000000
183933.000000
184699.000000
185464.000000
186243.000000
187041.000000
187835.000000
188621.000000
189388.000000
190180.000000
190971.000000
191759.000000
192527.000000
193308.000000
194086.000000
194860.000000
195622.000000
196387.000000
197161.000000
197927.000000
198681.000000
199436.000000
200199.000000
200977.000000
201753.000000
202515.000000
203287.000000
204053.000000
204805.000000
205551.000000
206313.000000
207084.000000
207866.000000
208654.000000
209437.000000
210233.000000
211050.000000
211871.000000
212697.000000
213527.000000
214348.000000
215158.000000
215935.000000
216680.000000
217444.000000
218232.000000
219030.000000
219845.000000
220654.000000
221440.000000
222193.000000
222939.000000
223692.000000
224457.000000
225242.000000
226042.000000
226854.000000
227671.000000
228461.000000
229247.000000
230052.000000
230850.000000
231635.000000
232431.000000
233238.000000
234043.000000
234854.000000
235642.000000
236425.000000
237218.000000
238004.000000
238794.000000
239585.000000
240385.000000
241203.000000
242016.000000
242823.000000
243654.000000
244478.000000
245301.000000
246095.000000
246886.000000
247687.000000
248472.000000
249261.000000
250061.000000
250874.000000
251687.000000
252487.000000
253308.000000
254122.000000
254933.000000
255731.000000
256524.000000
257322.000000
258135.000000
258945.000000
259755.000000
260550.000000
261338.000000
262148.000000
262961.000000
263774.000000
264583.000000
265380.000000
266187.000000
266993.000000
267804.000000
268614.000000
269414.000000
270201.000000
271003.000000
271805.000000
272609.000000
273415.000000
274218.000000
275030.000000
275860.000000
276680.000000
277488.000000
278310.000000
279137.000000
279958.000000
280775.000000
281578.000000
282381.000000
283200.000000
284025.000000
284833.000000
285635.000000
286452.000000
287257.000000
288046.000000
288857.000000
289671.000000
290480.000000
291282.000000
292101.000000
292922.000000
293734.000000
294518.000000
295308.000000
296108.000000
296904.000000
297698.000000
298491.000000
299276.000000
300089.000000
300893.000000
301686.000000
302492.000000
303296.000000
304090.000000
304870.000000
305668.000000
306464.000000
307257.000000
308044.000000
308837.000000
309647.000000
310458.000000
311254.000000
312075.000000
312892.000000
313704.000000
314497.000000
315310.000000
316123.000000
316946.000000
317766.000000
318575.000000
319358.000000
320136.000000
320928.000000
321713.000000
322488.000000
323272.000000
324082.000000
324898.000000
325711.000000
326506.000000
327308.000000
328108.000000
328904.000000
329688.000000
330474.000000
331280.000000
332072.000000
332855.000000
333673.000000
334484.000000
335290.000000
336076.000000
336854.000000
337638.000000
338429.000000
339223.000000
340010.000000
340793.000000
341593.000000
342386.000000
343167.000000
343939.000000
344696.000000
345469.000000
346239.000000
347001.000000
347761.000000
348544.000000
349320.000000
350085.000000
350869.000000
351649.000000
352421.000000
353176.000000
353938.000000
354701.000000
355458.000000
356203.000000
356959.000000
357723.000000
358482.000000
359229.000000
359960.000000
360682.000000
361409.000000
362112.000000
362794.000000
363460.000000
364133.000000
364839.000000
365572.000000
366325.000000
367063.000000
367829.000000
368593.000000
369340.000000
370082.000000
370833.000000
371597.000000
372358.000000
373103.000000
373851.000000
374621.000000
375384.000000
376137.000000
376882.000000
377642.000000
378396.000000
379146.000000
379884.000000
380630.000000
381379.000000
382128.000000
382866.000000
383607.000000
384364.000000
385119.000000
385864.000000
386594.000000
387324.000000
388053.000000
388783.000000
389507.000000
390230.000000
390973.000000
391717.000000
392454.000000
393186.000000
393923.000000
394673.000000
395417.000000
396155.000000
396908.000000
397681.000000
398453.000000
399221.000000
399977.000000
400723.000000
401489.000000
402246.000000
403007.000000
403764.000000
404540.000000
405313.000000
406079.000000
406832.000000
407603.000000
408373.000000
409138.000000
409891.000000
410650.000000
411425.000000
412209.000000
412990.000000
413765.000000
414523.000000
415271.000000
416045.000000
416808.000000
417561.000000
418321.000000
419083.000000
419830.000000
420567.000000
421310.000000
422068.000000
422828.000000
423585.000000
424336.000000
425084.000000
425851.000000
426633.000000
427397.000000
428153.000000
428915.000000
429684.000000
430446.000000
431194.000000
431936.000000
432689.000000
433443.000000
434195.000000
434945.000000
435715.000000
436486.000000
437251.000000
438019.000000
438809.000000
439601.000000
440382.000000
441164.000000
441940.000000
442725.000000
443521.000000
444313.000000
445101.000000
445892.000000
446705.000000
447515.000000
448309.000000
449117.000000
449931.000000
450748.000000
451559.000000
452353.000000
453150.000000
453952.000000
454749.000000
455542.000000
456319.000000
457088.000000
457884.000000
458681.000000
459470.000000
460251.000000
461045.000000
461852.000000
462641.000000
463417.000000
464212.000000
465015.000000
465812.000000
466605.000000
467383.000000
468183.000000
468983.000000
469775.000000
470560.000000
471335.000000
472116.000000
472922.000000
473720.000000
474515.000000
475314.000000
476124.000000
476945.000000
477760.000000
478559.000000
479362.000000
480177.000000
481001.000000
481826.000000
482640.000000
483463.000000
484306.000000
485155.000000
485990.000000
486809.000000
487637.000000
488474.000000
489295.000000
490104.000000
490924.000000
491748.000000
492564.000000
493370.000000
494194.000000
495035.000000
495869.000000
496694.000000
497537.000000
498368.000000
499186.000000
500023.000000
500862.000000
501694.000000
502514.000000
503334.000000
504167.000000
504995.000000
505814.000000
506643.000000
507478.000000
508310.000000
509126.000000
509951.000000
510789.000000
511628.000000
512466.000000
513285.000000
514095.000000
514921.000000
515730.000000
516531.000000
517362.000000
518203.000000
519047.000000
519892.000000
520720.000000
521548.000000
522383.000000
523211.000000
524021.000000
524821.000000
525638.000000
526456.000000
527262.000000
528051.000000
528846.000000
529621.000000
530384.000000
531151.000000
531936.000000
532714.000000
533490.000000
534299.000000
535113.000000
535926.000000
536721.000000
537504.000000
538298.000000
539106.000000
539901.000000
540683.000000
541475.000000
542271.000000
543041.000000
543826.000000
544618.000000
545380.000000
546120.000000
546865.000000
547615.000000
548355.000000
549130.000000
549917.000000
550714.000000
551513.000000
552305.000000
553100.000000
553908.000000
554713.000000
555515.000000
556313.000000
557108.000000
557922.000000
558742.000000
559550.000000
560368.000000
561211.000000
562049.000000
562865.000000
563698.000000
564541.000000
565379.000000
566219.000000
567054.000000
567877.000000
568673.000000
569467.000000
570277.000000
571078.000000
571875.000000
572680.000000
573502.000000
574333.000000
575152.000000
575965.000000
576778.000000
577607.000000
578424.000000
579234.000000
580028.000000
580822.000000
581638.000000
582449.000000
583250.000000
584064.000000
584892.000000
585711.000000
586522.000000
587313.000000
588121.000000
588927.000000
589726.000000
590526.000000
591315.000000
592082.000000
592854.000000
593646.000000
594426.000000
595194.000000
595949.000000
596724.000000
597493.000000
598262.000000
599025.000000
599782.000000
600562.000000
601337.000000
602112.000000
602874.000000
603631.000000
604407.000000
605190.000000
605965.000000
606732.000000
607511.000000
608297.000000
609086.000000
609870.000000
610665.000000
611479.000000
612288.000000
613092.000000
613883.000000
614668.000000
615468.000000
616268.000000
617061.000000
617862.000000
618695.000000
619516.000000
620327.000000
621131.000000
621954.000000
622780.000000
623606.000000
624417.000000
625223.000000
626048.000000
626871.000000
627679.000000
628512.000000
629340.000000
630162.000000
630965.000000
631777.000000
632589.000000
633383.000000
634163.000000
634961.000000
635767.000000
636561.000000
637325.000000
638080.000000
638834.000000
639579.000000
640330.000000
641099.000000
641870.000000
642648.000000
643425.000000
644217.000000
645033.000000
645844.000000
646646.000000
647461.000000
648288.000000
649112.000000
649925.000000
650724.000000
651525.000000
652337.000000
653134.000000
653914.000000
654703.000000
655498.000000
656289.000000
657078.000000
657864.000000
658672.000000
659500.000000
660327.000000
661151.000000
661953.000000
662762.000000
663570.000000
664360.000000
665140.000000
665933.000000
666724.000000
667507.000000
668278.000000
669058.000000
669859.000000
670638.000000
671410.000000
672210.000000
673035.000000
673864.000000
674685.000000
675495.000000
676328.000000
677155.000000
677960.000000
678764.000000
679588.000000
680416.000000
681228.000000
682026.000000
682834.000000
683644.000000
684439.000000
685220.000000
686002.000000
686796.000000
687583.000000
688364.000000
689155.000000
689970.000000
690769.000000
691564.000000
692382.000000
693215.000000
694036.000000
694852.000000
695652.000000
696465.000000
697282.000000
698087.000000
698872.000000
699682.000000
700490.000000
701295.000000
702092.000000
702871.000000
703673.000000
704491.000000
705308.000000
706125.000000
706946.000000
707750.000000
708546.000000
709368.000000
710184.000000
710985.000000
711790.000000
712615.000000
713445.000000
714270.000000
715085.000000
715887.000000
716695.000000
717505.000000
718296.000000
719076.000000
719872.000000
720674.000000
721468.000000
722250.000000
723048.000000
723862.000000
724668.000000
725463.000000
726252.000000
727063.000000
727867.000000
728670.000000
729502.000000
730339.000000
731157.000000
731967.000000
732792.000000
733607.000000
734408.000000
735231.000000
736047.000000
736855.000000
737663.000000
738486.000000
739325.000000
740167.000000
741011.000000
741840.000000
742679.000000
743534.000000
744383.000000
745211.000000
746034.000000
746864.000000
747690.000000
748513.000000
749326.000000
750125.000000
750956.000000
751795.000000
752628.000000
753447.000000
754276.000000
755109.000000
755936.000000
756745.000000
757526.000000
758329.000000
759122.000000
759915.000000
760703.000000
761529.000000
762368.000000
763220.000000
764057.000000
764880.000000
765710.000000
766534.000000
767340.000000
768137.000000
768950.000000
769765.000000
770567.000000
771385.000000
772213.000000
773039.000000
773851.000000
774656.000000
775474.000000
776296.000000
777083.000000
777847.000000
778598.000000
779349.000000
780126.000000
780921.000000
781723.000000
782527.000000
783323.000000
784114.000000
784917.000000
785728.000000
786544.000000
787361.000000
788183.000000
788986.000000
789773.000000
790572.000000
791380.000000
792189.000000
793003.000000
793801.000000
794581.000000
795374.000000
796177.000000
796935.000000
797676.000000
798409.000000
799174.000000
799960.000000
800753.000000
801548.000000
802335.000000
803149.000000
803961.000000
804776.000000
805576.000000
806402.000000
807236.000000
808073.000000
808887.000000
809706.000000
810544.000000
811382.000000
812222.000000
813046.000000
813851.000000
814677.000000
815507.000000
816341.000000
817177.000000
817994.000000
818837.000000
819682.000000
820519.000000
821335.000000
822168.000000
823012.000000
823850.000000
824680.000000
825492.000000
826320.000000
827159.000000
827996.000000
828821.000000
829633.000000
830458.000000
831299.000000
832139.000000
832976.000000
833797.000000
834639.000000
835486.000000
836327.000000
837158.000000
837970.000000
838798.000000
839631.000000
840465.000000
841299.000000
842121.000000
842937.000000
843768.000000
844609.000000
845448.000000
846272.000000
847125.000000
847971.000000
848805.000000
849630.000000
850475.000000
851321.000000
852155.000000
852976.000000
853821.000000
854669.000000
855508.000000
856343.000000
857161.000000
857978.000000
858819.000000
859661.000000
860506.000000
861344.000000
862167.000000
862995.000000
863824.000000
864633.000000
865422.000000
866226.000000
867042.000000
867847.000000
868637.000000
869455.000000
870280.000000
871096.000000
871900.000000
872731.000000
873563.000000
874394.000000
875203.000000
876020.000000
876848.000000
877673.000000
878485.000000
879301.000000
880131.000000
880956.000000
881768.000000
882603.000000
883436.000000
884265.000000
885089.000000
885896.000000
886719.000000
887552.000000
888380.000000
889190.000000
890013.000000
890835.000000
891640.000000
892443.000000
893268.000000
894094.000000
894912.000000
895719.000000
896547.000000
897381.000000
898219.000000
899046.000000
899878.000000
900714.000000
901528.000000
902330.000000
903155.000000
903978.000000
904788.000000
905612.000000
