Peaks (s)
1029.000000
1770.000000
2478.000000
3193.000000
3908.000000
4586.000000
5264.000000
5934.000000
6612.000000
7283.000000
7953.000000
8618.000000
9303.000000
9976.000000
10642.000000
11318.000000
11984.000000
12654.000000
13321.000000
13977.000000
14621.000000
15258.000000
15889.000000
16503.000000
17125.000000
17768.000000
18413.000000
19069.000000
19746.000000
20430.000000
21084.000000
21730.000000
22387.000000
23071.000000
23727.000000
24366.000000
25010.000000
25672.000000
26345.000000
26999.000000
27651.000000
28321.000000
29010.000000
29659.000000
30306.000000
30960.000000
31624.000000
32283.000000
32964.000000
33636.000000
34297.000000
34956.000000
35635.000000
36296.000000
36944.000000
37605.000000
38300.000000
39017.000000
39689.000000
40338.000000
40999.000000
41692.000000
42390.000000
43071.000000
43733.000000
44418.000000
45094.000000
45764.000000
46418.000000
47073.000000
47758.000000
48430.000000
49111.000000
49824.000000
50534.000000
51202.000000
51873.000000
52575.000000
53293.000000
53957.000000
54621.000000
55311.000000
56025.000000
56707.000000
57376.000000
58074.000000
58795.000000
59478.000000
60128.000000
60779.000000
61451.000000
62165.000000
62869.000000
63545.000000
64242.000000
64991.000000
65706.000000
66375.000000
67061.000000
67773.000000
68479.000000
69149.000000
69825.000000
70508.000000
71232.000000
71935.000000
72604.000000
73261.000000
73940.000000
74646.000000
75324.000000
75998.000000
76693.000000
77408.000000
78094.000000
78787.000000
79484.000000
80219.000000
80916.000000
81580.000000
82254.000000
82935.000000
83632.000000
84307.000000
84959.000000
85622.000000
86301.000000
87016.000000
87703.000000
88365.000000
89031.000000
89701.000000
90351.000000
91007.000000
91691.000000
92361.000000
93022.000000
93689.000000
94374.000000
95093.000000
95754.000000
96406.000000
97084.000000
97767.000000
98457.000000
99126.000000
99786.000000
100471.000000
101144.000000
101804.000000
102437.000000
103072.000000
103726.000000
104408.000000
105106.000000
105775.000000
106433.000000
107102.000000
107783.000000
108443.000000
109081.000000
109724.000000
110395.000000
111088.000000
111763.000000
112422.000000
113069.000000
113744.000000
114414.000000
115068.000000
115726.000000
116406.000000
117094.000000
117755.000000
118419.000000
119089.000000
119775.000000
120420.000000
121058.000000
121696.000000
122358.000000
123063.000000
123727.000000
124390.000000
125070.000000
125797.000000
126478.000000
127156.000000
127864.000000
128587.000000
129251.000000
129920.000000
130583.000000
131259.000000
131913.000000
132556.000000
133216.000000
133901.000000
134559.000000
135211.000000
135910.000000
136621.000000
137320.000000
137979.000000
138624.000000
139284.000000
139964.000000
140631.000000
141277.000000
141938.000000
142627.000000
143306.000000
143975.000000
144636.000000
145342.000000
146046.000000
146731.000000
147406.000000
148082.000000
148739.000000
149383.000000
150027.000000
150688.000000
151363.000000
152018.000000
152669.000000
153341.000000
154054.000000
154760.000000
155422.000000
156094.000000
156803.000000
157553.000000
158288.000000
158959.000000
159637.000000
160340.000000
161062.000000
161743.000000
162402.000000
163079.000000
163787.000000
164515.000000
165211.000000
165874.000000
166556.000000
167267.000000
167998.000000
168697.000000
169364.000000
170018.000000
170697.000000
171417.000000
172139.000000
172837.000000
173564.000000
174318.000000
175036.000000
175753.000000
176421.000000
177077.000000
177750.000000
178446.000000
179151.000000
179830.000000
180533.000000
181305.000000
182093.000000
182808.000000
183516.000000
184246.000000
184951.000000
185657.000000
186330.000000
187002.000000
187673.000000
188338.000000
189005.000000
189692.000000
190410.000000
191117.000000
191813.000000
192520.000000
193249.000000
193967.000000
194666.000000
195345.000000
196024.000000
196701.000000
197404.000000
198089.000000
198759.000000
199434.000000
200137.000000
200840.000000
201526.000000
202210.000000
202900.000000
203605.000000
204316.000000
204994.000000
205676.000000
206370.000000
207080.000000
207784.000000
208469.000000
209162.000000
209871.000000
210585.000000
211259.000000
211930.000000
212602.000000
213280.000000
213947.000000
214616.000000
215291.000000
215999.000000
216687.000000
217364.000000
218047.000000
218738.000000
219431.000000
220127.000000
220799.000000
221455.000000
222110.000000
222783.000000
223477.000000
224197.000000
224911.000000
225590.000000
226253.000000
226923.000000
227610.000000
228315.000000
229000.000000
229678.000000
230376.000000
231088.000000
231815.000000
232516.000000
233195.000000
233887.000000
234589.000000
235299.000000
235977.000000
236645.000000
237314.000000
238008.000000
238734.000000
239453.000000
240150.000000
240867.000000
241611.000000
242348.000000
243056.000000
243770.000000
244491.000000
245210.000000
245899.000000
246581.000000
247275.000000
247993.000000
248724.000000
249427.000000
250138.000000
250859.000000
251560.000000
252251.000000
252951.000000
253659.000000
254349.000000
255025.000000
255716.000000
256428.000000
257151.000000
257845.000000
258521.000000
259198.000000
259896.000000
260616.000000
261348.000000
262047.000000
262738.000000
263430.000000
264144.000000
264870.000000
265565.000000
266257.000000
266958.000000
267691.000000
268421.000000
269130.000000
269849.000000
270574.000000
271289.000000
271965.000000
272650.000000
273339.000000
274041.000000
274726.000000
275424.000000
276139.000000
276851.000000
277561.000000
278310.000000
279067.000000
279770.000000
280450.000000
281124.000000
281810.000000
282522.000000
283210.000000
283881.000000
284558.000000
285241.000000
285942.000000
286617.000000
287283.000000
287954.000000
288658.000000
289375.000000
290062.000000
290746.000000
291439.000000
292137.000000
292815.000000
293484.000000
294162.000000
294850.000000
295526.000000
296194.000000
296884.000000
297585.000000
298327.000000
299042.000000
299724.000000
300405.000000
301093.000000
301793.000000
302498.000000
303222.000000
303968.000000
304708.000000
305408.000000
306099.000000
306801.000000
307515.000000
308210.000000
308896.000000
309594.000000
310319.000000
311024.000000
311719.000000
312421.000000
313133.000000
313856.000000
314574.000000
315270.000000
315943.000000
316611.000000
317293.000000
317987.000000
318704.000000
319402.000000
320074.000000
320738.000000
321409.000000
322104.000000
322815.000000
323498.000000
324190.000000
324885.000000
325588.000000
326266.000000
326938.000000
327626.000000
328344.000000
329045.000000
329729.000000
330429.000000
331140.000000
331828.000000
332495.000000
333166.000000
333842.000000
334506.000000
335161.000000
335826.000000
336532.000000
337217.000000
337897.000000
338590.000000
339299.000000
339987.000000
340670.000000
341345.000000
342027.000000
342702.000000
343359.000000
344025.000000
344695.000000
345366.000000
346022.000000
346678.000000
347348.000000
348067.000000
348781.000000
349459.000000
350118.000000
350796.000000
351498.000000
352207.000000
352892.000000
353588.000000
354285.000000
354951.000000
355610.000000
356283.000000
356990.000000
357697.000000
358389.000000
359084.000000
359779.000000
360445.000000
361105.000000
361759.000000
362452.000000
363186.000000
363906.000000
364611.000000
365283.000000
365949.000000
366656.000000
367364.000000
368039.000000
368730.000000
369413.000000
370089.000000
370737.000000
371385.000000
372054.000000
372770.000000
373485.000000
374175.000000
374838.000000
375504.000000
376199.000000
376909.000000
377599.000000
378299.000000
378982.000000
379647.000000
380296.000000
380956.000000
381630.000000
382327.000000
382999.000000
383655.000000
384299.000000
384940.000000
385579.000000
386260.000000
386991.000000
387728.000000
388412.000000
389082.000000
389747.000000
390395.000000
391037.000000
391692.000000
392371.000000
393055.000000
393712.000000
394373.000000
395008.000000
395673.000000
396378.000000
397037.000000
397708.000000
398397.000000
399087.000000
399745.000000
400397.000000
401062.000000
401754.000000
402417.000000
403067.000000
403733.000000
404400.000000
405046.000000
405697.000000
406357.000000
407038.000000
407687.000000
408326.000000
408970.000000
409645.000000
410322.000000
410965.000000
411604.000000
412264.000000
412944.000000
413600.000000
414258.000000
414924.000000
415606.000000
416257.000000
416911.000000
417588.000000
418297.000000
418966.000000
419627.000000
420305.000000
420984.000000
421632.000000
422278.000000
422945.000000
423655.000000
424322.000000
424987.000000
425661.000000
426361.000000
427028.000000
427697.000000
428381.000000
429044.000000
429698.000000
430349.000000
431009.000000
431667.000000
432313.000000
432951.000000
433619.000000
434368.000000
435073.000000
435763.000000
436482.000000
437184.000000
437849.000000
438499.000000
439162.000000
439864.000000
440573.000000
441245.000000
441900.000000
442571.000000
443260.000000
443932.000000
444585.000000
445243.000000
445926.000000
446616.000000
447281.000000
447963.000000
448669.000000
449355.000000
450013.000000
450693.000000
451397.000000
452086.000000
452765.000000
453478.000000
454230.000000
454932.000000
455599.000000
456254.000000
456929.000000
457604.000000
458308.000000
458974.000000
459632.000000
460301.000000
461005.000000
461758.000000
462513.000000
463262.000000
463972.000000
464665.000000
465322.000000
465958.000000
466601.000000
467291.000000
468037.000000
468817.000000
469561.000000
470300.000000
471030.000000
471741.000000
472438.000000
473156.000000
473902.000000
474669.000000
475412.000000
476138.000000
476874.000000
477620.000000
478350.000000
479067.000000
479789.000000
480491.000000
481186.000000
481898.000000
482635.000000
483369.000000
484087.000000
484781.000000
485478.000000
486180.000000
486898.000000
487589.000000
488270.000000
488942.000000
489633.000000
490323.000000
491013.000000
491704.000000
492379.000000
493058.000000
493757.000000
494469.000000
495147.000000
495820.000000
496505.000000
497213.000000
497900.000000
498583.000000
499292.000000
500006.000000
500701.000000
501375.000000
502044.000000
502737.000000
503431.000000
504106.000000
504772.000000
505441.000000
506115.000000
506790.000000
507433.000000
508082.000000
508736.000000
509402.000000
510103.000000
510841.000000
511595.000000
512319.000000
513017.000000
513723.000000
514440.000000
515126.000000
515801.000000
516482.000000
517191.000000
517895.000000
518576.000000
519263.000000
519972.000000
520696.000000
521416.000000
522128.000000
522825.000000
523495.000000
524166.000000
524847.000000
525535.000000
526224.000000
526935.000000
527667.000000
528421.000000
529170.000000
529878.000000
530597.000000
531335.000000
532091.000000
532812.000000
533501.000000
534190.000000
534903.000000
535630.000000
536364.000000
537072.000000
537780.000000
538494.000000
539224.000000
539918.000000
540615.000000
541332.000000
542061.000000
542772.000000
543453.000000
544129.000000
544814.000000
545518.000000
546222.000000
546932.000000
547642.000000
548327.000000
549009.000000
549712.000000
550456.000000
551183.000000
551885.000000
552584.000000
553279.000000
553982.000000
554662.000000
555323.000000
555983.000000
556671.000000
557416.000000
558180.000000
558923.000000
559656.000000
560383.000000
561079.000000
561760.000000
562451.000000
563158.000000
563867.000000
564563.000000
565267.000000
565980.000000
566690.000000
567377.000000
568060.000000
568766.000000
569482.000000
570209.000000
570904.000000
571596.000000
572282.000000
572947.000000
573596.000000
574248.000000
574929.000000
575655.000000
576367.000000
577053.000000
577746.000000
578460.000000
579140.000000
579808.000000
580485.000000
581188.000000
581897.000000
582577.000000
583267.000000
583955.000000
584652.000000
585351.000000
586029.000000
586691.000000
587351.000000
588037.000000
588743.000000
589440.000000
590118.000000
590804.000000
591522.000000
592259.000000
592974.000000
593673.000000
594374.000000
595078.000000
595765.000000
596454.000000
597157.000000
597836.000000
598500.000000
599163.000000
599847.000000
600545.000000
601229.000000
601917.000000
602617.000000
603297.000000
603969.000000
604666.000000
605410.000000
606141.000000
606852.000000
607576.000000
608306.000000
609033.000000
609725.000000
610422.000000
611123.000000
611839.000000
612526.000000
613211.000000
613927.000000
614686.000000
615442.000000
616161.000000
616882.000000
617609.000000
618328.000000
619025.000000
619718.000000
620420.000000
621138.000000
621853.000000
622568.000000
623276.000000
623976.000000
624658.000000
625325.000000
625997.000000
626698.000000
627443.000000
628204.000000
628939.000000
629632.000000
630300.000000
630966.000000
631643.000000
632342.000000
633017.000000
633686.000000
634363.000000
635059.000000
635726.000000
636398.000000
637068.000000
637729.000000
638386.000000
639067.000000
639775.000000
640502.000000
641186.000000
641865.000000
642545.000000
643212.000000
643866.000000
644527.000000
645218.000000
645946.000000
646659.000000
647388.000000
648137.000000
648893.000000
649636.000000
650342.000000
651046.000000
651751.000000
652440.000000
653109.000000
653782.000000
654487.000000
655222.000000
655936.000000
656631.000000
657340.000000
658061.000000
658758.000000
659452.000000
660161.000000
660903.000000
661609.000000
662313.000000
663017.000000
663737.000000
664433.000000
665132.000000
665837.000000
666546.000000
667226.000000
667908.000000
668605.000000
669311.000000
670006.000000
670682.000000
671366.000000
672067.000000
672780.000000
673467.000000
674139.000000
674803.000000
675481.000000
676177.000000
676879.000000
677557.000000
678226.000000
678920.000000
679630.000000
680326.000000
681014.000000
681698.000000
682393.000000
683064.000000
683719.000000
684387.000000
685068.000000
685768.000000
686446.000000
687116.000000
687802.000000
688497.000000
689174.000000
689849.000000
690543.000000
691251.000000
691932.000000
692607.000000
693284.000000
693985.000000
694708.000000
695404.000000
696116.000000
696843.000000
697578.000000
698275.000000
698960.000000
699647.000000
700343.000000
701039.000000
701731.000000
702445.000000
703193.000000
703946.000000
704657.000000
705364.000000
706090.000000
706822.000000
707547.000000
708246.000000
708957.000000
709681.000000
710419.000000
711124.000000
711825.000000
712537.000000
713264.000000
713974.000000
714659.000000
715329.000000
716008.000000
716710.000000
717399.000000
718076.000000
718766.000000
719483.000000
720191.000000
720864.000000
721540.000000
722235.000000
722951.000000
723643.000000
724321.000000
724998.000000
725682.000000
726376.000000
727043.000000
727716.000000
728407.000000
729116.000000
729828.000000
730530.000000
731240.000000
731965.000000
732656.000000
733336.000000
734022.000000
734721.000000
735418.000000
736090.000000
736758.000000
737454.000000
738167.000000
738856.000000
739521.000000
740192.000000
740879.000000
741581.000000
742271.000000
742962.000000
743651.000000
744316.000000
744978.000000
745654.000000
746356.000000
747052.000000
747752.000000
748464.000000
749176.000000
749864.000000
750544.000000
751232.000000
751939.000000
752623.000000
753297.000000
753971.000000
754655.000000
755367.000000
756059.000000
756753.000000
757462.000000
758180.000000
758876.000000
759585.000000
760289.000000
760986.000000
761655.000000
762306.000000
762960.000000
763639.000000
764329.000000
765018.000000
765733.000000
766458.000000
767165.000000
767877.000000
768605.000000
769300.000000
769972.000000
770651.000000
771337.000000
772024.000000
772688.000000
773368.000000
774070.000000
774795.000000
775485.000000
776172.000000
776870.000000
777569.000000
778242.000000
778920.000000
779603.000000
780304.000000
780973.000000
781622.000000
782271.000000
782940.000000
783619.000000
784286.000000
784966.000000
785654.000000
786335.000000
786996.000000
787648.000000
788322.000000
789013.000000
789684.000000
790350.000000
791048.000000
791784.000000
792492.000000
793181.000000
793882.000000
794597.000000
795283.000000
795947.000000
796621.000000
797335.000000
798067.000000
798750.000000
799410.000000
800089.000000
800788.000000
801469.000000
802147.000000
802848.000000
803586.000000
804292.000000
804979.000000
805675.000000
806384.000000
807104.000000
807828.000000
808518.000000
809200.000000
809895.000000
810611.000000
811296.000000
811978.000000
812678.000000
813388.000000
814101.000000
814786.000000
815452.000000
816128.000000
816844.000000
817576.000000
818294.000000
818979.000000
819662.000000
820349.000000
821039.000000
821710.000000
822375.000000
823032.000000
823679.000000
824302.000000
824919.000000
825545.000000
826175.000000
826825.000000
827503.000000
828176.000000
828852.000000
829543.000000
830212.000000
830876.000000
831503.000000
832126.000000
832760.000000
833407.000000
834071.000000
834777.000000
835483.000000
836163.000000
836844.000000
837544.000000
838251.000000
838938.000000
839627.000000
840331.000000
841039.000000
841722.000000
842409.000000
843110.000000
843814.000000
844503.000000
845183.000000
845870.000000
846573.000000
847258.000000
847936.000000
848617.000000
849309.000000
849990.000000
850659.000000
851344.000000
852061.000000
852780.000000
853477.000000
854178.000000
854902.000000
855596.000000
856280.000000
856984.000000
857698.000000
858386.000000
859057.000000
859737.000000
860426.000000
861144.000000
861835.000000
862536.000000
863247.000000
863954.000000
864628.000000
865310.000000
865994.000000
866680.000000
867352.000000
868017.000000
868707.000000
869418.000000
870162.000000
870880.000000
871566.000000
872244.000000
872923.000000
873615.000000
874290.000000
874954.000000
875621.000000
876326.000000
877066.000000
877815.000000
878533.000000
879244.000000
879975.000000
880717.000000
881445.000000
882157.000000
882868.000000
883563.000000
884235.000000
884916.000000
885627.000000
886371.000000
887092.000000
887827.000000
888598.000000
889336.000000
890083.000000
890828.000000
891551.000000
892259.000000
892968.000000
893715.000000
894429.000000
895107.000000
895783.000000
896465.000000
897162.000000
897844.000000
898508.000000
899170.000000
899856.000000
900587.000000
