Peaks (s)
730.000000
1520.000000
2312.000000
3096.000000
3867.000000
4612.000000
5356.000000
6102.000000
6855.000000
7642.000000
8483.000000
9388.000000
10308.000000
11206.000000
12065.000000
12898.000000
13720.000000
14530.000000
15324.000000
16102.000000
16869.000000
17630.000000
18409.000000
19208.000000
20047.000000
20886.000000
21705.000000
22509.000000
23307.000000
24093.000000
24872.000000
25645.000000
26412.000000
27175.000000
27956.000000
28749.000000
29558.000000
30372.000000
31181.000000
31968.000000
32744.000000
33507.000000
34268.000000
35028.000000
35793.000000
36544.000000
37291.000000
38015.000000
38731.000000
39468.000000
40266.000000
41079.000000
41897.000000
42680.000000
43439.000000
44176.000000
44901.000000
45605.000000
46320.000000
47042.000000
47797.000000
48593.000000
49390.000000
50159.000000
50917.000000
51668.000000
52404.000000
53125.000000
53849.000000
54560.000000
55277.000000
56015.000000
56843.000000
57795.000000
58632.000000
59447.000000
60252.000000
61047.000000
61828.000000
62601.000000
63367.000000
64103.000000
64829.000000
65567.000000
66339.000000
67231.000000
68067.000000
68916.000000
69769.000000
70617.000000
71429.000000
72227.000000
72999.000000
73752.000000
74488.000000
75197.000000
75912.000000
76694.000000
77505.000000
78336.000000
79168.000000
79985.000000
80778.000000
81553.000000
82316.000000
83071.000000
83807.000000
84532.000000
85220.000000
85926.000000
86678.000000
87436.000000
88191.000000
88923.000000
89643.000000
90360.000000
91080.000000
91826.000000
92590.000000
93331.000000
94065.000000
94776.000000
95472.000000
96163.000000
96842.000000
97531.000000
98243.000000
98959.000000
99690.000000
100394.000000
101106.000000
101806.000000
102499.000000
103215.000000
103940.000000
104668.000000
105422.000000
106153.000000
106856.000000
107555.000000
108259.000000
108987.000000
109727.000000
110497.000000
111279.000000
112028.000000
112763.000000
113494.000000
114274.000000
115080.000000
115872.000000
116634.000000
117358.000000
118079.000000
118798.000000
119548.000000
120333.000000
121164.000000
122018.000000
122799.000000
123527.000000
124266.000000
125033.000000
125828.000000
126643.000000
127497.000000
128338.000000
129122.000000
129879.000000
130615.000000
131348.000000
132131.000000
133079.000000
133914.000000
134751.000000
135589.000000
136415.000000
137227.000000
138018.000000
138804.000000
139596.000000
140399.000000
141227.000000
142057.000000
142889.000000
143722.000000
144539.000000
145351.000000
146163.000000
146992.000000
147826.000000
148660.000000
149489.000000
150301.000000
151098.000000
151894.000000
152700.000000
153527.000000
154370.000000
155206.000000
156037.000000
156856.000000
157661.000000
158469.000000
159284.000000
160117.000000
160964.000000
161801.000000
162634.000000
163453.000000
164281.000000
165114.000000
165939.000000
166749.000000
167529.000000
168283.000000
169046.000000
169801.000000
170574.000000
171388.000000
172246.000000
173110.000000
173969.000000
174812.000000
175638.000000
176447.000000
177242.000000
178031.000000
178830.000000
179642.000000
180455.000000
181270.000000
182072.000000
182875.000000
183668.000000
184448.000000
185222.000000
186001.000000
186791.000000
187596.000000
188422.000000
189246.000000
190065.000000
190865.000000
191652.000000
192432.000000
193196.000000
193959.000000
194736.000000
195524.000000
196335.000000
197169.000000
198001.000000
198828.000000
199639.000000
200440.000000
201225.000000
202007.000000
202789.000000
203582.000000
204394.000000
205218.000000
206053.000000
206891.000000
207738.000000
208576.000000
209388.000000
210185.000000
210972.000000
211774.000000
212592.000000
213434.000000
214291.000000
215146.000000
215989.000000
216832.000000
217646.000000
218450.000000
219236.000000
220027.000000
220866.000000
221758.000000
222666.000000
223574.000000
224462.000000
225332.000000
226198.000000
227059.000000
227907.000000
228735.000000
229550.000000
230366.000000
231195.000000
232053.000000
232923.000000
233809.000000
234704.000000
235590.000000
236463.000000
237309.000000
238140.000000
238953.000000
239760.000000
240563.000000
241376.000000
242206.000000
243062.000000
243927.000000
244794.000000
245651.000000
246485.000000
247293.000000
248070.000000
248832.000000
249583.000000
250349.000000
251167.000000
252037.000000
252912.000000
253788.000000
254656.000000
255493.000000
256317.000000
257108.000000
257875.000000
258635.000000
259411.000000
260219.000000
261067.000000
261920.000000
262762.000000
263615.000000
264456.000000
265262.000000
266047.000000
266820.000000
267590.000000
268377.000000
269174.000000
269991.000000
270806.000000
271613.000000
272415.000000
273198.000000
273966.000000
274719.000000
275472.000000
276250.000000
277042.000000
277850.000000
278658.000000
279454.000000
280242.000000
281025.000000
281794.000000
282544.000000
283279.000000
284000.000000
284706.000000
285407.000000
286158.000000
286966.000000
287757.000000
288535.000000
289318.000000
290068.000000
290796.000000
291519.000000
292228.000000
292952.000000
293705.000000
294475.000000
295262.000000
296056.000000
296833.000000
297593.000000
298324.000000
299059.000000
299782.000000
300500.000000
301244.000000
302013.000000
302795.000000
303587.000000
304385.000000
305136.000000
305866.000000
306583.000000
307309.000000
308066.000000
308857.000000
309845.000000
310665.000000
311468.000000
312261.000000
313041.000000
313818.000000
314610.000000
315423.000000
316250.000000
317074.000000
317899.000000
318706.000000
319497.000000
320299.000000
321116.000000
321956.000000
322791.000000
323624.000000
324447.000000
325252.000000
326054.000000
326839.000000
327626.000000
328432.000000
329265.000000
330110.000000
330971.000000
331824.000000
332669.000000
333501.000000
334306.000000
335086.000000
335873.000000
336673.000000
337492.000000
338334.000000
339173.000000
340010.000000
340844.000000
341687.000000
342530.000000
343375.000000
344204.000000
345015.000000
345814.000000
346599.000000
347384.000000
348199.000000
349032.000000
349884.000000
350727.000000
351561.000000
352380.000000
353173.000000
353959.000000
354746.000000
355570.000000
356440.000000
357319.000000
358195.000000
359058.000000
359901.000000
360739.000000
361556.000000
362364.000000
363160.000000
363955.000000
364759.000000
365579.000000
366414.000000
367253.000000
368093.000000
368922.000000
369733.000000
370525.000000
371312.000000
372091.000000
372881.000000
373708.000000
374555.000000
375427.000000
376303.000000
377183.000000
378033.000000
378858.000000
379661.000000
380459.000000
381270.000000
382100.000000
382952.000000
383817.000000
384700.000000
385562.000000
386405.000000
387223.000000
388016.000000
388805.000000
389609.000000
390431.000000
391278.000000
392141.000000
393003.000000
393860.000000
394706.000000
395540.000000
396366.000000
397186.000000
398020.000000
398875.000000
399745.000000
400607.000000
401462.000000
402308.000000
403147.000000
403965.000000
404764.000000
405565.000000
406370.000000
407196.000000
408041.000000
408880.000000
409687.000000
410462.000000
411251.000000
412042.000000
412821.000000
413621.000000
414453.000000
415304.000000
416157.000000
417005.000000
417835.000000
418659.000000
419465.000000
420259.000000
421044.000000
421822.000000
422620.000000
423442.000000
424290.000000
425152.000000
426004.000000
426848.000000
427671.000000
428476.000000
429280.000000
430082.000000
430918.000000
431779.000000
432653.000000
433526.000000
434391.000000
435228.000000
436047.000000
436851.000000
437665.000000
438488.000000
439317.000000
440165.000000
441020.000000
441879.000000
442725.000000
443549.000000
444366.000000
445176.000000
445969.000000
446787.000000
447637.000000
448520.000000
449387.000000
450251.000000
451116.000000
451965.000000
452796.000000
453607.000000
454416.000000
455237.000000
456059.000000
456895.000000
457735.000000
458566.000000
459386.000000
460189.000000
460980.000000
461769.000000
462563.000000
463372.000000
464208.000000
465047.000000
465901.000000
466741.000000
467559.000000
468361.000000
469151.000000
469934.000000
470729.000000
471557.000000
472427.000000
473309.000000
474191.000000
475056.000000
475903.000000
476738.000000
477558.000000
478360.000000
479151.000000
479936.000000
480728.000000
481551.000000
482411.000000
483282.000000
484149.000000
485006.000000
485854.000000
486700.000000
487519.000000
488320.000000
489112.000000
489898.000000
490687.000000
491498.000000
492340.000000
493210.000000
494079.000000
494947.000000
495793.000000
496613.000000
497411.000000
498180.000000
498931.000000
499686.000000
500454.000000
501242.000000
502063.000000
502926.000000
503803.000000
504673.000000
505520.000000
506342.000000
507128.000000
507887.000000
508623.000000
509348.000000
510082.000000
510879.000000
511719.000000
512592.000000
513467.000000
514334.000000
515168.000000
515980.000000
516754.000000
517518.000000
518283.000000
519061.000000
519846.000000
520624.000000
521387.000000
522131.000000
522855.000000
523561.000000
524259.000000
524957.000000
525685.000000
526446.000000
527222.000000
527987.000000
528747.000000
529491.000000
530229.000000
530935.000000
531625.000000
532306.000000
532986.000000
533675.000000
534407.000000
535180.000000
535955.000000
536763.000000
537550.000000
538331.000000
539073.000000
539790.000000
540481.000000
541152.000000
541819.000000
542496.000000
543232.000000
544133.000000
544972.000000
545795.000000
546598.000000
547369.000000
548125.000000
548861.000000
549619.000000
550366.000000
551105.000000
551828.000000
552522.000000
553210.000000
553897.000000
554612.000000
555376.000000
556192.000000
557155.000000
557991.000000
558797.000000
559559.000000
560319.000000
561045.000000
561756.000000
562456.000000
563234.000000
564104.000000
564943.000000
565781.000000
566612.000000
567423.000000
568225.000000
569004.000000
569779.000000
570544.000000
571314.000000
572084.000000
572837.000000
573592.000000
574355.000000
575124.000000
575870.000000
576635.000000
577365.000000
578104.000000
578841.000000
579553.000000
580260.000000
581036.000000
581855.000000
582653.000000
583435.000000
584180.000000
584925.000000
585681.000000
586474.000000
587232.000000
587952.000000
588658.000000
589373.000000
590123.000000
590929.000000
591897.000000
592721.000000
593529.000000
594346.000000
595149.000000
595953.000000
596745.000000
597534.000000
598312.000000
599087.000000
599869.000000
600655.000000
601435.000000
602213.000000
602985.000000
603757.000000
604533.000000
605317.000000
606106.000000
606887.000000
607665.000000
608442.000000
609229.000000
610017.000000
610790.000000
611559.000000
612326.000000
613091.000000
613861.000000
614629.000000
615398.000000
616174.000000
616946.000000
617722.000000
618505.000000
619293.000000
620069.000000
620854.000000
621631.000000
622406.000000
623185.000000
623962.000000
624733.000000
625510.000000
626281.000000
627052.000000
627824.000000
628592.000000
629357.000000
630133.000000
630919.000000
631708.000000
632496.000000
633280.000000
634054.000000
634821.000000
635590.000000
636367.000000
637155.000000
637926.000000
638691.000000
639431.000000
640163.000000
640895.000000
641645.000000
642435.000000
643284.000000
644128.000000
644945.000000
645746.000000
646503.000000
647233.000000
647946.000000
648669.000000
649410.000000
650211.000000
651107.000000
651948.000000
652773.000000
653589.000000
654389.000000
655188.000000
655992.000000
656808.000000
657623.000000
658431.000000
659225.000000
660002.000000
660767.000000
661518.000000
662248.000000
662996.000000
663742.000000
664476.000000
665191.000000
665895.000000
666621.000000
667364.000000
668095.000000
668803.000000
669533.000000
670278.000000
671014.000000
671743.000000
672468.000000
673226.000000
674002.000000
674787.000000
675586.000000
676357.000000
677114.000000
677856.000000
678598.000000
679388.000000
680195.000000
681102.000000
681952.000000
682763.000000
683550.000000
684332.000000
685083.000000
685823.000000
686570.000000
687365.000000
688348.000000
689225.000000
690093.000000
690960.000000
691804.000000
692630.000000
693439.000000
694237.000000
695028.000000
695813.000000
696596.000000
697407.000000
698238.000000
699085.000000
699946.000000
700808.000000
701657.000000
702490.000000
703301.000000
704103.000000
704895.000000
705682.000000
706492.000000
707339.000000
708200.000000
709074.000000
709944.000000
710804.000000
711648.000000
712475.000000
713298.000000
714095.000000
714887.000000
715682.000000
716496.000000
717337.000000
718223.000000
719114.000000
719992.000000
720850.000000
721696.000000
722525.000000
723340.000000
724147.000000
724941.000000
725727.000000
726511.000000
727311.000000
728138.000000
728999.000000
729868.000000
730733.000000
731594.000000
732454.000000
733299.000000
734133.000000
734956.000000
735769.000000
736572.000000
737367.000000
738187.000000
739064.000000
739966.000000
740882.000000
741794.000000
742683.000000
743529.000000
744350.000000
745171.000000
746001.000000
746842.000000
747691.000000
748542.000000
749390.000000
750228.000000
751063.000000
751900.000000
752743.000000
753596.000000
754459.000000
755332.000000
756189.000000
757026.000000
757856.000000
758691.000000
759522.000000
760371.000000
761215.000000
762058.000000
762873.000000
763659.000000
764411.000000
765164.000000
765912.000000
766689.000000
767532.000000
768424.000000
769301.000000
770174.000000
771035.000000
771893.000000
772740.000000
773582.000000
774411.000000
775219.000000
776016.000000
776801.000000
777583.000000
778377.000000
779179.000000
779979.000000
780769.000000
781552.000000
782331.000000
783103.000000
783883.000000
784675.000000
785485.000000
786298.000000
787122.000000
787935.000000
788732.000000
789513.000000
790292.000000
791076.000000
791872.000000
792695.000000
793543.000000
794397.000000
795244.000000
796078.000000
796904.000000
797727.000000
798535.000000
799335.000000
800142.000000
800969.000000
801836.000000
802719.000000
803620.000000
804478.000000
805334.000000
806178.000000
807002.000000
807819.000000
808642.000000
809477.000000
810353.000000
811224.000000
812103.000000
812972.000000
813837.000000
814687.000000
815544.000000
816378.000000
817217.000000
818067.000000
818911.000000
819749.000000
820572.000000
821381.000000
822178.000000
822954.000000
823720.000000
824491.000000
825278.000000
826088.000000
826898.000000
827703.000000
828511.000000
829313.000000
830117.000000
830920.000000
831708.000000
832476.000000
833229.000000
833979.000000
834729.000000
835483.000000
836234.000000
836979.000000
837709.000000
838440.000000
839170.000000
839914.000000
840652.000000
841370.000000
842092.000000
842798.000000
843512.000000
844226.000000
844939.000000
845665.000000
846380.000000
847099.000000
847837.000000
848598.000000
849355.000000
850100.000000
850833.000000
851577.000000
852337.000000
853112.000000
853861.000000
854605.000000
855349.000000
856125.000000
856908.000000
857680.000000
858437.000000
859172.000000
859884.000000
860593.000000
861316.000000
862062.000000
862807.000000
863552.000000
864294.000000
865058.000000
865829.000000
866623.000000
867389.000000
868134.000000
868864.000000
869595.000000
870341.000000
871123.000000
871910.000000
872679.000000
873453.000000
874200.000000
874950.000000
875688.000000
876445.000000
877192.000000
877943.000000
878688.000000
879421.000000
880212.000000
881037.000000
881845.000000
882617.000000
883366.000000
884106.000000
884830.000000
885563.000000
886298.000000
887048.000000
887812.000000
888578.000000
889338.000000
890126.000000
890925.000000
891738.000000
892579.000000
893375.000000
894112.000000
894838.000000
895574.000000
896346.000000
897157.000000
897988.000000
898905.000000
899707.000000
900519.000000
901356.000000
