Peaks (s)
565.000000
1315.000000
2005.000000
2689.000000
3392.000000
4161.000000
4871.000000
5606.000000
6402.000000
7165.000000
7896.000000
8630.000000
9374.000000
10097.000000
10797.000000
11504.000000
12238.000000
12980.000000
13688.000000
14381.000000
15089.000000
15812.000000
16527.000000
17212.000000
17881.000000
18556.000000
19236.000000
19943.000000
20651.000000
21365.000000
22113.000000
22888.000000
23635.000000
24334.000000
25031.000000
25749.000000
26528.000000
27270.000000
28030.000000
28858.000000
29738.000000
30548.000000
31414.000000
32334.000000
33124.000000
33946.000000
34868.000000
35749.000000
36760.000000
37811.000000
38656.000000
39479.000000
40503.000000
41499.000000
42401.000000
43334.000000
44253.000000
45127.000000
46094.000000
47085.000000
48004.000000
48950.000000
49924.000000
50898.000000
51790.000000
52726.000000
53706.000000
54656.000000
55612.000000
56655.000000
57697.000000
58656.000000
59669.000000
60678.000000
61617.000000
62588.000000
63601.000000
64559.000000
65522.000000
66580.000000
67636.000000
68606.000000
69640.000000
70659.000000
71611.000000
72598.000000
73594.000000
74555.000000
75482.000000
76476.000000
77497.000000
78469.000000
79376.000000
80324.000000
81325.000000
82300.000000
83237.000000
84288.000000
85359.000000
86372.000000
87353.000000
88383.000000
89435.000000
90467.000000
91425.000000
92422.000000
93449.000000
94486.000000
95458.000000
96524.000000
97657.000000
98742.000000
99731.000000
100761.000000
101800.000000
102816.000000
103763.000000
104732.000000
105788.000000
106852.000000
107872.000000
108893.000000
109936.000000
110984.000000
111957.000000
112942.000000
113991.000000
115088.000000
116104.000000
117050.000000
118043.000000
119058.000000
120081.000000
121015.000000
121952.000000
122962.000000
124014.000000
125049.000000
126069.000000
127044.000000
128050.000000
129044.000000
129948.000000
130920.000000
131912.000000
132958.000000
133969.000000
134958.000000
135966.000000
136986.000000
138014.000000
139013.000000
139955.000000
140965.000000
142008.000000
143044.000000
144009.000000
145019.000000
146052.000000
147093.000000
148101.000000
149078.000000
150113.000000
151179.000000
152233.000000
153233.000000
154244.000000
155287.000000
156302.000000
157263.000000
158268.000000
159308.000000
160348.000000
161348.000000
162334.000000
163379.000000
164410.000000
165416.000000
166365.000000
167379.000000
168437.000000
169464.000000
170431.000000
171442.000000
172460.000000
173439.000000
174394.000000
175409.000000
176441.000000
177482.000000
178454.000000
179439.000000
180469.000000
181518.000000
182508.000000
183460.000000
184480.000000
185576.000000
186655.000000
187663.000000
188700.000000
189794.000000
190866.000000
191877.000000
192848.000000
193870.000000
194943.000000
195937.000000
196924.000000
197982.000000
199062.000000
200123.000000
201115.000000
202151.000000
203187.000000
204166.000000
205152.000000
206157.000000
207164.000000
208125.000000
209145.000000
210193.000000
211216.000000
212173.000000
213118.000000
214117.000000
215121.000000
216129.000000
217096.000000
218166.000000
219251.000000
220287.000000
221305.000000
222323.000000
223359.000000
224342.000000
225373.000000
226425.000000
227455.000000
228558.000000
229657.000000
230729.000000
231720.000000
232771.000000
233825.000000
234823.000000
235829.000000
236888.000000
237939.000000
238930.000000
239951.000000
241041.000000
242090.000000
243114.000000
244170.000000
245245.000000
246279.000000
247346.000000
248446.000000
249498.000000
250533.000000
251602.000000
252667.000000
253644.000000
254651.000000
255700.000000
256810.000000
257889.000000
259009.000000
260102.000000
261098.000000
262078.000000
263085.000000
264141.000000
265153.000000
266173.000000
267242.000000
268291.000000
269288.000000
270335.000000
271396.000000
272386.000000
273426.000000
274494.000000
275521.000000
276540.000000
277637.000000
278770.000000
279822.000000
280933.000000
282012.000000
283008.000000
284054.000000
285132.000000
286115.000000
286995.000000
287922.000000
289058.000000
290286.000000
291486.000000
292583.000000
293605.000000
294641.000000
295694.000000
296756.000000
297794.000000
298807.000000
299865.000000
300936.000000
301992.000000
302989.000000
303957.000000
304973.000000
306026.000000
307088.000000
308084.000000
309081.000000
310097.000000
311147.000000
312203.000000
313202.000000
314164.000000
315182.000000
316227.000000
317279.000000
318275.000000
319258.000000
320271.000000
321322.000000
322363.000000
323339.000000
324307.000000
325363.000000
326469.000000
327591.000000
328651.000000
329672.000000
330678.000000
331701.000000
332701.000000
333651.000000
334560.000000
335519.000000
336587.000000
337638.000000
338613.000000
339624.000000
340653.000000
341638.000000
342573.000000
343563.000000
344604.000000
345630.000000
346598.000000
347613.000000
348639.000000
349624.000000
350569.000000
351572.000000
352648.000000
353673.000000
354658.000000
355711.000000
356785.000000
357816.000000
358789.000000
359840.000000
360905.000000
361947.000000
362945.000000
364007.000000
365088.000000
366109.000000
367130.000000
368218.000000
369376.000000
370437.000000
371500.000000
372582.000000
373630.000000
374660.000000
375744.000000
376809.000000
377861.000000
378834.000000
379800.000000
380816.000000
381851.000000
382882.000000
383854.000000
384872.000000
385908.000000
386928.000000
387878.000000
388833.000000
389861.000000
390880.000000
391827.000000
392784.000000
393824.000000
394874.000000
395830.000000
396779.000000
397777.000000
398864.000000
399883.000000
400942.000000
402030.000000
403064.000000
404062.000000
405077.000000
406077.000000
407120.000000
408182.000000
409177.000000
410192.000000
411261.000000
412291.000000
413306.000000
414346.000000
415388.000000
416382.000000
417482.000000
418617.000000
419690.000000
420787.000000
421858.000000
422848.000000
423897.000000
424975.000000
426013.000000
427142.000000
428233.000000
429247.000000
430330.000000
431404.000000
432421.000000
433543.000000
434631.000000
435663.000000
436748.000000
437841.000000
438853.000000
439920.000000
441019.000000
442037.000000
443074.000000
444143.000000
445187.000000
446143.000000
447142.000000
448213.000000
449305.000000
450322.000000
451400.000000
452526.000000
453564.000000
454620.000000
455701.000000
456707.000000
457769.000000
458884.000000
459955.000000
461020.000000
462112.000000
463129.000000
464202.000000
465248.000000
466272.000000
467408.000000
468516.000000
469586.000000
470723.000000
471775.000000
472814.000000
473882.000000
474885.000000
475992.000000
477088.000000
478100.000000
479218.000000
480403.000000
481532.000000
482731.000000
483832.000000
484947.000000
486082.000000
487105.000000
488193.000000
489291.000000
490291.000000
491332.000000
492462.000000
493512.000000
494536.000000
495622.000000
496614.000000
497606.000000
498631.000000
499608.000000
500588.000000
501613.000000
502600.000000
503631.000000
504737.000000
505758.000000
506796.000000
507855.000000
508865.000000
509834.000000
510870.000000
511958.000000
512959.000000
514044.000000
515110.000000
516141.000000
517199.000000
518256.000000
519240.000000
520304.000000
521390.000000
522394.000000
523468.000000
524515.000000
525517.000000
526598.000000
527628.000000
528672.000000
529741.000000
530734.000000
531749.000000
532855.000000
533935.000000
534968.000000
536057.000000
537103.000000
538121.000000
539218.000000
540302.000000
541344.000000
542446.000000
543511.000000
544515.000000
545584.000000
546645.000000
547648.000000
548718.000000
549767.000000
550782.000000
551853.000000
552869.000000
553875.000000
554918.000000
555931.000000
556911.000000
557971.000000
559020.000000
560061.000000
561165.000000
562186.000000
563184.000000
564238.000000
565281.000000
566356.000000
567552.000000
568636.000000
569780.000000
570914.000000
571985.000000
573119.000000
574193.000000
575238.000000
576312.000000
577347.000000
578370.000000
579483.000000
580521.000000
581594.000000
582674.000000
583648.000000
584714.000000
585774.000000
586742.000000
587787.000000
588837.000000
589807.000000
590824.000000
591853.000000
592824.000000
593849.000000
594885.000000
595838.000000
596858.000000
597912.000000
598895.000000
599897.000000
600913.000000
601863.000000
602832.000000
603878.000000
604914.000000
605893.000000
606927.000000
607971.000000
608938.000000
609957.000000
610976.000000
611950.000000
612941.000000
613971.000000
614987.000000
615989.000000
617061.000000
618091.000000
619067.000000
620092.000000
621083.000000
622032.000000
623046.000000
624074.000000
625011.000000
626007.000000
627099.000000
628183.000000
629216.000000
630279.000000
631323.000000
632311.000000
633395.000000
634490.000000
635531.000000
636662.000000
637740.000000
638720.000000
639764.000000
640858.000000
641851.000000
642849.000000
643893.000000
644934.000000
645916.000000
646964.000000
648048.000000
649028.000000
650035.000000
651084.000000
652054.000000
653066.000000
654122.000000
655129.000000
656184.000000
657257.000000
658242.000000
659244.000000
660272.000000
661284.000000
662274.000000
663334.000000
664358.000000
665340.000000
666373.000000
667391.000000
668379.000000
669428.000000
670448.000000
671474.000000
672518.000000
673539.000000
674533.000000
675609.000000
676708.000000
677721.000000
678799.000000
679869.000000
680894.000000
681977.000000
683024.000000
684039.000000
685136.000000
686186.000000
687184.000000
688215.000000
689267.000000
690234.000000
691312.000000
692384.000000
693389.000000
694456.000000
695486.000000
696470.000000
697499.000000
698515.000000
699531.000000
700610.000000
701679.000000
702695.000000
703728.000000
704738.000000
705716.000000
706785.000000
707834.000000
708852.000000
709932.000000
710965.000000
712020.000000
713113.000000
714104.000000
715140.000000
716217.000000
717243.000000
718315.000000
719415.000000
720494.000000
721557.000000
722636.000000
723695.000000
724719.000000
725868.000000
727013.000000
728211.000000
729399.000000
730463.000000
731545.000000
732630.000000
733642.000000
734708.000000
735788.000000
736810.000000
737889.000000
738962.000000
739961.000000
740990.000000
742016.000000
742988.000000
744029.000000
745028.000000
746098.000000
747071.000000
748004.000000
749044.000000
750146.000000
751229.000000
752228.000000
753275.000000
754354.000000
755350.000000
756351.000000
757405.000000
758504.000000
759559.000000
760663.000000
761751.000000
762791.000000
763845.000000
764970.000000
766058.000000
767056.000000
768129.000000
769230.000000
770241.000000
771326.000000
772355.000000
773356.000000
774488.000000
775540.000000
776590.000000
777697.000000
778701.000000
779702.000000
780701.000000
781643.000000
782677.000000
783794.000000
784845.000000
785891.000000
786965.000000
787994.000000
789047.000000
790158.000000
791250.000000
792300.000000
793368.000000
794382.000000
795401.000000
796455.000000
797446.000000
798508.000000
799571.000000
800544.000000
801563.000000
802594.000000
803574.000000
804631.000000
805661.000000
806674.000000
807774.000000
808861.000000
809916.000000
811004.000000
812041.000000
813054.000000
814159.000000
815198.000000
816257.000000
817323.000000
818326.000000
819373.000000
820458.000000
821427.000000
822429.000000
823441.000000
824388.000000
825394.000000
826502.000000
827528.000000
828522.000000
829610.000000
830616.000000
831688.000000
832796.000000
833782.000000
834757.000000
835776.000000
836758.000000
837709.000000
838772.000000
839873.000000
840877.000000
841939.000000
843028.000000
844014.000000
845031.000000
846077.000000
847042.000000
848036.000000
849117.000000
850177.000000
851201.000000
852305.000000
853432.000000
854504.000000
855601.000000
856686.000000
857724.000000
858798.000000
859877.000000
860903.000000
862088.000000
863242.000000
864329.000000
865429.000000
866438.000000
867505.000000
868531.000000
869474.000000
870494.000000
871451.000000
872394.000000
873447.000000
874454.000000
875516.000000
876565.000000
877521.000000
878487.000000
879543.000000
880623.000000
881605.000000
882688.000000
883839.000000
884876.000000
885850.000000
886918.000000
888016.000000
889074.000000
890208.000000
891367.000000
892452.000000
893529.000000
894636.000000
895679.000000
