Peaks (s)
1159.000000
2017.000000
2850.000000
3708.000000
4621.000000
5512.000000
6381.000000
7282.000000
8212.000000
9098.000000
9963.000000
10843.000000
11727.000000
12571.000000
13412.000000
14262.000000
15089.000000
15920.000000
16785.000000
17665.000000
18517.000000
19385.000000
20270.000000
21128.000000
21989.000000
22876.000000
23751.000000
24604.000000
25473.000000
26351.000000
27186.000000
28041.000000
28914.000000
29761.000000
30630.000000
31538.000000
32426.000000
33276.000000
34164.000000
35058.000000
35905.000000
36749.000000
37631.000000
38494.000000
39360.000000
40276.000000
41155.000000
42040.000000
42941.000000
43786.000000
44636.000000
45531.000000
46391.000000
47261.000000
48160.000000
49021.000000
49905.000000
50810.000000
51673.000000
52527.000000
53410.000000
54280.000000
55130.000000
55993.000000
56823.000000
57632.000000
58448.000000
59285.000000
60116.000000
60934.000000
61761.000000
62559.000000
63339.000000
64138.000000
64953.000000
65742.000000
66555.000000
67398.000000
68215.000000
69037.000000
69872.000000
70687.000000
71496.000000
72322.000000
73140.000000
73940.000000
74787.000000
75692.000000
76544.000000
77387.000000
78258.000000
79116.000000
79956.000000
80804.000000
81667.000000
82512.000000
83325.000000
84150.000000
85008.000000
85817.000000
86614.000000
87456.000000
88292.000000
89090.000000
89921.000000
90788.000000
91626.000000
92485.000000
93384.000000
94230.000000
95046.000000
95848.000000
96714.000000
97617.000000
98478.000000
99353.000000
100259.000000
101146.000000
101997.000000
102858.000000
103750.000000
104630.000000
105478.000000
106338.000000
107229.000000
108070.000000
108888.000000
109720.000000
110562.000000
111385.000000
112215.000000
113072.000000
113922.000000
114762.000000
115644.000000
116538.000000
117372.000000
118194.000000
119073.000000
120012.000000
120906.000000
121787.000000
122682.000000
123602.000000
124506.000000
125436.000000
126381.000000
127278.000000
128172.000000
129063.000000
129942.000000
130806.000000
131720.000000
132644.000000
133510.000000
134401.000000
135311.000000
136195.000000
137081.000000
137993.000000
138917.000000
139789.000000
140687.000000
141594.000000
142464.000000
143317.000000
144193.000000
145091.000000
145953.000000
146780.000000
147561.000000
148395.000000
149283.000000
150208.000000
151136.000000
151992.000000
152867.000000
153765.000000
154637.000000
155464.000000
156298.000000
157140.000000
157963.000000
158801.000000
159649.000000
160483.000000
161331.000000
162195.000000
163070.000000
163899.000000
164739.000000
165586.000000
166402.000000
167230.000000
168103.000000
168957.000000
169786.000000
170651.000000
171564.000000
172427.000000
173302.000000
174216.000000
175140.000000
176030.000000
176941.000000
177838.000000
178693.000000
179557.000000
180462.000000
181336.000000
182222.000000
183129.000000
183995.000000
184858.000000
185749.000000
186640.000000
187539.000000
188451.000000
189319.000000
190191.000000
191049.000000
191860.000000
192647.000000
193434.000000
194219.000000
194991.000000
195775.000000
196595.000000
197407.000000
198230.000000
199078.000000
199913.000000
200760.000000
201648.000000
202520.000000
203389.000000
204275.000000
205126.000000
205955.000000
206798.000000
207635.000000
208434.000000
209236.000000
210099.000000
210949.000000
211788.000000
212696.000000
213573.000000
214421.000000
215290.000000
216177.000000
217031.000000
217920.000000
218819.000000
219686.000000
220556.000000
221454.000000
222319.000000
223205.000000
224148.000000
225041.000000
225903.000000
226780.000000
227651.000000
228497.000000
229337.000000
230185.000000
231004.000000
231796.000000
232610.000000
233491.000000
234339.000000
235196.000000
236083.000000
236936.000000
237795.000000
238672.000000
239533.000000
240408.000000
241287.000000
242139.000000
242992.000000
243879.000000
244765.000000
245625.000000
246522.000000
247430.000000
248297.000000
249166.000000
250043.000000
250883.000000
251708.000000
252556.000000
253411.000000
254244.000000
255096.000000
255949.000000
256771.000000
257615.000000
258467.000000
259289.000000
260121.000000
260978.000000
261826.000000
262649.000000
263517.000000
264410.000000
265241.000000
266079.000000
266938.000000
267776.000000
268587.000000
269420.000000
270288.000000
271124.000000
271955.000000
272857.000000
273734.000000
274566.000000
275411.000000
276271.000000
277096.000000
277940.000000
278837.000000
279733.000000
280595.000000
281469.000000
282372.000000
283244.000000
284081.000000
284941.000000
285818.000000
286679.000000
287533.000000
288423.000000
289307.000000
290140.000000
290970.000000
291842.000000
292698.000000
293508.000000
294339.000000
295205.000000
296073.000000
296956.000000
297869.000000
298786.000000
299725.000000
300700.000000
301593.000000
302433.000000
303324.000000
304234.000000
305081.000000
305924.000000
306810.000000
307700.000000
308542.000000
309389.000000
310269.000000
311148.000000
312007.000000
312892.000000
313799.000000
314699.000000
315607.000000
316534.000000
317378.000000
318195.000000
318969.000000
319678.000000
320353.000000
321023.000000
321695.000000
322408.000000
323197.000000
323983.000000
324745.000000
325532.000000
326359.000000
327180.000000
327993.000000
328818.000000
329653.000000
330457.000000
331289.000000
332141.000000
332994.000000
333834.000000
334698.000000
335605.000000
336493.000000
337337.000000
338188.000000
339051.000000
339914.000000
340763.000000
341644.000000
342549.000000
343444.000000
344322.000000
345212.000000
346116.000000
346977.000000
347864.000000
348771.000000
349655.000000
350490.000000
351339.000000
352198.000000
353042.000000
353850.000000
354670.000000
355494.000000
356314.000000
357115.000000
357956.000000
358816.000000
359629.000000
360425.000000
361242.000000
362051.000000
362837.000000
363637.000000
364491.000000
365336.000000
366135.000000
366936.000000
367760.000000
368568.000000
369360.000000
370165.000000
371030.000000
371922.000000
372763.000000
373563.000000
374376.000000
375213.000000
376039.000000
376843.000000
377677.000000
378534.000000
379357.000000
380203.000000
381068.000000
381905.000000
382706.000000
383510.000000
384340.000000
385196.000000
386020.000000
386851.000000
387695.000000
388555.000000
389412.000000
390291.000000
391180.000000
392045.000000
392915.000000
393775.000000
394603.000000
395425.000000
396287.000000
397138.000000
397955.000000
398751.000000
399566.000000
400386.000000
401174.000000
401981.000000
402826.000000
403634.000000
404420.000000
405238.000000
406095.000000
406917.000000
407726.000000
408558.000000
409380.000000
410171.000000
410963.000000
411802.000000
412653.000000
413493.000000
414393.000000
415285.000000
416142.000000
417016.000000
417910.000000
418779.000000
419651.000000
420538.000000
421422.000000
422290.000000
423169.000000
424077.000000
424941.000000
425798.000000
426702.000000
427577.000000
428393.000000
429205.000000
430064.000000
430917.000000
431743.000000
432616.000000
433504.000000
434353.000000
435203.000000
436104.000000
436994.000000
437833.000000
438637.000000
439465.000000
440336.000000
441214.000000
442060.000000
442896.000000
443771.000000
444670.000000
445549.000000
446391.000000
447279.000000
448184.000000
449052.000000
449931.000000
450838.000000
451708.000000
452550.000000
453407.000000
454298.000000
455159.000000
455980.000000
456860.000000
457771.000000
458641.000000
459496.000000
460388.000000
461284.000000
462146.000000
463007.000000
463875.000000
464743.000000
465576.000000
466426.000000
467289.000000
468127.000000
468975.000000
469852.000000
470682.000000
471477.000000
472277.000000
473104.000000
473907.000000
474700.000000
475500.000000
476331.000000
477144.000000
477957.000000
478782.000000
479604.000000
480394.000000
481221.000000
482081.000000
482902.000000
483700.000000
484536.000000
485401.000000
486227.000000
487065.000000
487916.000000
488779.000000
489613.000000
490460.000000
491317.000000
492146.000000
492963.000000
493798.000000
494602.000000
495397.000000
496233.000000
497111.000000
497961.000000
498830.000000
499715.000000
500570.000000
501424.000000
502276.000000
503099.000000
503926.000000
504808.000000
505690.000000
506527.000000
507350.000000
508195.000000
509049.000000
509876.000000
510695.000000
511527.000000
512357.000000
513161.000000
513976.000000
514810.000000
515640.000000
516470.000000
517345.000000
518225.000000
519063.000000
519896.000000
520761.000000
521648.000000
522500.000000
523350.000000
524226.000000
525122.000000
525969.000000
526845.000000
527720.000000
528573.000000
529387.000000
530201.000000
531066.000000
531935.000000
532771.000000
533588.000000
534428.000000
535294.000000
536150.000000
537019.000000
537919.000000
538845.000000
539704.000000
540554.000000
541412.000000
542258.000000
543089.000000
543937.000000
544811.000000
545659.000000
546507.000000
547370.000000
548214.000000
549042.000000
549883.000000
550736.000000
551574.000000
552429.000000
553321.000000
554212.000000
555061.000000
555918.000000
556817.000000
557668.000000
558488.000000
559328.000000
560199.000000
561043.000000
561852.000000
562668.000000
563551.000000
564455.000000
565331.000000
566202.000000
567082.000000
567934.000000
568779.000000
569614.000000
570425.000000
571212.000000
572012.000000
572842.000000
573648.000000
574483.000000
575357.000000
576200.000000
577035.000000
577895.000000
578743.000000
579562.000000
580395.000000
581250.000000
582086.000000
582909.000000
583760.000000
584595.000000
585389.000000
586149.000000
586908.000000
587744.000000
588605.000000
589441.000000
590270.000000
591085.000000
591839.000000
592540.000000
593193.000000
593861.000000
594612.000000
595400.000000
596169.000000
596867.000000
597556.000000
598300.000000
599072.000000
599841.000000
600609.000000
601443.000000
602404.000000
603339.000000
604245.000000
605110.000000
605988.000000
606877.000000
607747.000000
608583.000000
609417.000000
610254.000000
611104.000000
611954.000000
612841.000000
613727.000000
614584.000000
615412.000000
616245.000000
617090.000000
617907.000000
618751.000000
619576.000000
620401.000000
621224.000000
622060.000000
622928.000000
623771.000000
624626.000000
625505.000000
626375.000000
627226.000000
628113.000000
629026.000000
629891.000000
630748.000000
631618.000000
632467.000000
633328.000000
634241.000000
635142.000000
635997.000000
636869.000000
637763.000000
638609.000000
639449.000000
640301.000000
641125.000000
641933.000000
642754.000000
643606.000000
644437.000000
645287.000000
646161.000000
647015.000000
647833.000000
648663.000000
649490.000000
650305.000000
651158.000000
652034.000000
652888.000000
653716.000000
654580.000000
655475.000000
656352.000000
657240.000000
658141.000000
658999.000000
659845.000000
660721.000000
661579.000000
662434.000000
663303.000000
664159.000000
664992.000000
665852.000000
666722.000000
667569.000000
668434.000000
669318.000000
670178.000000
671027.000000
671889.000000
672703.000000
673485.000000
674295.000000
675129.000000
675950.000000
676753.000000
677583.000000
678447.000000
679294.000000
680117.000000
680959.000000
681882.000000
682754.000000
683605.000000
684483.000000
685378.000000
686239.000000
687099.000000
687983.000000
688844.000000
689699.000000
690578.000000
691424.000000
692245.000000
693092.000000
693948.000000
694777.000000
695618.000000
696498.000000
697357.000000
698200.000000
699073.000000
699958.000000
700809.000000
701670.000000
702547.000000
703403.000000
704256.000000
705132.000000
706028.000000
706883.000000
707720.000000
708580.000000
709451.000000
710290.000000
711130.000000
711996.000000
712888.000000
713758.000000
714615.000000
715478.000000
716310.000000
717127.000000
717938.000000
718749.000000
719553.000000
720423.000000
721348.000000
722243.000000
723098.000000
723963.000000
724808.000000
725643.000000
726518.000000
727388.000000
728221.000000
729031.000000
729876.000000
730757.000000
731604.000000
732441.000000
733312.000000
734173.000000
735013.000000
735872.000000
736751.000000
737618.000000
738443.000000
739287.000000
740173.000000
741032.000000
741880.000000
742738.000000
743568.000000
744364.000000
745186.000000
746012.000000
746831.000000
747648.000000
748475.000000
749299.000000
750099.000000
750944.000000
751845.000000
752728.000000
753582.000000
754433.000000
755268.000000
756071.000000
756882.000000
757702.000000
758514.000000
759337.000000
760161.000000
760968.000000
761765.000000
762585.000000
763432.000000
764268.000000
765144.000000
766017.000000
766861.000000
767713.000000
768624.000000
769529.000000
770402.000000
771300.000000
772183.000000
773031.000000
773928.000000
774869.000000
775770.000000
776667.000000
777593.000000
778507.000000
779383.000000
780281.000000
781183.000000
782043.000000
782911.000000
783798.000000
784659.000000
785528.000000
786398.000000
787252.000000
788096.000000
788961.000000
789818.000000
790657.000000
791523.000000
792405.000000
793260.000000
794098.000000
794972.000000
795838.000000
796679.000000
797547.000000
798426.000000
799284.000000
800138.000000
801022.000000
801891.000000
802719.000000
803539.000000
804400.000000
805281.000000
806124.000000
806958.000000
807767.000000
808530.000000
809269.000000
810025.000000
810773.000000
811511.000000
812260.000000
813020.000000
813785.000000
814551.000000
815296.000000
816033.000000
816775.000000
817510.000000
818258.000000
819023.000000
819793.000000
820549.000000
821301.000000
822063.000000
822850.000000
823690.000000
824513.000000
825336.000000
826210.000000
827066.000000
827893.000000
828742.000000
829597.000000
830430.000000
831270.000000
832140.000000
833002.000000
833821.000000
834612.000000
835431.000000
836287.000000
837165.000000
838008.000000
838819.000000
839627.000000
840478.000000
841378.000000
842239.000000
843101.000000
843973.000000
844813.000000
845635.000000
846459.000000
847314.000000
848186.000000
849029.000000
849874.000000
850730.000000
851572.000000
852386.000000
853181.000000
854006.000000
854872.000000
855802.000000
856706.000000
857572.000000
858459.000000
859345.000000
860199.000000
861054.000000
861935.000000
862818.000000
863667.000000
864489.000000
865349.000000
866257.000000
867198.000000
868086.000000
868938.000000
869801.000000
870719.000000
871670.000000
872559.000000
873409.000000
874297.000000
875205.000000
876068.000000
876907.000000
877753.000000
878640.000000
879554.000000
880466.000000
881378.000000
882270.000000
883127.000000
883962.000000
884782.000000
885614.000000
886493.000000
887429.000000
888371.000000
889290.000000
890194.000000
891079.000000
891917.000000
892707.000000
893481.000000
894269.000000
895128.000000
896056.000000
896991.000000
897898.000000
898753.000000
899572.000000
900364.000000
901153.000000
901993.000000
902885.000000
903770.000000
904614.000000
905448.000000
906298.000000
907144.000000
907960.000000
908757.000000
909601.000000
910510.000000
911444.000000
912331.000000
913182.000000
913993.000000
914809.000000
915646.000000
916515.000000
917379.000000
918246.000000
919123.000000
920043.000000
920952.000000
921830.000000
922721.000000
923625.000000
924505.000000
925358.000000
926218.000000
927081.000000
927916.000000
928749.000000
929589.000000
930421.000000
931230.000000
932062.000000
932937.000000
933809.000000
934657.000000
935518.000000
936380.000000
937202.000000
938013.000000
938843.000000
939676.000000
940490.000000
941317.000000
942178.000000
943038.000000
943860.000000
944647.000000
945451.000000
946321.000000
947234.000000
948087.000000
948888.000000
949663.000000
950465.000000
951349.000000
952253.000000
953158.000000
954004.000000
954821.000000
955657.000000
956523.000000
957384.000000
958220.000000
959098.000000
959972.000000
960839.000000
961683.000000
962532.000000
963396.000000
964260.000000
965098.000000
965921.000000
966753.000000
967592.000000
968476.000000
969369.000000
970248.000000
971085.000000
971906.000000
972746.000000
973626.000000
974523.000000
975380.000000
976189.000000
976989.000000
977786.000000
978596.000000
979518.000000
980450.000000
981374.000000
982284.000000
983143.000000
983966.000000
984798.000000
985664.000000
986574.000000
987491.000000
988400.000000
989260.000000
990079.000000
990908.000000
991775.000000
992667.000000
993552.000000
994460.000000
995363.000000
996236.000000
997119.000000
998023.000000
998901.000000
999736.000000
1000555.000000
1001411.000000
1002328.000000
1003276.000000
1004216.000000
1005108.000000
1005978.000000
1006869.000000
1007777.000000
1008653.000000
1009548.000000
1010451.000000
1011349.000000
1012205.000000
1013092.000000
1013978.000000
1014831.000000
1015691.000000
1016568.000000
1017451.000000
1018309.000000
1019138.000000
1019984.000000
1020865.000000
1021737.000000
1022570.000000
1023383.000000
1024217.000000
1025079.000000
1025918.000000
1026726.000000
1027527.000000
1028373.000000
1029252.000000
1030144.000000
1030972.000000
1031759.000000
1032543.000000
1033364.000000
1034224.000000
1035040.000000
1035821.000000
1036585.000000
1037373.000000
1038242.000000
1039125.000000
1039989.000000
1040848.000000
1041700.000000
1042522.000000
1043349.000000
1044191.000000
1045047.000000
1045866.000000
1046657.000000
1047448.000000
1048294.000000
1049178.000000
1050032.000000
1050858.000000
1051712.000000
1052595.000000
1053464.000000
1054304.000000
1055169.000000
1056062.000000
1056917.000000
1057733.000000
1058536.000000
1059373.000000
1060245.000000
1061130.000000
1061975.000000
1062843.000000
1063723.000000
1064555.000000
1065360.000000
1066173.000000
1067019.000000
1067872.000000
1068676.000000
1069448.000000
1070214.000000
1071047.000000
1071928.000000
1072827.000000
1073709.000000
1074544.000000
1075341.000000
1076124.000000
1076962.000000
1077883.000000
1078824.000000
1079738.000000
1080587.000000
1081411.000000
1082246.000000
1083143.000000
1084070.000000
1084995.000000
1085858.000000
1086687.000000
1087507.000000
1088353.000000
1089205.000000
1090031.000000
1090862.000000
1091714.000000
1092563.000000
1093388.000000
1094207.000000
1095057.000000
1095923.000000
1096764.000000
1097604.000000
1098461.000000
1099315.000000
1100144.000000
1100980.000000
1101826.000000
1102690.000000
1103518.000000
1104344.000000
1105187.000000
1106039.000000
1106865.000000
1107639.000000
1108415.000000
1109240.000000
1110138.000000
1111031.000000
1111869.000000
1112706.000000
1113586.000000
1114461.000000
1115302.000000
1116117.000000
1116946.000000
1117821.000000
1118711.000000
1119605.000000
1120466.000000
1121342.000000
1122238.000000
1123118.000000
1123971.000000
1124844.000000
1125716.000000
1126571.000000
1127395.000000
1128211.000000
1129002.000000
1129754.000000
1130459.000000
1131149.000000
1131883.000000
1132669.000000
1133486.000000
1134284.000000
1135066.000000
1135868.000000
1136724.000000
1137599.000000
1138441.000000
1139262.000000
1140096.000000
1140968.000000
1141838.000000
1142672.000000
1143487.000000
1144344.000000
1145259.000000
1146178.000000
1147078.000000
1147979.000000
1148875.000000
1149765.000000
1150614.000000
1151448.000000
1152296.000000
1153161.000000
1154000.000000
1154813.000000
1155642.000000
1156491.000000
1157327.000000
1158141.000000
1158925.000000
1159702.000000
1160524.000000
1161452.000000
1162386.000000
1163301.000000
1164187.000000
1165026.000000
1165835.000000
1166648.000000
1167504.000000
1168405.000000
1169301.000000
1170148.000000
1170965.000000
1171790.000000
1172651.000000
1173544.000000
1174413.000000
1175244.000000
1176070.000000
1176919.000000
1177822.000000
1178740.000000
1179646.000000
1180491.000000
1181332.000000
1182183.000000
1183048.000000
1183878.000000
1184733.000000
1185608.000000
1186481.000000
1187330.000000
1188204.000000
1189094.000000
1189988.000000
1190852.000000
1191717.000000
1192581.000000
1193444.000000
1194273.000000
1195114.000000
1195970.000000
1196849.000000
1197701.000000
1198583.000000
1199489.000000
1200366.000000
1201238.000000
1202127.000000
1203015.000000
1203861.000000
1204667.000000
1205453.000000
1206299.000000
1207209.000000
1208141.000000
1209034.000000
1209893.000000
1210768.000000
1211671.000000
1212544.000000
1213442.000000
1214364.000000
1215278.000000
1216150.000000
1217019.000000
1217902.000000
1218805.000000
1219680.000000
1220541.000000
1221429.000000
1222316.000000
1223164.000000
1223974.000000
1224775.000000
1225612.000000
1226499.000000
1227440.000000
1228350.000000
1229213.000000
1230038.000000
1230861.000000
1231740.000000
1232668.000000
1233595.000000
1234488.000000
1235372.000000
1236262.000000
1237128.000000
1237992.000000
1238873.000000
1239786.000000
1240707.000000
1241601.000000
1242492.000000
1243398.000000
1244292.000000
1245166.000000
1246038.000000
1246927.000000
1247785.000000
1248611.000000
1249462.000000
1250378.000000
1251312.000000
1252204.000000
1253048.000000
1253883.000000
1254754.000000
1255671.000000
1256559.000000
1257433.000000
1258327.000000
1259245.000000
1260112.000000
1260944.000000
1261785.000000
1262659.000000
1263517.000000
1264398.000000
1265311.000000
1266217.000000
1267081.000000
1267925.000000
1268806.000000
1269708.000000
1270598.000000
1271446.000000
1272260.000000
1273080.000000
