Peaks (s)
417.000000
1166.000000
1921.000000
2686.000000
3462.000000
4250.000000
5007.000000
5767.000000
6540.000000
7319.000000
8087.000000
8848.000000
9606.000000
10374.000000
11153.000000
11940.000000
12712.000000
13469.000000
14235.000000
15004.000000
15775.000000
16554.000000
17345.000000
18142.000000
18964.000000
19784.000000
20562.000000
21346.000000
22128.000000
22902.000000
23662.000000
24416.000000
25169.000000
25920.000000
26687.000000
27442.000000
28198.000000
28970.000000
29772.000000
30561.000000
31340.000000
32106.000000
32875.000000
33635.000000
34389.000000
35135.000000
35892.000000
36669.000000
37490.000000
38277.000000
39078.000000
39881.000000
40685.000000
41470.000000
42238.000000
43011.000000
43799.000000
44603.000000
45385.000000
46159.000000
46945.000000
47740.000000
48514.000000
49287.000000
50070.000000
50854.000000
51640.000000
52428.000000
53227.000000
54021.000000
54788.000000
55552.000000
56333.000000
57126.000000
57922.000000
58766.000000
59596.000000
60398.000000
61214.000000
62022.000000
62811.000000
63594.000000
64369.000000
65144.000000
65911.000000
66697.000000
67480.000000
68254.000000
69052.000000
69854.000000
70633.000000
71440.000000
72249.000000
73027.000000
73814.000000
74612.000000
75424.000000
76223.000000
77040.000000
77874.000000
78680.000000
79472.000000
80270.000000
81057.000000
81842.000000
82647.000000
83506.000000
84332.000000
85125.000000
85881.000000
86633.000000
87413.000000
88194.000000
89002.000000
89799.000000
90583.000000
91384.000000
92202.000000
93027.000000
93821.000000
94615.000000
95425.000000
96241.000000
97047.000000
97872.000000
98692.000000
99501.000000
100297.000000
101102.000000
101906.000000
102700.000000
103489.000000
104291.000000
105093.000000
105864.000000
106642.000000
107424.000000
108212.000000
109007.000000
109800.000000
110627.000000
111460.000000
112269.000000
113080.000000
113913.000000
114732.000000
115518.000000
116310.000000
117117.000000
117917.000000
118705.000000
119513.000000
120334.000000
121157.000000
121958.000000
122783.000000
123604.000000
124385.000000
125169.000000
125949.000000
126724.000000
127518.000000
128341.000000
129171.000000
129971.000000
130776.000000
131593.000000
132397.000000
133193.000000
133995.000000
134783.000000
135573.000000
136388.000000
137199.000000
137992.000000
138796.000000
139608.000000
140435.000000
141279.000000
142135.000000
142981.000000
143810.000000
144652.000000
145470.000000
146253.000000
147039.000000
147816.000000
148584.000000
149358.000000
150146.000000
150958.000000
151732.000000
152537.000000
153353.000000
154164.000000
154958.000000
155786.000000
156615.000000
157404.000000
158195.000000
158982.000000
159740.000000
160510.000000
161310.000000
162116.000000
162897.000000
163710.000000
164512.000000
165296.000000
166102.000000
166903.000000
167698.000000
168522.000000
169344.000000
170174.000000
171009.000000
171810.000000
172622.000000
173425.000000
174198.000000
174998.000000
175783.000000
176575.000000
177394.000000
178212.000000
179013.000000
179831.000000
180642.000000
181446.000000
182258.000000
183046.000000
183828.000000
184621.000000
185405.000000
186183.000000
186975.000000
187796.000000
188608.000000
189445.000000
190287.000000
191087.000000
191901.000000
192701.000000
193489.000000
194292.000000
195090.000000
195879.000000
196693.000000
197520.000000
198320.000000
199149.000000
199967.000000
200769.000000
201585.000000
202395.000000
203191.000000
204002.000000
204839.000000
205641.000000
206467.000000
207298.000000
208100.000000
208903.000000
209717.000000
210541.000000
211346.000000
212168.000000
213000.000000
213799.000000
214609.000000
215428.000000
216246.000000
217048.000000
217880.000000
218701.000000
219501.000000
220330.000000
221170.000000
221983.000000
222833.000000
223673.000000
224480.000000
225279.000000
226078.000000
226880.000000
227664.000000
228408.000000
229164.000000
229932.000000
230710.000000
231516.000000
232349.000000
233140.000000
233944.000000
234748.000000
235550.000000
236347.000000
237150.000000
237958.000000
238743.000000
239545.000000
240356.000000
241157.000000
241954.000000
242777.000000
243591.000000
244378.000000
245168.000000
245972.000000
246776.000000
247559.000000
248359.000000
249161.000000
249945.000000
250739.000000
251554.000000
252381.000000
253183.000000
254007.000000
254824.000000
255611.000000
256415.000000
257239.000000
258050.000000
258880.000000
259709.000000
260501.000000
261302.000000
262107.000000
262902.000000
263711.000000
264542.000000
265366.000000
266198.000000
267049.000000
267882.000000
268706.000000
269540.000000
270388.000000
271188.000000
271992.000000
272793.000000
273568.000000
274353.000000
275152.000000
275964.000000
276789.000000
277638.000000
278466.000000
279296.000000
280133.000000
280946.000000
281764.000000
282592.000000
283383.000000
284197.000000
284991.000000
285777.000000
286578.000000
287387.000000
288193.000000
289005.000000
289872.000000
290777.000000
291658.000000
292554.000000
293402.000000
294246.000000
295088.000000
295882.000000
296665.000000
297450.000000
298247.000000
299038.000000
299853.000000
300709.000000
301588.000000
302424.000000
303283.000000
304180.000000
305051.000000
305901.000000
306762.000000
307644.000000
308491.000000
309307.000000
310147.000000
310995.000000
311816.000000
312642.000000
313485.000000
314307.000000
315118.000000
315951.000000
316830.000000
317668.000000
318527.000000
319382.000000
320200.000000
320998.000000
321804.000000
322603.000000
323389.000000
324207.000000
325060.000000
325880.000000
326697.000000
327551.000000
328382.000000
329186.000000
330011.000000
330851.000000
331651.000000
332448.000000
333258.000000
334056.000000
334834.000000
335645.000000
336469.000000
337287.000000
338145.000000
339025.000000
339868.000000
340679.000000
341499.000000
342305.000000
343075.000000
343839.000000
344623.000000
345438.000000
346251.000000
347058.000000
347825.000000
348610.000000
349408.000000
350228.000000
351079.000000
351887.000000
352675.000000
353481.000000
354298.000000
355080.000000
355869.000000
356674.000000
357464.000000
358254.000000
359045.000000
359838.000000
360619.000000
361420.000000
362229.000000
363020.000000
363836.000000
364658.000000
365456.000000
366254.000000
367068.000000
367873.000000
368656.000000
369446.000000
370255.000000
371032.000000
371833.000000
372637.000000
373424.000000
374212.000000
375018.000000
375812.000000
376622.000000
377451.000000
378282.000000
379088.000000
379883.000000
380701.000000
381510.000000
382302.000000
383118.000000
383937.000000
384723.000000
385505.000000
386292.000000
387074.000000
387844.000000
388625.000000
389420.000000
390196.000000
390985.000000
391806.000000
392632.000000
393434.000000
394248.000000
395063.000000
395836.000000
396604.000000
397385.000000
398196.000000
398980.000000
399777.000000
400601.000000
401397.000000
402210.000000
403036.000000
403833.000000
404624.000000
405428.000000
406229.000000
407016.000000
407818.000000
408627.000000
409424.000000
410239.000000
411074.000000
411888.000000
412700.000000
413551.000000
414429.000000
415278.000000
416135.000000
416983.000000
417829.000000
418626.000000
419435.000000
420264.000000
421082.000000
421898.000000
422756.000000
423596.000000
424444.000000
425333.000000
426222.000000
427058.000000
427898.000000
428738.000000
429546.000000
430360.000000
431201.000000
432037.000000
432860.000000
433710.000000
434568.000000
435386.000000
436236.000000
437091.000000
437904.000000
438737.000000
439568.000000
440377.000000
441228.000000
442095.000000
442952.000000
443799.000000
444670.000000
445539.000000
446363.000000
447193.000000
448039.000000
448862.000000
449680.000000
450524.000000
451355.000000
452176.000000
453017.000000
453865.000000
454688.000000
455496.000000
456322.000000
457179.000000
458009.000000
458853.000000
459725.000000
460590.000000
461439.000000
462316.000000
463198.000000
464020.000000
464846.000000
465676.000000
466484.000000
467287.000000
468112.000000
468964.000000
469791.000000
470630.000000
471465.000000
472266.000000
473072.000000
473892.000000
474687.000000
475489.000000
476330.000000
477164.000000
477978.000000
478833.000000
479670.000000
480474.000000
481298.000000
482104.000000
482888.000000
483684.000000
484497.000000
485292.000000
486103.000000
486924.000000
487736.000000
488553.000000
489398.000000
490240.000000
491048.000000
491870.000000
492663.000000
493462.000000
494270.000000
495060.000000
495867.000000
496676.000000
497502.000000
498297.000000
499104.000000
499922.000000
500746.000000
501543.000000
502350.000000
503179.000000
503992.000000
504810.000000
505632.000000
506419.000000
507207.000000
508017.000000
508854.000000
509669.000000
510476.000000
511322.000000
512189.000000
513009.000000
513807.000000
514616.000000
515419.000000
516204.000000
516976.000000
517769.000000
518605.000000
519417.000000
520210.000000
521043.000000
521906.000000
522717.000000
523532.000000
524370.000000
525196.000000
526006.000000
526838.000000
527681.000000
528487.000000
529274.000000
530064.000000
530865.000000
531676.000000
532471.000000
533297.000000
534118.000000
534919.000000
535700.000000
536498.000000
537310.000000
538099.000000
538869.000000
539659.000000
540470.000000
541292.000000
542086.000000
542877.000000
543690.000000
544480.000000
545256.000000
546039.000000
546842.000000
547640.000000
548426.000000
549219.000000
550024.000000
550838.000000
551652.000000
552458.000000
553277.000000
554103.000000
554902.000000
555711.000000
556521.000000
557311.000000
558092.000000
558880.000000
559667.000000
560438.000000
561215.000000
562001.000000
562821.000000
563629.000000
564445.000000
565291.000000
566132.000000
566935.000000
567744.000000
568577.000000
569389.000000
570177.000000
570983.000000
571798.000000
572603.000000
573394.000000
574202.000000
575030.000000
575856.000000
576669.000000
577518.000000
578379.000000
579197.000000
580019.000000
580845.000000
581642.000000
582433.000000
583234.000000
584045.000000
584837.000000
585622.000000
586421.000000
587235.000000
588030.000000
588824.000000
589628.000000
590438.000000
591239.000000
592062.000000
592870.000000
593628.000000
594380.000000
595127.000000
595884.000000
596687.000000
597520.000000
598327.000000
599111.000000
599916.000000
600732.000000
601535.000000
602335.000000
603156.000000
603977.000000
604780.000000
605598.000000
606426.000000
607237.000000
608051.000000
608861.000000
609641.000000
610400.000000
611164.000000
611954.000000
612767.000000
613561.000000
614369.000000
615227.000000
616094.000000
616926.000000
617790.000000
618614.000000
619427.000000
620235.000000
621045.000000
621845.000000
622667.000000
623463.000000
624257.000000
625095.000000
625956.000000
626790.000000
627629.000000
628496.000000
629342.000000
630168.000000
631002.000000
631849.000000
632668.000000
633473.000000
634284.000000
635090.000000
635870.000000
636644.000000
637423.000000
638232.000000
639032.000000
639835.000000
640645.000000
641482.000000
642287.000000
643105.000000
643952.000000
644772.000000
645591.000000
646420.000000
647230.000000
648023.000000
648825.000000
649629.000000
650435.000000
651264.000000
652108.000000
652932.000000
653768.000000
654593.000000
655398.000000
656219.000000
657039.000000
657839.000000
658642.000000
659472.000000
660288.000000
661093.000000
661920.000000
662719.000000
663507.000000
664301.000000
665124.000000
665920.000000
666704.000000
667506.000000
668312.000000
669096.000000
669890.000000
670692.000000
671475.000000
672268.000000
673084.000000
673934.000000
674736.000000
675548.000000
676403.000000
677246.000000
678051.000000
678855.000000
679672.000000
680485.000000
681296.000000
682092.000000
682891.000000
683762.000000
684667.000000
685569.000000
686449.000000
687282.000000
688058.000000
688852.000000
689635.000000
690416.000000
691224.000000
692044.000000
692866.000000
693699.000000
694500.000000
695297.000000
696097.000000
696874.000000
697651.000000
698441.000000
699232.000000
700012.000000
700823.000000
701624.000000
702431.000000
703215.000000
703991.000000
704774.000000
705548.000000
706309.000000
707085.000000
707856.000000
708629.000000
709413.000000
710187.000000
710987.000000
711820.000000
712637.000000
713429.000000
714238.000000
715022.000000
715811.000000
716600.000000
717388.000000
718170.000000
718966.000000
719817.000000
720690.000000
721532.000000
722399.000000
723240.000000
724048.000000
724886.000000
725702.000000
726500.000000
727313.000000
728126.000000
728929.000000
729753.000000
730606.000000
731426.000000
732266.000000
733107.000000
733926.000000
734767.000000
735614.000000
736425.000000
737239.000000
738036.000000
738816.000000
739580.000000
740360.000000
741168.000000
741970.000000
742815.000000
743652.000000
744468.000000
745266.000000
746086.000000
746947.000000
747755.000000
748519.000000
749306.000000
750109.000000
750926.000000
751749.000000
752532.000000
753307.000000
754093.000000
754887.000000
755670.000000
756475.000000
757336.000000
758203.000000
759006.000000
759817.000000
760626.000000
761421.000000
762209.000000
763026.000000
763829.000000
764658.000000
765484.000000
766333.000000
767168.000000
767986.000000
768813.000000
769649.000000
770463.000000
771283.000000
772110.000000
772919.000000
773716.000000
774564.000000
775393.000000
776192.000000
776992.000000
777792.000000
778595.000000
779408.000000
780282.000000
781194.000000
782046.000000
782927.000000
783796.000000
784644.000000
785517.000000
786378.000000
787214.000000
788065.000000
788900.000000
789716.000000
790554.000000
791407.000000
792241.000000
793078.000000
793958.000000
794849.000000
795706.000000
796562.000000
797387.000000
798200.000000
799036.000000
799847.000000
800684.000000
801533.000000
802358.000000
803164.000000
803977.000000
804804.000000
805598.000000
806409.000000
807246.000000
808072.000000
808909.000000
809767.000000
810614.000000
811446.000000
812294.000000
813185.000000
814028.000000
814854.000000
815697.000000
816495.000000
817297.000000
818110.000000
818934.000000
819748.000000
820582.000000
821451.000000
822346.000000
823204.000000
824065.000000
824921.000000
825757.000000
826600.000000
827451.000000
828271.000000
829078.000000
829895.000000
830723.000000
831528.000000
832334.000000
833168.000000
833993.000000
834823.000000
835690.000000
836555.000000
837396.000000
838260.000000
839099.000000
839927.000000
840759.000000
841587.000000
842391.000000
843208.000000
844037.000000
844853.000000
845692.000000
846550.000000
847364.000000
848180.000000
849001.000000
849812.000000
850603.000000
851424.000000
852264.000000
853103.000000
853970.000000
854843.000000
855713.000000
856544.000000
857395.000000
858256.000000
859067.000000
859867.000000
860684.000000
861513.000000
862321.000000
863135.000000
863992.000000
864882.000000
865720.000000
866539.000000
867373.000000
868238.000000
869070.000000
869870.000000
870666.000000
871485.000000
872379.000000
873267.000000
874162.000000
875067.000000
875916.000000
876772.000000
877630.000000
878472.000000
879322.000000
880159.000000
880967.000000
881805.000000
882614.000000
883435.000000
884251.000000
885053.000000
885854.000000
886651.000000
887459.000000
888237.000000
889036.000000
889841.000000
890624.000000
891421.000000
892247.000000
893047.000000
893840.000000
894648.000000
895460.000000
896257.000000
897060.000000
897877.000000
898666.000000
899443.000000
900226.000000
901009.000000
901781.000000
902581.000000
903414.000000
904217.000000
905037.000000
905854.000000
906638.000000
907415.000000
908196.000000
908963.000000
909732.000000
910529.000000
911333.000000
912162.000000
913024.000000
913859.000000
914702.000000
915563.000000
916398.000000
917220.000000
918062.000000
918949.000000
919776.000000
920597.000000
921425.000000
922223.000000
923002.000000
923781.000000
924582.000000
925366.000000
926163.000000
927015.000000
927880.000000
928720.000000
929597.000000
930487.000000
931345.000000
932166.000000
932993.000000
933795.000000
934575.000000
935373.000000
936196.000000
937034.000000
937847.000000
938662.000000
939464.000000
940226.000000
941010.000000
941807.000000
942609.000000
943451.000000
944300.000000
945122.000000
945944.000000
946769.000000
947584.000000
948417.000000
949260.000000
950074.000000
950901.000000
951732.000000
952540.000000
953367.000000
954206.000000
955026.000000
955854.000000
956692.000000
957510.000000
958368.000000
959213.000000
960034.000000
960874.000000
961728.000000
962563.000000
963419.000000
964283.000000
965126.000000
965995.000000
966858.000000
967710.000000
968517.000000
969328.000000
970163.000000
970999.000000
971811.000000
972640.000000
973484.000000
974298.000000
975118.000000
975944.000000
976779.000000
977590.000000
978422.000000
979283.000000
980131.000000
980964.000000
981805.000000
982664.000000
983516.000000
984350.000000
985193.000000
986104.000000
986974.000000
987798.000000
988641.000000
989499.000000
990346.000000
991174.000000
992017.000000
992881.000000
993730.000000
994580.000000
995453.000000
996305.000000
997146.000000
997995.000000
998829.000000
999675.000000
1000495.000000
1001339.000000
1002199.000000
1003041.000000
1003877.000000
1004748.000000
1005609.000000
1006442.000000
1007296.000000
1008133.000000
1008941.000000
1009745.000000
1010558.000000
1011361.000000
1012160.000000
1012952.000000
1013761.000000
1014577.000000
1015351.000000
1016124.000000
1016898.000000
1017696.000000
1018501.000000
1019329.000000
1020140.000000
1020914.000000
1021692.000000
1022487.000000
1023325.000000
1024137.000000
1024976.000000
1025811.000000
1026609.000000
1027399.000000
1028201.000000
1029019.000000
1029809.000000
1030606.000000
1031386.000000
1032154.000000
1032917.000000
1033707.000000
1034590.000000
1035516.000000
1036397.000000
1037227.000000
1038023.000000
1038801.000000
1039570.000000
1040325.000000
1041085.000000
1041844.000000
1042607.000000
1043376.000000
1044167.000000
1044955.000000
1045719.000000
1046476.000000
1047245.000000
1048026.000000
1048807.000000
1049604.000000
1050398.000000
1051171.000000
1051948.000000
1052738.000000
1053528.000000
1054318.000000
1055129.000000
1055960.000000
1056779.000000
1057600.000000
1058427.000000
1059259.000000
1060054.000000
1060843.000000
1061639.000000
1062447.000000
1063258.000000
1064101.000000
1064941.000000
1065779.000000
1066642.000000
1067503.000000
1068334.000000
1069204.000000
1070051.000000
1070869.000000
1071694.000000
1072501.000000
1073309.000000
1074121.000000
1074961.000000
1075843.000000
1076677.000000
1077524.000000
1078373.000000
1079200.000000
1080022.000000
1080864.000000
1081734.000000
1082560.000000
1083388.000000
1084224.000000
1085076.000000
1085926.000000
1086809.000000
1087722.000000
1088605.000000
1089469.000000
1090337.000000
1091182.000000
1091996.000000
1092822.000000
1093643.000000
1094469.000000
1095310.000000
1096177.000000
1097025.000000
1097876.000000
1098753.000000
1099634.000000
1100466.000000
1101301.000000
1102145.000000
1102989.000000
1103818.000000
1104696.000000
1105605.000000
1106461.000000
1107276.000000
1108103.000000
1108918.000000
1109703.000000
1110513.000000
1111338.000000
1112158.000000
1113011.000000
1113878.000000
1114712.000000
1115587.000000
1116475.000000
1117313.000000
1118155.000000
1118964.000000
1119778.000000
1120600.000000
1121424.000000
1122223.000000
1123044.000000
1123886.000000
1124694.000000
1125495.000000
1126328.000000
1127170.000000
1127992.000000
1128857.000000
1129722.000000
1130593.000000
1131417.000000
1132239.000000
1133083.000000
1133920.000000
1134772.000000
1135678.000000
1136611.000000
1137489.000000
1138374.000000
1139214.000000
1140030.000000
1140851.000000
1141723.000000
1142573.000000
1143425.000000
1144349.000000
1145265.000000
1146124.000000
1147017.000000
1147889.000000
1148710.000000
1149533.000000
1150386.000000
1151259.000000
1152106.000000
1153003.000000
1153920.000000
1154792.000000
1155651.000000
1156522.000000
1157376.000000
1158217.000000
1159078.000000
1159936.000000
1160784.000000
1161653.000000
1162535.000000
1163407.000000
1164242.000000
1165081.000000
1165946.000000
1166791.000000
1167619.000000
1168427.000000
1169245.000000
1170059.000000
1170838.000000
1171634.000000
1172446.000000
1173255.000000
1174089.000000
1174939.000000
1175814.000000
1176631.000000
1177434.000000
1178244.000000
1179066.000000
1179866.000000
1180656.000000
1181477.000000
1182327.000000
1183247.000000
1184149.000000
1185004.000000
1185897.000000
1186790.000000
1187636.000000
1188488.000000
1189340.000000
1190170.000000
1191023.000000
1191884.000000
1192716.000000
1193543.000000
1194396.000000
