Peaks (s)
640.000000
1457.000000
2212.000000
2898.000000
3575.000000
4335.000000
5207.000000
6126.000000
7057.000000
8056.000000
8998.000000
9891.000000
10727.000000
11476.000000
12139.000000
12780.000000
13497.000000
14350.000000
15260.000000
16214.000000
17152.000000
18046.000000
18909.000000
19853.000000
20780.000000
21640.000000
22452.000000
23242.000000
24028.000000
24776.000000
25625.000000
26578.000000
27499.000000
28420.000000
29418.000000
30321.000000
31186.000000
32082.000000
32922.000000
33726.000000
34599.000000
35499.000000
36345.000000
37249.000000
38193.000000
39089.000000
39897.000000
40723.000000
41607.000000
42482.000000
43307.000000
44187.000000
45099.000000
45976.000000
46818.000000
47649.000000
48476.000000
49270.000000
50073.000000
50958.000000
51894.000000
52854.000000
53807.000000
54702.000000
55495.000000
56219.000000
56945.000000
57795.000000
58780.000000
59739.000000
60642.000000
61456.000000
62310.000000
63201.000000
64087.000000
64902.000000
65725.000000
66625.000000
67511.000000
68386.000000
69342.000000
70288.000000
71195.000000
72120.000000
73040.000000
73886.000000
74733.000000
75592.000000
76402.000000
77243.000000
78142.000000
79066.000000
79938.000000
80726.000000
81457.000000
82163.000000
82893.000000
83854.000000
84833.000000
85809.000000
86733.000000
87652.000000
88571.000000
89402.000000
90189.000000
91042.000000
91968.000000
92814.000000
93678.000000
94520.000000
95361.000000
96176.000000
97016.000000
97892.000000
98770.000000
99593.000000
100369.000000
101165.000000
102016.000000
102827.000000
103627.000000
104466.000000
105339.000000
106175.000000
107014.000000
107857.000000
108670.000000
109413.000000
110165.000000
110942.000000
111794.000000
112646.000000
113433.000000
114197.000000
115016.000000
115918.000000
116796.000000
117632.000000
118397.000000
119113.000000
119806.000000
120528.000000
121394.000000
122363.000000
123339.000000
124096.000000
124776.000000
125488.000000
126237.000000
126978.000000
127813.000000
128748.000000
129633.000000
130417.000000
131201.000000
132010.000000
132828.000000
133625.000000
134386.000000
135191.000000
136083.000000
136970.000000
137786.000000
138564.000000
139414.000000
140276.000000
141131.000000
141916.000000
142710.000000
143580.000000
144424.000000
145202.000000
146051.000000
146959.000000
147820.000000
148616.000000
149433.000000
150316.000000
151164.000000
151983.000000
152840.000000
153707.000000
154497.000000
155270.000000
156075.000000
156876.000000
157658.000000
158476.000000
159367.000000
160237.000000
161011.000000
161761.000000
162542.000000
163316.000000
164110.000000
164989.000000
165931.000000
166812.000000
167691.000000
168608.000000
169449.000000
170226.000000
170952.000000
171613.000000
172248.000000
172940.000000
173721.000000
174499.000000
175460.000000
176435.000000
177386.000000
178271.000000
179129.000000
179974.000000
180800.000000
181654.000000
182497.000000
183390.000000
184260.000000
185095.000000
185954.000000
186900.000000
187903.000000
188892.000000
189836.000000
190771.000000
191713.000000
192623.000000
193513.000000
194332.000000
195072.000000
195805.000000
196616.000000
197600.000000
198584.000000
199503.000000
200406.000000
201354.000000
202288.000000
203152.000000
203979.000000
204836.000000
205712.000000
206519.000000
207343.000000
208216.000000
209058.000000
209863.000000
210642.000000
211507.000000
212492.000000
213475.000000
214343.000000
215132.000000
215931.000000
216741.000000
217526.000000
218295.000000
219057.000000
219886.000000
220865.000000
221872.000000
222831.000000
223709.000000
224568.000000
225492.000000
226410.000000
227246.000000
228056.000000
228976.000000
229909.000000
230815.000000
231771.000000
232733.000000
233593.000000
234475.000000
235398.000000
236227.000000
237066.000000
238043.000000
239010.000000
239920.000000
240779.000000
241591.000000
242310.000000
242977.000000
243701.000000
244493.000000
245329.000000
246276.000000
247255.000000
248219.000000
249124.000000
250003.000000
250908.000000
251841.000000
252700.000000
253485.000000
254246.000000
255077.000000
256045.000000
257016.000000
257903.000000
258733.000000
259619.000000
260580.000000
261478.000000
262315.000000
263230.000000
264180.000000
265054.000000
265855.000000
266643.000000
267490.000000
268433.000000
269335.000000
270210.000000
271107.000000
271981.000000
272763.000000
273577.000000
274404.000000
275273.000000
276153.000000
276980.000000
277829.000000
278756.000000
279659.000000
280506.000000
281401.000000
282301.000000
283166.000000
283934.000000
284683.000000
285530.000000
286626.000000
287693.000000
288732.000000
289663.000000
290544.000000
291459.000000
292396.000000
293272.000000
294156.000000
295045.000000
295910.000000
296736.000000
297580.000000
298449.000000
299331.000000
300119.000000
300838.000000
301570.000000
302680.000000
303747.000000
304780.000000
305798.000000
306783.000000
307680.000000
308461.000000
309219.000000
309997.000000
310858.000000
311745.000000
312495.000000
313166.000000
313856.000000
314900.000000
315869.000000
316804.000000
317725.000000
318592.000000
319387.000000
320115.000000
320834.000000
321922.000000
322960.000000
323969.000000
324862.000000
325706.000000
326542.000000
327373.000000
328183.000000
329061.000000
329972.000000
330809.000000
331563.000000
332281.000000
333062.000000
334142.000000
335212.000000
336259.000000
337269.000000
338250.000000
339201.000000
340077.000000
340950.000000
341805.000000
342680.000000
343576.000000
344487.000000
345299.000000
346060.000000
346964.000000
348021.000000
349013.000000
349963.000000
350899.000000
351802.000000
352703.000000
353616.000000
354519.000000
355419.000000
356321.000000
357222.000000
358123.000000
358992.000000
359857.000000
360707.000000
361562.000000
362434.000000
363248.000000
364012.000000
364738.000000
365526.000000
366591.000000
367634.000000
368646.000000
369566.000000
370338.000000
371083.000000
371829.000000
372686.000000
373510.000000
374382.000000
375377.000000
376377.000000
377256.000000
378032.000000
378790.000000
379506.000000
380179.000000
380873.000000
381711.000000
382524.000000
383325.000000
384123.000000
385060.000000
386055.000000
387050.000000
388014.000000
388874.000000
389595.000000
390283.000000
391013.000000
392187.000000
393228.000000
394233.000000
395195.000000
396128.000000
397024.000000
397836.000000
398613.000000
399403.000000
400194.000000
400957.000000
401699.000000
402524.000000
403468.000000
404410.000000
405333.000000
406272.000000
407178.000000
407976.000000
408711.000000
409444.000000
410219.000000
411033.000000
411869.000000
412757.000000
413663.000000
414566.000000
415434.000000
416325.000000
417210.000000
418085.000000
418950.000000
419835.000000
420638.000000
421361.000000
422063.000000
422854.000000
423906.000000
424930.000000
425933.000000
426903.000000
427803.000000
428676.000000
429582.000000
430489.000000
431407.000000
432366.000000
433305.000000
434285.000000
435269.000000
436200.000000
437019.000000
437758.000000
438533.000000
439505.000000
440558.000000
441581.000000
442537.000000
443435.000000
444366.000000
445280.000000
446120.000000
447009.000000
447955.000000
448809.000000
449582.000000
450325.000000
451154.000000
452171.000000
453186.000000
454098.000000
455034.000000
456025.000000
456937.000000
457771.000000
458594.000000
459522.000000
460516.000000
461498.000000
462443.000000
463353.000000
464239.000000
465023.000000
465727.000000
466383.000000
467034.000000
467730.000000
468446.000000
469354.000000
470376.000000
471423.000000
472431.000000
473361.000000
474258.000000
475066.000000
475804.000000
476496.000000
477192.000000
478296.000000
479370.000000
480380.000000
481247.000000
481992.000000
482737.000000
483732.000000
484762.000000
485786.000000
486771.000000
487732.000000
488681.000000
489626.000000
490493.000000
491318.000000
492145.000000
492936.000000
493725.000000
494538.000000
495338.000000
496158.000000
497036.000000
497837.000000
498533.000000
499208.000000
499924.000000
500676.000000
501386.000000
502094.000000
502973.000000
503936.000000
504869.000000
505730.000000
506510.000000
507235.000000
507973.000000
508858.000000
509845.000000
510806.000000
511755.000000
512703.000000
513644.000000
514572.000000
515426.000000
516173.000000
516867.000000
517590.000000
518755.000000
519834.000000
520842.000000
521780.000000
522610.000000
523416.000000
524282.000000
525164.000000
526066.000000
526979.000000
527883.000000
528811.000000
529686.000000
530517.000000
531347.000000
532239.000000
533197.000000
534163.000000
535123.000000
536101.000000
537080.000000
538020.000000
538945.000000
539839.000000
540622.000000
541344.000000
542070.000000
543244.000000
544359.000000
545414.000000
546407.000000
547280.000000
548084.000000
548963.000000
549984.000000
550945.000000
551948.000000
552992.000000
553989.000000
554953.000000
555870.000000
556672.000000
557400.000000
558164.000000
559279.000000
560344.000000
561347.000000
562350.000000
563368.000000
564321.000000
565207.000000
566043.000000
566786.000000
567477.000000
568143.000000
568954.000000
570224.000000
571335.000000
572381.000000
573376.000000
574215.000000
574939.000000
575632.000000
576502.000000
577547.000000
578589.000000
579597.000000
580586.000000
581584.000000
582586.000000
583536.000000
584362.000000
585074.000000
585766.000000
586519.000000
587673.000000
588744.000000
589796.000000
590825.000000
591821.000000
592789.000000
593753.000000
594663.000000
595550.000000
596431.000000
597343.000000
598221.000000
599025.000000
599810.000000
600622.000000
601467.000000
602350.000000
603285.000000
604232.000000
605115.000000
605929.000000
606688.000000
607456.000000
608327.000000
609285.000000
610147.000000
610978.000000
611892.000000
612836.000000
613803.000000
614771.000000
615679.000000
616492.000000
617196.000000
617875.000000
618573.000000
619717.000000
620744.000000
621748.000000
622730.000000
623633.000000
624445.000000
625211.000000
625984.000000
626798.000000
627693.000000
628630.000000
629580.000000
630536.000000
631487.000000
632426.000000
633298.000000
634133.000000
635011.000000
635956.000000
636926.000000
637898.000000
638846.000000
639744.000000
640526.000000
641263.000000
642029.000000
642897.000000
643705.000000
644438.000000
645127.000000
645955.000000
646953.000000
647961.000000
648952.000000
649903.000000
650845.000000
651798.000000
652649.000000
653370.000000
654038.000000
654719.000000
655546.000000
656718.000000
657805.000000
658872.000000
659845.000000
660707.000000
661529.000000
662277.000000
663021.000000
663875.000000
665005.000000
666064.000000
667109.000000
668179.000000
669195.000000
670093.000000
670911.000000
671646.000000
672338.000000
673075.000000
674023.000000
674990.000000
675936.000000
676831.000000
677647.000000
678373.000000
679065.000000
679778.000000
680561.000000
681674.000000
682655.000000
683459.000000
684193.000000
684893.000000
685567.000000
686228.000000
686942.000000
687944.000000
688940.000000
689957.000000
690952.000000
691912.000000
692739.000000
693447.000000
694123.000000
694835.000000
695791.000000
696736.000000
697594.000000
698338.000000
699065.000000
699913.000000
700933.000000
701939.000000
702749.000000
703544.000000
704486.000000
705463.000000
706362.000000
707274.000000
708109.000000
708858.000000
709550.000000
710242.000000
711068.000000
712308.000000
713406.000000
714436.000000
715416.000000
716409.000000
717339.000000
718167.000000
718917.000000
719624.000000
720295.000000
720943.000000
721588.000000
722289.000000
723133.000000
723871.000000
724570.000000
725588.000000
726621.000000
727650.000000
728665.000000
729654.000000
730625.000000
731495.000000
732284.000000
733045.000000
733808.000000
734628.000000
735638.000000
736708.000000
737749.000000
738751.000000
739726.000000
740659.000000
741497.000000
742253.000000
743006.000000
743834.000000
744705.000000
745539.000000
746570.000000
747575.000000
748593.000000
749574.000000
750439.000000
751177.000000
751853.000000
752542.000000
753783.000000
754868.000000
755887.000000
756919.000000
757986.000000
759062.000000
760127.000000
761153.000000
762195.000000
763146.000000
763951.000000
764685.000000
765482.000000
766589.000000
767627.000000
768636.000000
769655.000000
770632.000000
771510.000000
772358.000000
773198.000000
774103.000000
775085.000000
776073.000000
777037.000000
777874.000000
778681.000000
779585.000000
780652.000000
781711.000000
782678.000000
783606.000000
784510.000000
785322.000000
786059.000000
786728.000000
787395.000000
788479.000000
789436.000000
790384.000000
791341.000000
792338.000000
793339.000000
794298.000000
795217.000000
796092.000000
796947.000000
797770.000000
798615.000000
799439.000000
800241.000000
801063.000000
801883.000000
802784.000000
803781.000000
804672.000000
805473.000000
806208.000000
806927.000000
807730.000000
808949.000000
810051.000000
811104.000000
812105.000000
813182.000000
814202.000000
815185.000000
816156.000000
817130.000000
818036.000000
818908.000000
819810.000000
820757.000000
821608.000000
822458.000000
823330.000000
824185.000000
825001.000000
825722.000000
826419.000000
827214.000000
828342.000000
829397.000000
830425.000000
831451.000000
832426.000000
833391.000000
834351.000000
835315.000000
836301.000000
837264.000000
838205.000000
839109.000000
839895.000000
840610.000000
841282.000000
841946.000000
842716.000000
843680.000000
844567.000000
845340.000000
846146.000000
847248.000000
848324.000000
849322.000000
850237.000000
851117.000000
852181.000000
853199.000000
854030.000000
854761.000000
855482.000000
856754.000000
857847.000000
858958.000000
860053.000000
861157.000000
862251.000000
863217.000000
864142.000000
865033.000000
865913.000000
866794.000000
867731.000000
868769.000000
869788.000000
870782.000000
871731.000000
872627.000000
873471.000000
874258.000000
875049.000000
875880.000000
876644.000000
877363.000000
878085.000000
878879.000000
880051.000000
881149.000000
882168.000000
883156.000000
884049.000000
884812.000000
885504.000000
886180.000000
886923.000000
887811.000000
888751.000000
889659.000000
890551.000000
891346.000000
892073.000000
892748.000000
893406.000000
894050.000000
894694.000000
895507.000000
896575.000000
897641.000000
898662.000000
899621.000000
900536.000000
901443.000000
902393.000000
903329.000000
904268.000000
905212.000000
906197.000000
907226.000000
908231.000000
909255.000000
910267.000000
911283.000000
912291.000000
913327.000000
914380.000000
915397.000000
916280.000000
917147.000000
918090.000000
918994.000000
919843.000000
921094.000000
922186.000000
923112.000000
923981.000000
924858.000000
925715.000000
926603.000000
