Peaks (s)
1167.000000
2220.000000
3294.000000
4396.000000
5506.000000
6601.000000
7682.000000
8763.000000
9829.000000
10847.000000
11808.000000
12777.000000
13848.000000
14993.000000
16149.000000
17300.000000
18422.000000
19525.000000
20602.000000
21643.000000
22671.000000
23723.000000
24780.000000
25827.000000
26874.000000
27954.000000
29037.000000
30103.000000
31113.000000
32076.000000
33061.000000
34128.000000
35219.000000
36319.000000
37396.000000
38454.000000
39499.000000
40533.000000
41581.000000
42650.000000
43753.000000
44854.000000
45944.000000
47017.000000
48060.000000
49083.000000
50101.000000
51132.000000
52156.000000
53138.000000
54113.000000
55117.000000
56142.000000
57182.000000
58223.000000
59249.000000
60260.000000
61261.000000
62242.000000
63192.000000
64115.000000
65038.000000
66047.000000
67072.000000
67988.000000
68909.000000
69873.000000
70876.000000
71895.000000
72878.000000
73874.000000
74890.000000
75918.000000
76948.000000
77960.000000
78947.000000
79928.000000
80947.000000
81983.000000
83042.000000
84113.000000
85163.000000
86187.000000
87164.000000
88113.000000
89084.000000
90107.000000
91157.000000
92242.000000
93314.000000
94356.000000
95353.000000
96367.000000
97397.000000
98454.000000
99523.000000
100601.000000
101661.000000
102689.000000
103705.000000
104721.000000
105732.000000
106716.000000
107710.000000
108767.000000
109837.000000
110895.000000
111929.000000
112953.000000
113971.000000
114997.000000
116021.000000
117027.000000
118026.000000
119064.000000
120184.000000
121284.000000
122357.000000
123379.000000
124395.000000
125392.000000
126426.000000
127489.000000
128554.000000
129635.000000
130729.000000
131830.000000
132869.000000
133865.000000
134861.000000
135905.000000
136986.000000
138076.000000
139167.000000
140256.000000
141333.000000
142405.000000
143469.000000
144502.000000
145491.000000
146489.000000
147552.000000
148646.000000
149776.000000
150904.000000
152013.000000
153096.000000
154153.000000
155180.000000
156209.000000
157242.000000
158292.000000
159371.000000
160455.000000
161538.000000
162619.000000
163697.000000
164731.000000
165706.000000
166638.000000
167585.000000
168619.000000
169733.000000
170883.000000
172035.000000
173142.000000
174225.000000
175285.000000
176319.000000
177315.000000
178303.000000
179350.000000
180505.000000
181650.000000
182776.000000
183870.000000
184945.000000
185996.000000
187043.000000
188101.000000
189125.000000
190122.000000
191088.000000
192111.000000
193236.000000
194368.000000
195496.000000
196606.000000
197688.000000
198756.000000
199774.000000
200768.000000
201788.000000
202848.000000
203961.000000
205102.000000
206190.000000
207228.000000
208280.000000
209347.000000
210400.000000
211441.000000
212496.000000
213522.000000
214533.000000
215536.000000
216558.000000
217617.000000
218685.000000
219723.000000
220763.000000
221802.000000
222852.000000
223888.000000
224897.000000
225874.000000
226832.000000
227729.000000
228576.000000
229479.000000
230447.000000
231465.000000
232517.000000
233567.000000
234614.000000
235657.000000
236664.000000
237640.000000
238598.000000
239598.000000
240690.000000
241817.000000
242929.000000
244028.000000
245112.000000
246177.000000
247212.000000
248202.000000
249212.000000
250247.000000
251301.000000
252368.000000
253439.000000
254497.000000
255570.000000
256636.000000
257685.000000
258699.000000
259722.000000
260773.000000
261871.000000
263023.000000
264175.000000
265300.000000
266402.000000
267421.000000
268390.000000
269375.000000
270424.000000
271508.000000
272583.000000
273671.000000
274769.000000
275832.000000
276865.000000
277914.000000
278983.000000
280070.000000
281171.000000
282261.000000
283318.000000
284362.000000
285399.000000
286439.000000
287485.000000
288531.000000
289630.000000
290777.000000
291893.000000
292975.000000
294034.000000
295086.000000
296148.000000
297175.000000
298195.000000
299275.000000
300359.000000
301458.000000
302539.000000
303606.000000
304637.000000
305635.000000
306637.000000
307672.000000
308735.000000
309826.000000
310936.000000
312046.000000
313139.000000
314183.000000
315174.000000
316161.000000
317197.000000
318300.000000
319418.000000
320524.000000
321621.000000
322697.000000
323772.000000
324794.000000
325810.000000
326878.000000
327967.000000
329054.000000
330148.000000
331187.000000
332192.000000
333203.000000
334226.000000
335258.000000
336314.000000
337369.000000
338422.000000
339427.000000
340401.000000
341389.000000
342432.000000
343490.000000
344534.000000
345596.000000
346651.000000
347695.000000
348746.000000
349822.000000
350939.000000
352019.000000
353095.000000
354180.000000
355256.000000
356325.000000
357364.000000
358386.000000
359417.000000
360496.000000
361584.000000
362654.000000
363735.000000
364820.000000
365890.000000
366961.000000
367988.000000
368982.000000
369960.000000
370896.000000
371955.000000
373140.000000
374228.000000
375194.000000
376204.000000
377240.000000
378269.000000
379280.000000
380272.000000
381250.000000
382231.000000
383234.000000
384248.000000
385277.000000
386326.000000
387383.000000
388431.000000
389464.000000
390480.000000
391472.000000
392414.000000
393338.000000
394260.000000
395224.000000
396242.000000
397293.000000
398348.000000
399414.000000
400453.000000
401444.000000
402399.000000
403377.000000
404393.000000
405433.000000
406484.000000
407545.000000
408595.000000
409641.000000
410686.000000
411723.000000
412773.000000
413836.000000
414892.000000
415950.000000
417013.000000
418016.000000
418986.000000
419966.000000
421001.000000
422054.000000
423110.000000
424157.000000
425192.000000
426192.000000
427181.000000
428190.000000
429228.000000
430300.000000
431378.000000
432468.000000
433533.000000
434546.000000
435554.000000
436574.000000
437611.000000
438652.000000
439701.000000
440718.000000
441714.000000
442711.000000
443695.000000
444695.000000
445715.000000
446752.000000
447782.000000
448810.000000
449807.000000
450807.000000
451798.000000
452771.000000
453700.000000
454633.000000
455562.000000
456520.000000
457516.000000
458522.000000
459519.000000
460521.000000
461520.000000
462510.000000
463492.000000
464474.000000
465445.000000
466417.000000
467388.000000
468328.000000
469234.000000
470157.000000
471105.000000
472055.000000
472937.000000
473780.000000
474649.000000
475527.000000
476418.000000
477299.000000
478164.000000
479016.000000
479866.000000
480729.000000
481618.000000
482506.000000
483416.000000
484330.000000
485241.000000
486131.000000
486982.000000
487816.000000
488653.000000
489543.000000
490505.000000
491511.000000
492506.000000
493462.000000
494407.000000
495340.000000
496263.000000
497162.000000
498068.000000
498983.000000
499925.000000
500849.000000
501753.000000
502644.000000
503539.000000
504441.000000
505346.000000
506265.000000
507153.000000
508035.000000
508915.000000
509789.000000
510674.000000
511555.000000
512400.000000
513237.000000
514075.000000
514924.000000
515797.000000
516683.000000
517580.000000
518475.000000
519345.000000
520187.000000
521009.000000
521828.000000
522695.000000
523653.000000
524659.000000
525676.000000
526686.000000
527689.000000
528675.000000
529653.000000
530594.000000
531487.000000
532347.000000
533203.000000
534116.000000
535108.000000
536124.000000
537135.000000
538141.000000
539121.000000
540089.000000
541017.000000
541920.000000
542830.000000
543798.000000
544807.000000
545828.000000
546805.000000
547790.000000
548792.000000
549804.000000
550809.000000
551801.000000
552781.000000
553726.000000
554650.000000
555601.000000
556571.000000
557464.000000
558365.000000
558968.000000
560144.000000
561176.000000
562178.000000
563123.000000
564073.000000
565085.000000
566158.000000
567236.000000
568319.000000
569377.000000
570384.000000
571367.000000
572372.000000
573413.000000
574472.000000
575540.000000
576592.000000
577631.000000
578627.000000
579618.000000
580645.000000
581702.000000
582765.000000
583828.000000
584874.000000
585896.000000
586907.000000
587930.000000
588974.000000
590015.000000
591058.000000
592087.000000
593093.000000
594099.000000
595167.000000
596270.000000
597386.000000
598502.000000
599598.000000
600661.000000
601691.000000
602712.000000
603727.000000
604735.000000
605742.000000
606777.000000
607898.000000
609014.000000
610113.000000
611201.000000
612276.000000
613329.000000
614377.000000
615437.000000
616501.000000
617603.000000
618730.000000
619863.000000
620981.000000
622056.000000
623081.000000
624132.000000
625199.000000
626250.000000
627279.000000
628293.000000
629298.000000
630298.000000
631306.000000
632333.000000
633357.000000
634355.000000
635324.000000
636289.000000
637246.000000
638195.000000
639166.000000
640173.000000
641174.000000
642157.000000
643167.000000
644172.000000
645182.000000
646192.000000
647174.000000
648135.000000
649071.000000
650007.000000
650966.000000
651926.000000
652865.000000
653827.000000
654837.000000
655861.000000
656890.000000
657910.000000
658912.000000
659863.000000
660765.000000
661603.000000
662413.000000
663237.000000
664113.000000
665007.000000
665951.000000
666947.000000
667963.000000
668976.000000
669950.000000
670872.000000
671759.000000
672643.000000
673554.000000
674527.000000
675551.000000
676575.000000
677590.000000
678594.000000
679609.000000
680605.000000
681598.000000
682560.000000
683519.000000
684493.000000
685494.000000
686475.000000
687475.000000
688488.000000
689484.000000
690469.000000
691444.000000
692424.000000
693430.000000
694468.000000
695534.000000
696601.000000
697644.000000
698669.000000
699632.000000
700598.000000
701559.000000
702533.000000
703521.000000
704509.000000
705521.000000
706537.000000
707514.000000
708447.000000
709368.000000
710285.000000
711238.000000
712242.000000
713259.000000
714260.000000
715232.000000
716215.000000
717222.000000
718233.000000
719258.000000
720279.000000
721289.000000
722264.000000
723213.000000
724147.000000
725157.000000
726247.000000
727345.000000
728429.000000
729494.000000
730545.000000
731585.000000
732630.000000
733667.000000
734720.000000
735780.000000
736835.000000
737874.000000
738902.000000
739902.000000
740906.000000
741894.000000
742886.000000
743872.000000
744903.000000
745944.000000
746962.000000
747953.000000
748935.000000
749910.000000
750884.000000
751865.000000
752859.000000
753861.000000
754877.000000
755888.000000
756896.000000
757893.000000
758834.000000
759737.000000
760587.000000
761409.000000
762240.000000
763148.000000
764153.000000
765154.000000
766111.000000
767051.000000
767998.000000
769011.000000
770042.000000
771069.000000
772079.000000
773083.000000
774070.000000
775056.000000
776084.000000
777144.000000
778222.000000
779312.000000
780367.000000
781399.000000
782440.000000
783495.000000
784552.000000
785612.000000
786679.000000
787727.000000
788774.000000
789838.000000
790924.000000
792007.000000
793040.000000
794062.000000
795091.000000
796138.000000
797190.000000
798231.000000
799234.000000
800212.000000
801232.000000
802252.000000
803270.000000
804290.000000
805309.000000
806326.000000
807320.000000
808290.000000
809279.000000
810292.000000
811332.000000
812396.000000
813441.000000
814469.000000
815525.000000
816590.000000
817649.000000
818712.000000
819770.000000
820814.000000
821845.000000
822849.000000
823900.000000
825103.000000
826323.000000
827545.000000
828714.000000
829812.000000
830908.000000
831997.000000
833067.000000
834134.000000
835176.000000
836179.000000
837156.000000
838157.000000
839182.000000
840227.000000
841274.000000
842321.000000
843345.000000
844373.000000
845403.000000
846435.000000
847461.000000
848462.000000
849473.000000
850492.000000
851508.000000
852487.000000
853443.000000
854410.000000
855406.000000
856448.000000
857514.000000
858596.000000
859669.000000
860709.000000
861717.000000
862747.000000
863815.000000
864902.000000
866003.000000
867113.000000
868199.000000
869249.000000
870265.000000
871300.000000
872347.000000
873424.000000
874522.000000
875602.000000
876690.000000
877765.000000
878831.000000
879840.000000
880837.000000
881878.000000
882973.000000
884104.000000
885216.000000
886292.000000
887344.000000
888379.000000
889404.000000
890427.000000
891466.000000
892528.000000
893591.000000
894649.000000
895687.000000
896703.000000
897709.000000
898730.000000
899741.000000
900757.000000
901751.000000
902762.000000
903768.000000
904752.000000
905655.000000
906594.000000
907562.000000
908536.000000
909520.000000
910507.000000
911479.000000
912455.000000
913429.000000
914380.000000
915330.000000
916305.000000
917321.000000
918376.000000
919437.000000
920455.000000
921468.000000
922481.000000
923511.000000
924543.000000
925573.000000
926580.000000
927546.000000
928507.000000
929508.000000
930544.000000
931599.000000
932660.000000
933721.000000
934759.000000
935755.000000
936727.000000
937730.000000
938777.000000
939855.000000
940945.000000
942021.000000
943091.000000
944108.000000
945078.000000
946044.000000
947018.000000
948016.000000
949036.000000
950055.000000
951071.000000
952084.000000
953083.000000
954063.000000
955001.000000
955934.000000
956892.000000
957890.000000
958891.000000
959869.000000
960835.000000
961861.000000
962923.000000
963996.000000
965043.000000
966067.000000
967058.000000
968050.000000
969087.000000
970154.000000
971190.000000
972194.000000
973182.000000
974218.000000
975308.000000
976411.000000
977500.000000
978573.000000
979623.000000
980622.000000
981614.000000
982612.000000
983663.000000
984739.000000
985796.000000
986830.000000
987886.000000
988963.000000
990044.000000
991118.000000
992161.000000
993197.000000
994213.000000
995195.000000
996203.000000
997254.000000
998335.000000
999419.000000
1000501.000000
1001569.000000
1002593.000000
1003603.000000
1004632.000000
1005700.000000
1006772.000000
1007857.000000
1008905.000000
1009930.000000
1010969.000000
1012024.000000
1013113.000000
1014206.000000
1015283.000000
1016344.000000
1017392.000000
1018442.000000
1019486.000000
1020513.000000
1021524.000000
1022574.000000
1023658.000000
1024765.000000
1025841.000000
1026895.000000
1027919.000000
1028963.000000
1030015.000000
1031080.000000
1032149.000000
1033202.000000
1034228.000000
1035271.000000
1036354.000000
1037456.000000
1038555.000000
1039623.000000
1040707.000000
1041791.000000
1042893.000000
1043963.000000
1045045.000000
1046105.000000
1047148.000000
1048113.000000
1049024.000000
1049992.000000
1051044.000000
1052119.000000
1053187.000000
1054217.000000
1055220.000000
1056174.000000
1057132.000000
1058220.000000
1059321.000000
1060408.000000
1061492.000000
1062574.000000
1063659.000000
1064731.000000
1065777.000000
1066825.000000
1067901.000000
1069004.000000
1070104.000000
1071189.000000
1072247.000000
1073295.000000
1074327.000000
1075350.000000
1076354.000000
1077397.000000
1078463.000000
1079542.000000
1080623.000000
1081698.000000
1082761.000000
1083815.000000
1084883.000000
1085945.000000
1087014.000000
1088092.000000
1089160.000000
1090200.000000
1091200.000000
1092211.000000
1093290.000000
1094405.000000
1095515.000000
1096614.000000
1097708.000000
1098765.000000
1099817.000000
1100862.000000
1101915.000000
1103044.000000
1104198.000000
1105331.000000
1106411.000000
1107457.000000
1108497.000000
1109557.000000
1110622.000000
1111693.000000
1112757.000000
1113821.000000
1114858.000000
1115867.000000
1116869.000000
1117920.000000
1119009.000000
1120075.000000
1121131.000000
1122180.000000
1123207.000000
1124188.000000
1125172.000000
1126195.000000
1127260.000000
1128377.000000
1129464.000000
1130514.000000
1131547.000000
1132595.000000
1133641.000000
1134695.000000
1135757.000000
1136798.000000
1137821.000000
1138837.000000
1139852.000000
1140883.000000
1141942.000000
1143022.000000
1144109.000000
1145208.000000
1146305.000000
1147352.000000
1148361.000000
1149381.000000
1150436.000000
1151516.000000
1152597.000000
1153654.000000
1154685.000000
1155715.000000
1156757.000000
1157822.000000
1158874.000000
1159901.000000
1160908.000000
1162045.000000
1163219.000000
1164344.000000
1165443.000000
1166534.000000
1167593.000000
1168632.000000
1169657.000000
1170682.000000
1171697.000000
1172716.000000
1173723.000000
1174715.000000
1175723.000000
1176749.000000
1177778.000000
1178800.000000
1179805.000000
1180817.000000
1181829.000000
1182859.000000
1183889.000000
1184913.000000
1185898.000000
1186813.000000
1187712.000000
1188627.000000
1189583.000000
1190573.000000
1191603.000000
1192641.000000
1193652.000000
1194646.000000
1195697.000000
1196801.000000
1197932.000000
1199047.000000
1200160.000000
1201253.000000
1202297.000000
1203346.000000
1204407.000000
1205511.000000
1206663.000000
1207830.000000
1208996.000000
1210158.000000
1211272.000000
1212323.000000
1213382.000000
1214455.000000
1215554.000000
1216643.000000
1217731.000000
1218811.000000
1219885.000000
1220976.000000
1222058.000000
1223132.000000
1224203.000000
1225248.000000
1226277.000000
1227361.000000
1228482.000000
1229593.000000
1230699.000000
1231806.000000
1232903.000000
1233974.000000
1235012.000000
1236060.000000
1237154.000000
1238313.000000
1239475.000000
1240611.000000
1241731.000000
1242798.000000
1243861.000000
1244953.000000
1246063.000000
1247188.000000
1248304.000000
1249412.000000
1250502.000000
1251556.000000
1252585.000000
1253599.000000
1254746.000000
1255941.000000
1257101.000000
1258221.000000
1259316.000000
1260394.000000
1261459.000000
1262507.000000
1263545.000000
1264558.000000
1265597.000000
1266655.000000
1267739.000000
1268833.000000
1269919.000000
1270993.000000
1272041.000000
1273067.000000
1274093.000000
1275152.000000
1276240.000000
1277340.000000
1278447.000000
1279553.000000
1280625.000000
1281640.000000
