Peaks (s)
1031.000000
1778.000000
2501.000000
3212.000000
3938.000000
4677.000000
5397.000000
6103.000000
6806.000000
7514.000000
8242.000000
8981.000000
9698.000000
10405.000000
11125.000000
11854.000000
12590.000000
13309.000000
14021.000000
14745.000000
15480.000000
16219.000000
16939.000000
17649.000000
18378.000000
19140.000000
19901.000000
20640.000000
21368.000000
22110.000000
22863.000000
23615.000000
24341.000000
25059.000000
25794.000000
26544.000000
27290.000000
28021.000000
28738.000000
29466.000000
30204.000000
30948.000000
31670.000000
32392.000000
33132.000000
33877.000000
34620.000000
35348.000000
36072.000000
36812.000000
37553.000000
38277.000000
38992.000000
39709.000000
40440.000000
41180.000000
41900.000000
42606.000000
43313.000000
44036.000000
44775.000000
45502.000000
46212.000000
46922.000000
47632.000000
48359.000000
49091.000000
49806.000000
50516.000000
51239.000000
51981.000000
52719.000000
53434.000000
54145.000000
54867.000000
55597.000000
56330.000000
57039.000000
57739.000000
58443.000000
59155.000000
59883.000000
60596.000000
61301.000000
62013.000000
62741.000000
63470.000000
64176.000000
64874.000000
65579.000000
66298.000000
67008.000000
67712.000000
68420.000000
69139.000000
69864.000000
70567.000000
71258.000000
71960.000000
72689.000000
73423.000000
74133.000000
74835.000000
75557.000000
76285.000000
77024.000000
77743.000000
78445.000000
79160.000000
79891.000000
80625.000000
81342.000000
82050.000000
82772.000000
83512.000000
84253.000000
84977.000000
85694.000000
86426.000000
87182.000000
87944.000000
88684.000000
89413.000000
90156.000000
90922.000000
91686.000000
92427.000000
93159.000000
93903.000000
94665.000000
95434.000000
96174.000000
96909.000000
97660.000000
98420.000000
99173.000000
99904.000000
100647.000000
101405.000000
102172.000000
102911.000000
103629.000000
104335.000000
105054.000000
105808.000000
106608.000000
107405.000000
108199.000000
108965.000000
109706.000000
110458.000000
111232.000000
112018.000000
112816.000000
113586.000000
114357.000000
115133.000000
115914.000000
116681.000000
117431.000000
118174.000000
118922.000000
119675.000000
120424.000000
121154.000000
121884.000000
122623.000000
123375.000000
124128.000000
124859.000000
125592.000000
126336.000000
127095.000000
127855.000000
128589.000000
129326.000000
130078.000000
130835.000000
131572.000000
132299.000000
133037.000000
133793.000000
134556.000000
135297.000000
136022.000000
136748.000000
137484.000000
138224.000000
138942.000000
139648.000000
140367.000000
141113.000000
141879.000000
142614.000000
143337.000000
144081.000000
144847.000000
145607.000000
146342.000000
147082.000000
147847.000000
148617.000000
149378.000000
150120.000000
150855.000000
151595.000000
152347.000000
153080.000000
153804.000000
154534.000000
155278.000000
156021.000000
156749.000000
157472.000000
158207.000000
158956.000000
159705.000000
160431.000000
161146.000000
161875.000000
162613.000000
163347.000000
164059.000000
164769.000000
165499.000000
166242.000000
166971.000000
167694.000000
168430.000000
169191.000000
169975.000000
170729.000000
171485.000000
172253.000000
173037.000000
173820.000000
174566.000000
175316.000000
176075.000000
176845.000000
177594.000000
178319.000000
179052.000000
179791.000000
180545.000000
181271.000000
181981.000000
182698.000000
183430.000000
184175.000000
184904.000000
185616.000000
186356.000000
187155.000000
187936.000000
188689.000000
189446.000000
190238.000000
191042.000000
191812.000000
192581.000000
193380.000000
194192.000000
194980.000000
195741.000000
196506.000000
197283.000000
198050.000000
198794.000000
199519.000000
200256.000000
201006.000000
201757.000000
202495.000000
203212.000000
203938.000000
204684.000000
205437.000000
206166.000000
206889.000000
207641.000000
208423.000000
209174.000000
209905.000000
210658.000000
211434.000000
212201.000000
212954.000000
213708.000000
214481.000000
215270.000000
216028.000000
216767.000000
217515.000000
218262.000000
218991.000000
219706.000000
220410.000000
221116.000000
221829.000000
222543.000000
223249.000000
223956.000000
224676.000000
225416.000000
226144.000000
226859.000000
227586.000000
228342.000000
229098.000000
229831.000000
230553.000000
231282.000000
232022.000000
232764.000000
233482.000000
234192.000000
234914.000000
235659.000000
236415.000000
237150.000000
237875.000000
238616.000000
239368.000000
240124.000000
240856.000000
241575.000000
242303.000000
243043.000000
243793.000000
244523.000000
245237.000000
245961.000000
246701.000000
247451.000000
248176.000000
248897.000000
249643.000000
250420.000000
251200.000000
251950.000000
252691.000000
253448.000000
254227.000000
255002.000000
255749.000000
256485.000000
257238.000000
257984.000000
258738.000000
259466.000000
260182.000000
260907.000000
261652.000000
262408.000000
263137.000000
263855.000000
264585.000000
265324.000000
266068.000000
266787.000000
267502.000000
268232.000000
268996.000000
269738.000000
270468.000000
271208.000000
271969.000000
272733.000000
273469.000000
274186.000000
274917.000000
275669.000000
276423.000000
277156.000000
277880.000000
278616.000000
279369.000000
280105.000000
280828.000000
281556.000000
282299.000000
283051.000000
283784.000000
284509.000000
285253.000000
286016.000000
286776.000000
287515.000000
288242.000000
288984.000000
289734.000000
290490.000000
291218.000000
291931.000000
292651.000000
293393.000000
294144.000000
294878.000000
295605.000000
296344.000000
297093.000000
297838.000000
298558.000000
299263.000000
299972.000000
300704.000000
301434.000000
302140.000000
302829.000000
303534.000000
304275.000000
305029.000000
305751.000000
306457.000000
307182.000000
307931.000000
308681.000000
309404.000000
310113.000000
310828.000000
311546.000000
312255.000000
312952.000000
313646.000000
314349.000000
315060.000000
315765.000000
316461.000000
317161.000000
317868.000000
318587.000000
319297.000000
319994.000000
320698.000000
321417.000000
322143.000000
322878.000000
323593.000000
324298.000000
325008.000000
325725.000000
326446.000000
327152.000000
327849.000000
328554.000000
329259.000000
329980.000000
330689.000000
331385.000000
332087.000000
332788.000000
333501.000000
334208.000000
334906.000000
335612.000000
336327.000000
337057.000000
337773.000000
338484.000000
339207.000000
339951.000000
340705.000000
341439.000000
342161.000000
342895.000000
343640.000000
344371.000000
345088.000000
345799.000000
346507.000000
347224.000000
347925.000000
348617.000000
349301.000000
349980.000000
350652.000000
351336.000000
352048.000000
352791.000000
353514.000000
354231.000000
354982.000000
355754.000000
356534.000000
357282.000000
358016.000000
358777.000000
359554.000000
360328.000000
361072.000000
361800.000000
362546.000000
363310.000000
364071.000000
364808.000000
365530.000000
366258.000000
367006.000000
367783.000000
368537.000000
369279.000000
370055.000000
370859.000000
371662.000000
372418.000000
373156.000000
373899.000000
374657.000000
375433.000000
376171.000000
376894.000000
377624.000000
378368.000000
379121.000000
379861.000000
380589.000000
381327.000000
382097.000000
382882.000000
383640.000000
384381.000000
385145.000000
385925.000000
386695.000000
387439.000000
388171.000000
388917.000000
389672.000000
390436.000000
391179.000000
391903.000000
392635.000000
393383.000000
394135.000000
394871.000000
395594.000000
396330.000000
397089.000000
397861.000000
398610.000000
399342.000000
400087.000000
400839.000000
401598.000000
402337.000000
403066.000000
403806.000000
404563.000000
405346.000000
406095.000000
406826.000000
407555.000000
408293.000000
409057.000000
409802.000000
410530.000000
411262.000000
412013.000000
412773.000000
413511.000000
414240.000000
414978.000000
415722.000000
416478.000000
417209.000000
417928.000000
418647.000000
419380.000000
420121.000000
420847.000000
421557.000000
422260.000000
422971.000000
423696.000000
424424.000000
425134.000000
425850.000000
426603.000000
427371.000000
428106.000000
428828.000000
429564.000000
430321.000000
431086.000000
431823.000000
432542.000000
433284.000000
434047.000000
434813.000000
435562.000000
436290.000000
437032.000000
437781.000000
438533.000000
439266.000000
439988.000000
440726.000000
441479.000000
442228.000000
442968.000000
443695.000000
444436.000000
445189.000000
445942.000000
446678.000000
447402.000000
448146.000000
448901.000000
449662.000000
450401.000000
451127.000000
451874.000000
452645.000000
453409.000000
454153.000000
454882.000000
455604.000000
456331.000000
457066.000000
457788.000000
458503.000000
459233.000000
459996.000000
460781.000000
461543.000000
462286.000000
463055.000000
463841.000000
464621.000000
465375.000000
466110.000000
466860.000000
467647.000000
468433.000000
469190.000000
469933.000000
470686.000000
471453.000000
472223.000000
472971.000000
473714.000000
474485.000000
475280.000000
476089.000000
476864.000000
477611.000000
478376.000000
479144.000000
479923.000000
480667.000000
481396.000000
482143.000000
482903.000000
483665.000000
484403.000000
485126.000000
485867.000000
486629.000000
487401.000000
488139.000000
488872.000000
489624.000000
490419.000000
491225.000000
491991.000000
492740.000000
493515.000000
494303.000000
495099.000000
495870.000000
496604.000000
497343.000000
498082.000000
498820.000000
499544.000000
500256.000000
500985.000000
501743.000000
502520.000000
503258.000000
503980.000000
504714.000000
505475.000000
506235.000000
506962.000000
507688.000000
508429.000000
509203.000000
509954.000000
510685.000000
511408.000000
512144.000000
512902.000000
513653.000000
514385.000000
515101.000000
515821.000000
516564.000000
517304.000000
518021.000000
518724.000000
519456.000000
520230.000000
521025.000000
521772.000000
522508.000000
523264.000000
524044.000000
524827.000000
525578.000000
526309.000000
527039.000000
527771.000000
528515.000000
529234.000000
529939.000000
530652.000000
531406.000000
532165.000000
532892.000000
533603.000000
534329.000000
535067.000000
535818.000000
536534.000000
537229.000000
537919.000000
538621.000000
539357.000000
540104.000000
540825.000000
541532.000000
542247.000000
542972.000000
543702.000000
544412.000000
545111.000000
545821.000000
546542.000000
547261.000000
547970.000000
548671.000000
549396.000000
550141.000000
550889.000000
551609.000000
552309.000000
553025.000000
553756.000000
554498.000000
555224.000000
555933.000000
556652.000000
557387.000000
558126.000000
558852.000000
559551.000000
560241.000000
560941.000000
561672.000000
562420.000000
563173.000000
563918.000000
564641.000000
565367.000000
566115.000000
566876.000000
567639.000000
568380.000000
569110.000000
569850.000000
570609.000000
571372.000000
572115.000000
572845.000000
573585.000000
574357.000000
575148.000000
575940.000000
576702.000000
577445.000000
578206.000000
578981.000000
579751.000000
580501.000000
581228.000000
581953.000000
582682.000000
583413.000000
584128.000000
584829.000000
585530.000000
586245.000000
586976.000000
587690.000000
588388.000000
589080.000000
589760.000000
590449.000000
591180.000000
591935.000000
592664.000000
593384.000000
594141.000000
594936.000000
595724.000000
596481.000000
597219.000000
597971.000000
598745.000000
599513.000000
600253.000000
600971.000000
601691.000000
602427.000000
603178.000000
603911.000000
604634.000000
605382.000000
606175.000000
606986.000000
607774.000000
608536.000000
609312.000000
610102.000000
610894.000000
611671.000000
612430.000000
613195.000000
613981.000000
614780.000000
615547.000000
616295.000000
617034.000000
617791.000000
618583.000000
619348.000000
620087.000000
620819.000000
621569.000000
622361.000000
623129.000000
623879.000000
624643.000000
625459.000000
626282.000000
627065.000000
627846.000000
628637.000000
629414.000000
630162.000000
630888.000000
631616.000000
632362.000000
633132.000000
633874.000000
634607.000000
635358.000000
636150.000000
636940.000000
637698.000000
638440.000000
639196.000000
639962.000000
640730.000000
641473.000000
642196.000000
642925.000000
643666.000000
644424.000000
645158.000000
645882.000000
646624.000000
647385.000000
648167.000000
648926.000000
649671.000000
650436.000000
651233.000000
652017.000000
652774.000000
653512.000000
654267.000000
655039.000000
655818.000000
656567.000000
657293.000000
658024.000000
658773.000000
659536.000000
660276.000000
661005.000000
661748.000000
662540.000000
663344.000000
664122.000000
664872.000000
665646.000000
666445.000000
667247.000000
668005.000000
668746.000000
669496.000000
670279.000000
671052.000000
671798.000000
672527.000000
673273.000000
674066.000000
674861.000000
675617.000000
676357.000000
677122.000000
677903.000000
678695.000000
679450.000000
680182.000000
680930.000000
681683.000000
682442.000000
683171.000000
683885.000000
684599.000000
685324.000000
686087.000000
686844.000000
687573.000000
688307.000000
689087.000000
689887.000000
690645.000000
691381.000000
692146.000000
692949.000000
693743.000000
694496.000000
695232.000000
695987.000000
696765.000000
697544.000000
698286.000000
699018.000000
699767.000000
700540.000000
701290.000000
702023.000000
702735.000000
703452.000000
704193.000000
704962.000000
705707.000000
706435.000000
707167.000000
707932.000000
708703.000000
709444.000000
710162.000000
710891.000000
711644.000000
712417.000000
713148.000000
713869.000000
714593.000000
715345.000000
716115.000000
716842.000000
717556.000000
718285.000000
719057.000000
719852.000000
720610.000000
721354.000000
722128.000000
722939.000000
723730.000000
724496.000000
725235.000000
725986.000000
726769.000000
727561.000000
728313.000000
729051.000000
729800.000000
730562.000000
731331.000000
732085.000000
732813.000000
733534.000000
734270.000000
735035.000000
735812.000000
736556.000000
737289.000000
738049.000000
738844.000000
739634.000000
740380.000000
741115.000000
741871.000000
742656.000000
743452.000000
744210.000000
744945.000000
745716.000000
746550.000000
747362.000000
748140.000000
748896.000000
749688.000000
750519.000000
751368.000000
752171.000000
752928.000000
753702.000000
754485.000000
755279.000000
756039.000000
756778.000000
757526.000000
758314.000000
759191.000000
760031.000000
760813.000000
761560.000000
762312.000000
763091.000000
763881.000000
764630.000000
765359.000000
766078.000000
766814.000000
767600.000000
768361.000000
769102.000000
769855.000000
770641.000000
771471.000000
772242.000000
772994.000000
773758.000000
774540.000000
775334.000000
776098.000000
776832.000000
777569.000000
778315.000000
779074.000000
779814.000000
780534.000000
781255.000000
781989.000000
782746.000000
783487.000000
784220.000000
784970.000000
785756.000000
786548.000000
787315.000000
788065.000000
788842.000000
789647.000000
790437.000000
791189.000000
791920.000000
792661.000000
793417.000000
794181.000000
794927.000000
795658.000000
796384.000000
797126.000000
797886.000000
798628.000000
799351.000000
800082.000000
800847.000000
801621.000000
802381.000000
803131.000000
803892.000000
804678.000000
805468.000000
806215.000000
806942.000000
807679.000000
808450.000000
809243.000000
810005.000000
810738.000000
811479.000000
812244.000000
813005.000000
813742.000000
814464.000000
815228.000000
816046.000000
816864.000000
817638.000000
818390.000000
819182.000000
819985.000000
820751.000000
821488.000000
822220.000000
822963.000000
823724.000000
824476.000000
825202.000000
825914.000000
826643.000000
827392.000000
828146.000000
828878.000000
829592.000000
830308.000000
831059.000000
831860.000000
832620.000000
833356.000000
834109.000000
834904.000000
835734.000000
836499.000000
837244.000000
838011.000000
838802.000000
839603.000000
840372.000000
841119.000000
841885.000000
842677.000000
843482.000000
844254.000000
844994.000000
845733.000000
846474.000000
847227.000000
847966.000000
848685.000000
849414.000000
850178.000000
850980.000000
851747.000000
852480.000000
853239.000000
854023.000000
854811.000000
855561.000000
856291.000000
857027.000000
857777.000000
858505.000000
859218.000000
859934.000000
860666.000000
861422.000000
862162.000000
862890.000000
863658.000000
864455.000000
865233.000000
865982.000000
866712.000000
867470.000000
868252.000000
869049.000000
869813.000000
870563.000000
871343.000000
872153.000000
872972.000000
873752.000000
874508.000000
875283.000000
876085.000000
876884.000000
877644.000000
878384.000000
879149.000000
879922.000000
880684.000000
881436.000000
882169.000000
882899.000000
883655.000000
884447.000000
885216.000000
885954.000000
886680.000000
887435.000000
888266.000000
889085.000000
889859.000000
890628.000000
891437.000000
892240.000000
893008.000000
893746.000000
894510.000000
895343.000000
896140.000000
896902.000000
897645.000000
898414.000000
899204.000000
899996.000000
900738.000000
901463.000000
902181.000000
902913.000000
903689.000000
904436.000000
905159.000000
905884.000000
906647.000000
907425.000000
908168.000000
908892.000000
909631.000000
910415.000000
911212.000000
911962.000000
912700.000000
913459.000000
914242.000000
915016.000000
915761.000000
916480.000000
917199.000000
917935.000000
918696.000000
919418.000000
920122.000000
920824.000000
921541.000000
922272.000000
922978.000000
923677.000000
924376.000000
925095.000000
925841.000000
926583.000000
927308.000000
928022.000000
928744.000000
929479.000000
930210.000000
930930.000000
931669.000000
932469.000000
933278.000000
934045.000000
934789.000000
935543.000000
936295.000000
937039.000000
937769.000000
938475.000000
939173.000000
939889.000000
940624.000000
941392.000000
942133.000000
942845.000000
943578.000000
944335.000000
945087.000000
945820.000000
946543.000000
947294.000000
948117.000000
948929.000000
949704.000000
950447.000000
951203.000000
951980.000000
952771.000000
953530.000000
954265.000000
955012.000000
955789.000000
956553.000000
957299.000000
958020.000000
958739.000000
959470.000000
960220.000000
960944.000000
961645.000000
962343.000000
963056.000000
963781.000000
964486.000000
965172.000000
965870.000000
966607.000000
967414.000000
968157.000000
968888.000000
969652.000000
970462.000000
971246.000000
971986.000000
972713.000000
973450.000000
974211.000000
974973.000000
975710.000000
976435.000000
977184.000000
977949.000000
978699.000000
979430.000000
980156.000000
980892.000000
981639.000000
982366.000000
983072.000000
983780.000000
984506.000000
985260.000000
985986.000000
986694.000000
987402.000000
988125.000000
988876.000000
989613.000000
990329.000000
991058.000000
991812.000000
992578.000000
993313.000000
994025.000000
994734.000000
995452.000000
996179.000000
996896.000000
997600.000000
998309.000000
999047.000000
999825.000000
1000570.000000
1001301.000000
1002059.000000
1002841.000000
1003642.000000
1004393.000000
1005116.000000
1005828.000000
1006552.000000
1007311.000000
1008052.000000
1008786.000000
1009516.000000
1010339.000000
1011207.000000
1012007.000000
1012749.000000
1013494.000000
1014257.000000
1015029.000000
1015785.000000
1016517.000000
1017239.000000
1017997.000000
1018775.000000
1019526.000000
1020261.000000
1021019.000000
1021793.000000
1022560.000000
1023304.000000
1024032.000000
1024773.000000
1025529.000000
1026281.000000
1027013.000000
1027720.000000
1028427.000000
1029129.000000
1029839.000000
1030546.000000
1031246.000000
1031949.000000
1032674.000000
1033423.000000
1034149.000000
1034861.000000
1035594.000000
1036371.000000
1037132.000000
1037875.000000
1038623.000000
1039405.000000
1040196.000000
1040938.000000
1041655.000000
1042381.000000
1043130.000000
1043890.000000
1044639.000000
1045360.000000
1046067.000000
1046791.000000
1047539.000000
1048290.000000
1049018.000000
1049730.000000
1050448.000000
1051192.000000
1051950.000000
1052683.000000
1053396.000000
1054094.000000
1054797.000000
1055506.000000
1056204.000000
1056893.000000
1057581.000000
1058289.000000
1059044.000000
1059782.000000
1060495.000000
1061199.000000
1061921.000000
1062658.000000
1063387.000000
1064108.000000
1064828.000000
1065569.000000
1066333.000000
1067073.000000
1067805.000000
1068528.000000
1069254.000000
1069994.000000
1070721.000000
1071430.000000
1072141.000000
1072872.000000
1073625.000000
1074362.000000
1075079.000000
1075770.000000
1076465.000000
1077174.000000
1077895.000000
1078633.000000
1079347.000000
1080047.000000
1080759.000000
1081487.000000
1082226.000000
1082939.000000
1083643.000000
1084360.000000
1085101.000000
1085857.000000
1086585.000000
1087304.000000
1088051.000000
1088807.000000
1089582.000000
1090313.000000
1091024.000000
1091738.000000
1092473.000000
1093233.000000
1093955.000000
1094665.000000
1095383.000000
1096129.000000
1096896.000000
1097631.000000
1098348.000000
1099071.000000
1099813.000000
1100566.000000
1101302.000000
1102018.000000
1102748.000000
1103506.000000
1104259.000000
1104989.000000
1105704.000000
1106433.000000
1107170.000000
1107916.000000
1108643.000000
1109367.000000
1110108.000000
1110879.000000
1111636.000000
1112373.000000
1113119.000000
1113894.000000
1114685.000000
1115464.000000
1116207.000000
1116952.000000
1117715.000000
1118483.000000
1119241.000000
1119981.000000
1120726.000000
1121484.000000
1122264.000000
1123045.000000
1123802.000000
1124554.000000
1125314.000000
1126075.000000
1126818.000000
1127540.000000
1128269.000000
1129031.000000
1129827.000000
1130586.000000
1131321.000000
1132090.000000
1132888.000000
1133707.000000
1134471.000000
1135223.000000
1135996.000000
1136778.000000
1137549.000000
1138293.000000
1139065.000000
1139851.000000
1140653.000000
1141426.000000
1142175.000000
1142938.000000
1143726.000000
1144520.000000
1145285.000000
1146016.000000
1146750.000000
1147493.000000
1148250.000000
1148990.000000
1149709.000000
1150425.000000
1151157.000000
1151909.000000
1152652.000000
1153380.000000
1154122.000000
1154896.000000
1155713.000000
1156474.000000
1157215.000000
1157967.000000
1158745.000000
1159522.000000
1160272.000000
1161003.000000
1161747.000000
1162512.000000
1163280.000000
1164017.000000
1164732.000000
1165463.000000
1166227.000000
1167004.000000
1167751.000000
1168479.000000
1169233.000000
1170019.000000
1170804.000000
1171544.000000
1172266.000000
1172996.000000
1173748.000000
1174494.000000
1175224.000000
1175948.000000
1176707.000000
1177486.000000
1178259.000000
1179000.000000
1179719.000000
1180446.000000
1181185.000000
1181939.000000
1182663.000000
1183369.000000
1184097.000000
1184855.000000
1185628.000000
1186362.000000
1187075.000000
1187804.000000
1188561.000000
1189324.000000
1190056.000000
1190770.000000
1191498.000000
1192255.000000
1193024.000000
1193764.000000
1194493.000000
1195243.000000
1196019.000000
1196796.000000
1197538.000000
1198254.000000
1198981.000000
1199736.000000
1200501.000000
1201247.000000
1201971.000000
1202718.000000
1203484.000000
1204266.000000
1205018.000000
1205749.000000
1206488.000000
1207248.000000
1208015.000000
1208767.000000
1209493.000000
1210235.000000
1210993.000000
1211763.000000
1212512.000000
1213237.000000
1213971.000000
1214729.000000
1215512.000000
