Peaks (s)
660.000000
1720.000000
2717.000000
3745.000000
4804.000000
5822.000000
6737.000000
7609.000000
8547.000000
9646.000000
10689.000000
11769.000000
12921.000000
14047.000000
15089.000000
16071.000000
17116.000000
18196.000000
19272.000000
20256.000000
21279.000000
22343.000000
23379.000000
24371.000000
25395.000000
26337.000000
27319.000000
28357.000000
29335.000000
30238.000000
31100.000000
32015.000000
33068.000000
34193.000000
35273.000000
36266.000000
37297.000000
38363.000000
39434.000000
40438.000000
41476.000000
42582.000000
43646.000000
44631.000000
45621.000000
46630.000000
47619.000000
48626.000000
49729.000000
50816.000000
51843.000000
52946.000000
54025.000000
55035.000000
56102.000000
57161.000000
58136.000000
59165.000000
60228.000000
61193.000000
62188.000000
63215.000000
64203.000000
65131.000000
66177.000000
67250.000000
68237.000000
69278.000000
70344.000000
71291.000000
72284.000000
73329.000000
74290.000000
75267.000000
76311.000000
77335.000000
78294.000000
79336.000000
80387.000000
81358.000000
82363.000000
83368.000000
84350.000000
85244.000000
86130.000000
87111.000000
88015.000000
89014.000000
90113.000000
91148.000000
92134.000000
93187.000000
94264.000000
95249.000000
96185.000000
97166.000000
98177.000000
99189.000000
100150.000000
101195.000000
102283.000000
103328.000000
104311.000000
105317.000000
106355.000000
107319.000000
108318.000000
109325.000000
110277.000000
111271.000000
112296.000000
113241.000000
114257.000000
115304.000000
116262.000000
117260.000000
118269.000000
119177.000000
120099.000000
121059.000000
122041.000000
122971.000000
123894.000000
124909.000000
125954.000000
126890.000000
127842.000000
128828.000000
129775.000000
130691.000000
131680.000000
132696.000000
133645.000000
134702.000000
135768.000000
136745.000000
137754.000000
138776.000000
139708.000000
140661.000000
141708.000000
142680.000000
143605.000000
144601.000000
145609.000000
146569.000000
147597.000000
148684.000000
149716.000000
150676.000000
151700.000000
152708.000000
153642.000000
154644.000000
155688.000000
156643.000000
157656.000000
158714.000000
159667.000000
160669.000000
161688.000000
162629.000000
163675.000000
164728.000000
165712.000000
166783.000000
167839.000000
168809.000000
169822.000000
170822.000000
171736.000000
172733.000000
173758.000000
174697.000000
175680.000000
176717.000000
177669.000000
178651.000000
179658.000000
180652.000000
181587.000000
182606.000000
183682.000000
184637.000000
185608.000000
186657.000000
187699.000000
188651.000000
189679.000000
190732.000000
191740.000000
192783.000000
193877.000000
194892.000000
195953.000000
197066.000000
198086.000000
199177.000000
200295.000000
201316.000000
202387.000000
203452.000000
204414.000000
205434.000000
206458.000000
207418.000000
208437.000000
209551.000000
210556.000000
211620.000000
212675.000000
213635.000000
214649.000000
215696.000000
216684.000000
217767.000000
218895.000000
219904.000000
220960.000000
222008.000000
222958.000000
223975.000000
225041.000000
226001.000000
226996.000000
228031.000000
229043.000000
229990.000000
231010.000000
232047.000000
232997.000000
233990.000000
234996.000000
235916.000000
236876.000000
237956.000000
238970.000000
239936.000000
240980.000000
242019.000000
242967.000000
243995.000000
245055.000000
246051.000000
247081.000000
248145.000000
249136.000000
250156.000000
251223.000000
252217.000000
253241.000000
254259.000000
255191.000000
256172.000000
257202.000000
258213.000000
259188.000000
260231.000000
261285.000000
262254.000000
263259.000000
264247.000000
265180.000000
266172.000000
267212.000000
268236.000000
269190.000000
270228.000000
271276.000000
272291.000000
273378.000000
274480.000000
275492.000000
276540.000000
277616.000000
278634.000000
279711.000000
280780.000000
281788.000000
282886.000000
283969.000000
284960.000000
285992.000000
287018.000000
287993.000000
288994.000000
290060.000000
291093.000000
292058.000000
293087.000000
294126.000000
295076.000000
296034.000000
297015.000000
297984.000000
298897.000000
299917.000000
301005.000000
302026.000000
303104.000000
304176.000000
305155.000000
306142.000000
307171.000000
308214.000000
309183.000000
310223.000000
311288.000000
312259.000000
313338.000000
314421.000000
315397.000000
316422.000000
317449.000000
318435.000000
319467.000000
320575.000000
321569.000000
322612.000000
323696.000000
324686.000000
325749.000000
326805.000000
327793.000000
328830.000000
329883.000000
330889.000000
331797.000000
332733.000000
333755.000000
334782.000000
335730.000000
336757.000000
337823.000000
338855.000000
339798.000000
340788.000000
341856.000000
342910.000000
343868.000000
344902.000000
345977.000000
347008.000000
347978.000000
349013.000000
350078.000000
351042.000000
352024.000000
353053.000000
354065.000000
355031.000000
356081.000000
357138.000000
358117.000000
359180.000000
360256.000000
361246.000000
362285.000000
363327.000000
364289.000000
365332.000000
366432.000000
367430.000000
368481.000000
369570.000000
370536.000000
371563.000000
372615.000000
373569.000000
374619.000000
375714.000000
376746.000000
377744.000000
378857.000000
379978.000000
381015.000000
382120.000000
383202.000000
384189.000000
385236.000000
386311.000000
387306.000000
388372.000000
389460.000000
390483.000000
391575.000000
392646.000000
393601.000000
394636.000000
395681.000000
396629.000000
397661.000000
398732.000000
399717.000000
400790.000000
401906.000000
402904.000000
403929.000000
404943.000000
405883.000000
406877.000000
407929.000000
408965.000000
409894.000000
410891.000000
411928.000000
412914.000000
413839.000000
414859.000000
415891.000000
416838.000000
417859.000000
418902.000000
419855.000000
420817.000000
421801.000000
422792.000000
423731.000000
424765.000000
425839.000000
426834.000000
427885.000000
428933.000000
429869.000000
430883.000000
431953.000000
432929.000000
433993.000000
435142.000000
436197.000000
437228.000000
438302.000000
439351.000000
440332.000000
441371.000000
442446.000000
443412.000000
444369.000000
445390.000000
446432.000000
447409.000000
448464.000000
449590.000000
450628.000000
451686.000000
452790.000000
453834.000000
454808.000000
455849.000000
456898.000000
457855.000000
458860.000000
459961.000000
460976.000000
461904.000000
462890.000000
463883.000000
464800.000000
465786.000000
466836.000000
467809.000000
468839.000000
469882.000000
470830.000000
471813.000000
472816.000000
473769.000000
474762.000000
475842.000000
476893.000000
477898.000000
478939.000000
479976.000000
480928.000000
481927.000000
482952.000000
483897.000000
484932.000000
485998.000000
486944.000000
487941.000000
488955.000000
489905.000000
490878.000000
491907.000000
492978.000000
493951.000000
495001.000000
496101.000000
497140.000000
498088.000000
499088.000000
500064.000000
500975.000000
501948.000000
502994.000000
503969.000000
505032.000000
506225.000000
507344.000000
508402.000000
509527.000000
510638.000000
511624.000000
512606.000000
513713.000000
514815.000000
515821.000000
516899.000000
518034.000000
519102.000000
520087.000000
521151.000000
522263.000000
523284.000000
524371.000000
525512.000000
526559.000000
527671.000000
528807.000000
529830.000000
530894.000000
531964.000000
532943.000000
534004.000000
535120.000000
536109.000000
537194.000000
538312.000000
539306.000000
540366.000000
541448.000000
542442.000000
543482.000000
544583.000000
545631.000000
546649.000000
547714.000000
548746.000000
549714.000000
550802.000000
551905.000000
552904.000000
553970.000000
555026.000000
556011.000000
557057.000000
558150.000000
559189.000000
560170.000000
561240.000000
562313.000000
563308.000000
564356.000000
565453.000000
566463.000000
567514.000000
568583.000000
569575.000000
570496.000000
571511.000000
572564.000000
573549.000000
574603.000000
575710.000000
576726.000000
577771.000000
578841.000000
579827.000000
580824.000000
581892.000000
582897.000000
583852.000000
584866.000000
585905.000000
586865.000000
587894.000000
588970.000000
589936.000000
590941.000000
591959.000000
592908.000000
593852.000000
594895.000000
595944.000000
596922.000000
598013.000000
599143.000000
600182.000000
601273.000000
602334.000000
603308.000000
604368.000000
605533.000000
606621.000000
607679.000000
608820.000000
609948.000000
610953.000000
612012.000000
613090.000000
614137.000000
615085.000000
616097.000000
617161.000000
618162.000000
619226.000000
620339.000000
621373.000000
622353.000000
623403.000000
624451.000000
625402.000000
626414.000000
627504.000000
628562.000000
629594.000000
630729.000000
631809.000000
632817.000000
633895.000000
634967.000000
635979.000000
637049.000000
638137.000000
639139.000000
640179.000000
641242.000000
642232.000000
643254.000000
644360.000000
645434.000000
646440.000000
647512.000000
648608.000000
649637.000000
650761.000000
651893.000000
652928.000000
654062.000000
655195.000000
656250.000000
657339.000000
658426.000000
659438.000000
660591.000000
661752.000000
662844.000000
663915.000000
665039.000000
666134.000000
667130.000000
668214.000000
669330.000000
670386.000000
671403.000000
672516.000000
673643.000000
674677.000000
675753.000000
676877.000000
677902.000000
678987.000000
680092.000000
681166.000000
682154.000000
683242.000000
684350.000000
685373.000000
686458.000000
687587.000000
688619.000000
689715.000000
690793.000000
691875.000000
692886.000000
693963.000000
695069.000000
696074.000000
697104.000000
698246.000000
699311.000000
700288.000000
701374.000000
702482.000000
703474.000000
704491.000000
705579.000000
706591.000000
707645.000000
708779.000000
709836.000000
710871.000000
711965.000000
713030.000000
714020.000000
715139.000000
716244.000000
717238.000000
718315.000000
719450.000000
720500.000000
721583.000000
722679.000000
723674.000000
724674.000000
725770.000000
726835.000000
727847.000000
728961.000000
730047.000000
731053.000000
732120.000000
733180.000000
734148.000000
735155.000000
736230.000000
737228.000000
738188.000000
739208.000000
740273.000000
741258.000000
742300.000000
743399.000000
744395.000000
745456.000000
746529.000000
747513.000000
748526.000000
749568.000000
750590.000000
751539.000000
752552.000000
753585.000000
754550.000000
755589.000000
756699.000000
757743.000000
758737.000000
759781.000000
760833.000000
761796.000000
762818.000000
763857.000000
764838.000000
765865.000000
766934.000000
767951.000000
768904.000000
769930.000000
770982.000000
771940.000000
772931.000000
773976.000000
774990.000000
775934.000000
776965.000000
778039.000000
779033.000000
780099.000000
781168.000000
782133.000000
783141.000000
784183.000000
785174.000000
786081.000000
787061.000000
788078.000000
789059.000000
790124.000000
791259.000000
792290.000000
793369.000000
794458.000000
795441.000000
796482.000000
797563.000000
798636.000000
799625.000000
800703.000000
801831.000000
802862.000000
803973.000000
805074.000000
806136.000000
807109.000000
808105.000000
809213.000000
810237.000000
811330.000000
812480.000000
813538.000000
814644.000000
815775.000000
816790.000000
817846.000000
818969.000000
820036.000000
821011.000000
822114.000000
823235.000000
824257.000000
825336.000000
826407.000000
827403.000000
828434.000000
829511.000000
830530.000000
831516.000000
832591.000000
833633.000000
834583.000000
835562.000000
836636.000000
837681.000000
838656.000000
839666.000000
840703.000000
841697.000000
842750.000000
843866.000000
844916.000000
845950.000000
847054.000000
848096.000000
849050.000000
850070.000000
851094.000000
852049.000000
853018.000000
854057.000000
855016.000000
855912.000000
856860.000000
857878.000000
858807.000000
859795.000000
860848.000000
861805.000000
862784.000000
863828.000000
864810.000000
865792.000000
866850.000000
867875.000000
868818.000000
869836.000000
870880.000000
871844.000000
872875.000000
873901.000000
874844.000000
875829.000000
876817.000000
877764.000000
878682.000000
879711.000000
880770.000000
881748.000000
882790.000000
883856.000000
884837.000000
885807.000000
886852.000000
887882.000000
888814.000000
889814.000000
890857.000000
891800.000000
892804.000000
893841.000000
894796.000000
895789.000000
896845.000000
897836.000000
898764.000000
899758.000000
900773.000000
901706.000000
902680.000000
903695.000000
904636.000000
905595.000000
906597.000000
907579.000000
908479.000000
909442.000000
910461.000000
911406.000000
912378.000000
913386.000000
914330.000000
915251.000000
916257.000000
917315.000000
918270.000000
919283.000000
920377.000000
921429.000000
922410.000000
923472.000000
924579.000000
925675.000000
926660.000000
927690.000000
928760.000000
929803.000000
930762.000000
931816.000000
932940.000000
933968.000000
935026.000000
936129.000000
937239.000000
938251.000000
939311.000000
940436.000000
941488.000000
942544.000000
943646.000000
944700.000000
945707.000000
946803.000000
947908.000000
948954.000000
949919.000000
950958.000000
952035.000000
953025.000000
954033.000000
955077.000000
956087.000000
957025.000000
958028.000000
959054.000000
959995.000000
960969.000000
962010.000000
963011.000000
963973.000000
965014.000000
966124.000000
967123.000000
968194.000000
969285.000000
970279.000000
971201.000000
972176.000000
973180.000000
974132.000000
975167.000000
976253.000000
977252.000000
978270.000000
979347.000000
980409.000000
981389.000000
982458.000000
983539.000000
984548.000000
985596.000000
986655.000000
987617.000000
988607.000000
989626.000000
990615.000000
991551.000000
992580.000000
993630.000000
994576.000000
995593.000000
996630.000000
997576.000000
998581.000000
999651.000000
1000628.000000
1001668.000000
1002725.000000
1003727.000000
1004753.000000
1005825.000000
1006884.000000
1007885.000000
1008975.000000
1010119.000000
1011179.000000
1012307.000000
1013434.000000
1014515.000000
1015509.000000
1016574.000000
1017658.000000
1018748.000000
1019799.000000
1020900.000000
1021964.000000
1022917.000000
1023833.000000
1024915.000000
1026107.000000
1027144.000000
1028242.000000
1029384.000000
1030474.000000
1031455.000000
1032512.000000
1033577.000000
1034565.000000
1035557.000000
1036614.000000
1037655.000000
1038638.000000
1039672.000000
1040752.000000
1041688.000000
1042625.000000
1043605.000000
1044562.000000
1045471.000000
1046431.000000
1047414.000000
1048404.000000
1049323.000000
1050276.000000
1051268.000000
1052272.000000
1053193.000000
1054167.000000
1055150.000000
1056071.000000
1056974.000000
1057933.000000
1058920.000000
1059843.000000
1060827.000000
1061847.000000
1062877.000000
1063816.000000
1064822.000000
1065833.000000
1066820.000000
1067752.000000
1068765.000000
1069810.000000
1070765.000000
1071742.000000
1072734.000000
1073653.000000
1074546.000000
1075491.000000
1076448.000000
1077361.000000
1078361.000000
1079426.000000
1080394.000000
1081443.000000
1082511.000000
1083479.000000
1084474.000000
1085485.000000
1086430.000000
1087314.000000
1088254.000000
1089246.000000
1090163.000000
1091134.000000
1092151.000000
1093106.000000
1094019.000000
1094997.000000
1095956.000000
1096854.000000
1097775.000000
1098748.000000
1099723.000000
1100663.000000
1101588.000000
1102499.000000
1103367.000000
1104281.000000
1105189.000000
1106077.000000
1106957.000000
1107801.000000
1108592.000000
1109381.000000
1110208.000000
1111165.000000
1112043.000000
1112904.000000
1113881.000000
1114926.000000
1115914.000000
1116928.000000
1117985.000000
1118998.000000
1119925.000000
1120906.000000
1121938.000000
1122944.000000
1123884.000000
1124860.000000
1125913.000000
1126943.000000
1127897.000000
1128901.000000
1129917.000000
1130850.000000
1131850.000000
1132908.000000
1133924.000000
1134890.000000
1135904.000000
1136883.000000
1137789.000000
1138756.000000
1139756.000000
1140692.000000
1141690.000000
1142739.000000
1143755.000000
1144707.000000
1145712.000000
1146731.000000
1147682.000000
1148682.000000
1149729.000000
1150746.000000
1151673.000000
1152685.000000
1153691.000000
1154605.000000
1155551.000000
1156526.000000
1157450.000000
1158413.000000
1159410.000000
1160415.000000
1161346.000000
1162342.000000
1163368.000000
1164319.000000
1165287.000000
1166291.000000
1167295.000000
1168234.000000
1169258.000000
1170298.000000
1171266.000000
1172258.000000
1173247.000000
1174170.000000
1175126.000000
1176173.000000
1177153.000000
1178163.000000
1179244.000000
1180252.000000
1181205.000000
1182242.000000
1183248.000000
1184150.000000
1185082.000000
1186054.000000
1186963.000000
1187950.000000
1189013.000000
1190004.000000
1190927.000000
1191917.000000
1192880.000000
1193779.000000
1194748.000000
1195742.000000
1196662.000000
1197617.000000
1198622.000000
1199576.000000
1200496.000000
1201488.000000
1202517.000000
1203467.000000
1204466.000000
1205486.000000
1206441.000000
1207350.000000
1208324.000000
1209336.000000
1210269.000000
1211237.000000
1212242.000000
1213218.000000
1214129.000000
1215115.000000
1216125.000000
1217058.000000
1218037.000000
1219033.000000
1220002.000000
1220917.000000
1221895.000000
1222898.000000
1223826.000000
1224789.000000
1225783.000000
1226725.000000
1227614.000000
1228572.000000
1229545.000000
1230467.000000
1231442.000000
1232472.000000
1233453.000000
1234352.000000
1235316.000000
1236286.000000
1237194.000000
1238109.000000
1239091.000000
1240057.000000
1240977.000000
1242003.000000
1243051.000000
1244029.000000
1245036.000000
1246057.000000
1247039.000000
1247936.000000
1248905.000000
1249893.000000
1250824.000000
1251765.000000
1252759.000000
1253766.000000
1254708.000000
1255713.000000
1256753.000000
1257741.000000
1258676.000000
1259668.000000
1260700.000000
1261684.000000
1262667.000000
1263685.000000
1264689.000000
1265608.000000
1266582.000000
1267582.000000
1268518.000000
1269405.000000
1270350.000000
1271329.000000
1272269.000000
1273255.000000
1274264.000000
1275224.000000
1276104.000000
1277027.000000
1277984.000000
1278912.000000
1279906.000000
1280960.000000
1281957.000000
1282949.000000
1283997.000000
1285019.000000
1285964.000000
1286964.000000
1287959.000000
1288874.000000
1289832.000000
1290804.000000
1291723.000000
1292707.000000
1293748.000000
1294739.000000
1295706.000000
1296758.000000
1297794.000000
1298733.000000
1299700.000000
1300695.000000
1301636.000000
1302645.000000
1303705.000000
1304753.000000
1305721.000000
1306770.000000
1307798.000000
1308722.000000
1309670.000000
1310659.000000
1311641.000000
1312558.000000
1313570.000000
1314607.000000
1315565.000000
1316582.000000
1317613.000000
1318570.000000
1319463.000000
1320402.000000
1321354.000000
1322265.000000
1323233.000000
1324280.000000
1325313.000000
1326281.000000
1327326.000000
1328373.000000
1329323.000000
1330301.000000
1331296.000000
1332223.000000
1333198.000000
1334193.000000
1335203.000000
1336133.000000
1337123.000000
1338180.000000
1339227.000000
1340177.000000
1341167.000000
1342160.000000
1343109.000000
1343999.000000
1344983.000000
1346022.000000
1346991.000000
1348033.000000
1349144.000000
1350168.000000
1351162.000000
1352204.000000
1353184.000000
1354084.000000
1355040.000000
1356041.000000
1356971.000000
1357924.000000
1358919.000000
1359913.000000
1360839.000000
1361862.000000
1362906.000000
1363859.000000
1364834.000000
1365864.000000
1366881.000000
1367820.000000
1368835.000000
1369886.000000
1370916.000000
1371871.000000
1372894.000000
1373912.000000
1374869.000000
1375775.000000
1376753.000000
1377765.000000
1378706.000000
1379696.000000
1380748.000000
1381796.000000
1382742.000000
1383740.000000
1384749.000000
1385715.000000
1386754.000000
1387880.000000
1388984.000000
1390022.000000
1391122.000000
1392240.000000
1393319.000000
1394284.000000
1395321.000000
1396397.000000
1397446.000000
1398420.000000
1399503.000000
1400613.000000
1401650.000000
1402595.000000
1403647.000000
1404770.000000
1405768.000000
1406765.000000
1407814.000000
1408841.000000
1409782.000000
1410781.000000
1411854.000000
1412921.000000
1413894.000000
1414962.000000
1416077.000000
1417156.000000
1418143.000000
1419199.000000
1420282.000000
1421314.000000
1422330.000000
1423404.000000
1424478.000000
1425483.000000
1426553.000000
1427626.000000
1428595.000000
1429540.000000
1430520.000000
1431476.000000
1432403.000000
1433403.000000
1434449.000000
1435455.000000
1436383.000000
1437356.000000
1438367.000000
1439354.000000
1440281.000000
1441273.000000
1442306.000000
1443323.000000
1444284.000000
1445335.000000
1446409.000000
1447466.000000
1448436.000000
1449475.000000
1450557.000000
1451606.000000
1452574.000000
1453563.000000
1454597.000000
1455650.000000
1456612.000000
1457614.000000
1458685.000000
1459770.000000
1460767.000000
1461791.000000
1462876.000000
1463962.000000
1464947.000000
1465874.000000
1466859.000000
1467891.000000
1468929.000000
1469882.000000
1470870.000000
1471883.000000
1472861.000000
1473756.000000
1474607.000000
1475493.000000
1476498.000000
1477442.000000
1478402.000000
1479432.000000
1480397.000000
1481350.000000
1482368.000000
1483386.000000
1484330.000000
1485276.000000
1486237.000000
1487223.000000
1488150.000000
1489071.000000
1490084.000000
1491130.000000
1492094.000000
1493045.000000
1494042.000000
1495048.000000
1495985.000000
1496942.000000
1497958.000000
1498985.000000
1499944.000000
1500973.000000
1502032.000000
1503009.000000
1504034.000000
1505055.000000
1506007.000000
1506997.000000
1508048.000000
1509063.000000
1510131.000000
1511245.000000
1512309.000000
1513345.000000
1514416.000000
1515478.000000
1516439.000000
1517412.000000
1518438.000000
1519464.000000
1520418.000000
1521497.000000
1522571.000000
1523554.000000
1524616.000000
1525698.000000
1526690.000000
1527690.000000
1528733.000000
1529749.000000
1530698.000000
1531730.000000
1532771.000000
1533724.000000
1534748.000000
1535766.000000
1536703.000000
1537676.000000
1538671.000000
1539597.000000
1540571.000000
1541616.000000
1542649.000000
1543632.000000
1544729.000000
1545808.000000
1546777.000000
1547793.000000
1548802.000000
1549733.000000
1550728.000000
1551745.000000
1552723.000000
1553631.000000
1554632.000000
1555657.000000
1556672.000000
1557610.000000
1558607.000000
1559623.000000
1560558.000000
1561507.000000
1562542.000000
1563592.000000
1564548.000000
1565597.000000
1566629.000000
1567574.000000
1568570.000000
1569615.000000
1570564.000000
1571522.000000
1572508.000000
1573476.000000
1574387.000000
1575411.000000
1576480.000000
1577501.000000
1578438.000000
1579422.000000
1580425.000000
1581392.000000
1582347.000000
1583372.000000
1584367.000000
1585291.000000
1586307.000000
1587330.000000
1588282.000000
1589271.000000
1590274.000000
1591204.000000
1592126.000000
1593127.000000
1594146.000000
1595109.000000
1596171.000000
1597249.000000
1598240.000000
1599220.000000
1600238.000000
1601266.000000
1602215.000000
1603219.000000
1604326.000000
1605391.000000
1606365.000000
1607408.000000
1608448.000000
1609386.000000
1610353.000000
1611355.000000
1612267.000000
1613199.000000
1614203.000000
1615227.000000
1616158.000000
1617142.000000
1618201.000000
1619268.000000
1620247.000000
1621258.000000
1622321.000000
1623352.000000
1624301.000000
1625295.000000
1626332.000000
1627336.000000
1628262.000000
1629299.000000
1630362.000000
1631316.000000
1632299.000000
1633317.000000
1634314.000000
1635225.000000
1636199.000000
1637216.000000
1638171.000000
1639122.000000
1640196.000000
1641278.000000
1642274.000000
1643309.000000
1644361.000000
1645327.000000
1646311.000000
1647364.000000
1648410.000000
1649360.000000
1650372.000000
1651422.000000
1652432.000000
1653369.000000
1654351.000000
1655415.000000
1656476.000000
1657436.000000
1658463.000000
1659495.000000
1660439.000000
1661377.000000
1662373.000000
1663400.000000
1664355.000000
1665374.000000
1666424.000000
1667402.000000
1668351.000000
1669382.000000
1670420.000000
1671377.000000
1672369.000000
1673380.000000
1674348.000000
1675261.000000
1676256.000000
1677289.000000
1678245.000000
1679254.000000
1680293.000000
1681229.000000
1682147.000000
1683123.000000
1684102.000000
1685062.000000
1685966.000000
1686957.000000
1687994.000000
1688949.000000
1689933.000000
1690974.000000
1691971.000000
1692909.000000
1693907.000000
1694899.000000
1695804.000000
1696716.000000
1697666.000000
1698615.000000
1699549.000000
1700572.000000
1701649.000000
1702630.000000
1703666.000000
1704685.000000
1705605.000000
1706533.000000
1707492.000000
1708464.000000
1709373.000000
1710375.000000
1711422.000000
1712379.000000
1713385.000000
1714376.000000
1715290.000000
1716259.000000
1717318.000000
1718362.000000
1719336.000000
1720410.000000
1721433.000000
1722354.000000
1723335.000000
1724342.000000
1725276.000000
1726230.000000
1727239.000000
1728210.000000
1729119.000000
1730117.000000
1731118.000000
1732032.000000
1733028.000000
1734046.000000
1735039.000000
1735966.000000
1736994.000000
1738038.000000
1738985.000000
1739937.000000
1740934.000000
1741928.000000
1742853.000000
1743834.000000
1744897.000000
1745963.000000
1746946.000000
1748014.000000
1749093.000000
1750056.000000
1751031.000000
1752041.000000
1753039.000000
1753969.000000
1754988.000000
1756044.000000
1757098.000000
1758062.000000
1759057.000000
1760106.000000
1761133.000000
1762079.000000
1763055.000000
1764045.000000
1764969.000000
1765938.000000
1766976.000000
1768044.000000
1769051.000000
1770130.000000
1771198.000000
1772156.000000
1773080.000000
1774120.000000
1775176.000000
1776135.000000
1777129.000000
1778160.000000
1779150.000000
1780078.000000
1781114.000000
1782217.000000
1783227.000000
1784252.000000
1785332.000000
1786393.000000
1787348.000000
1788385.000000
1789453.000000
1790435.000000
1791454.000000
1792505.000000
1793465.000000
1794415.000000
1795413.000000
1796410.000000
1797353.000000
