Peaks (s)
1493.000000
2466.000000
3419.000000
4407.000000
5444.000000
6526.000000
7606.000000
8696.000000
9752.000000
10765.000000
11749.000000
12703.000000
13620.000000
14538.000000
15529.000000
16608.000000
17710.000000
18805.000000
19848.000000
20840.000000
21779.000000
22694.000000
23634.000000
24642.000000
25739.000000
26900.000000
28038.000000
29151.000000
30216.000000
31254.000000
32250.000000
33213.000000
34149.000000
35075.000000
36037.000000
37066.000000
38132.000000
39202.000000
40254.000000
41280.000000
42284.000000
43243.000000
44164.000000
45090.000000
46088.000000
47157.000000
48251.000000
49341.000000
50430.000000
51494.000000
52524.000000
53506.000000
54454.000000
55400.000000
56359.000000
57356.000000
58368.000000
59438.000000
60515.000000
61569.000000
62604.000000
63620.000000
64617.000000
65571.000000
66495.000000
67415.000000
68354.000000
69351.000000
70379.000000
71428.000000
72474.000000
73498.000000
74475.000000
75421.000000
76339.000000
77275.000000
78273.000000
79337.000000
80432.000000
81506.000000
82532.000000
83519.000000
84479.000000
85435.000000
86416.000000
87460.000000
88519.000000
89603.000000
90673.000000
91705.000000
92702.000000
93676.000000
94645.000000
95630.000000
96639.000000
97701.000000
98772.000000
99806.000000
100732.000000
101638.000000
102510.000000
103371.000000
104327.000000
105412.000000
106508.000000
107611.000000
108707.000000
109794.000000
110851.000000
111857.000000
112807.000000
113748.000000
114776.000000
115885.000000
116993.000000
118089.000000
119178.000000
120240.000000
121259.000000
122233.000000
123181.000000
124148.000000
125168.000000
126232.000000
127330.000000
128422.000000
129515.000000
130586.000000
131630.000000
132634.000000
133643.000000
134707.000000
135807.000000
136863.000000
137879.000000
138853.000000
139837.000000
140869.000000
141920.000000
142960.000000
143970.000000
144958.000000
145928.000000
146901.000000
147934.000000
149010.000000
150105.000000
151175.000000
152196.000000
153155.000000
154073.000000
155007.000000
156001.000000
157069.000000
158176.000000
159267.000000
160329.000000
161375.000000
162475.000000
163563.000000
164608.000000
165594.000000
166529.000000
167486.000000
168508.000000
169562.000000
170593.000000
171591.000000
172599.000000
173681.000000
174759.000000
175787.000000
176779.000000
177726.000000
178678.000000
179687.000000
180748.000000
181776.000000
182755.000000
183790.000000
184852.000000
185874.000000
186869.000000
187873.000000
188875.000000
189879.000000
190929.000000
192013.000000
193101.000000
194103.000000
195063.000000
196045.000000
197055.000000
198062.000000
199044.000000
200015.000000
200994.000000
202045.000000
203107.000000
204129.000000
205107.000000
206046.000000
207028.000000
208066.000000
209054.000000
209993.000000
210936.000000
211882.000000
212822.000000
213756.000000
214708.000000
215730.000000
216811.000000
217869.000000
218866.000000
219839.000000
220850.000000
221852.000000
222813.000000
223758.000000
224753.000000
225808.000000
226835.000000
227826.000000
228842.000000
229856.000000
230837.000000
231826.000000
232857.000000
233869.000000
234850.000000
235897.000000
236937.000000
237924.000000
238919.000000
239920.000000
240886.000000
241859.000000
242874.000000
243844.000000
244826.000000
245881.000000
246926.000000
247915.000000
248913.000000
249951.000000
250982.000000
251998.000000
252949.000000
253882.000000
254892.000000
256033.000000
257156.000000
258235.000000
259366.000000
260517.000000
261602.000000
262619.000000
263675.000000
264752.000000
265762.000000
266715.000000
267695.000000
268701.000000
269661.000000
270603.000000
271613.000000
272682.000000
273721.000000
274767.000000
275859.000000
276914.000000
277922.000000
278965.000000
280018.000000
281024.000000
282057.000000
283089.000000
284063.000000
285069.000000
286122.000000
287140.000000
288112.000000
289092.000000
290095.000000
291048.000000
291989.000000
292995.000000
294020.000000
295000.000000
295985.000000
297016.000000
298059.000000
299064.000000
300033.000000
301024.000000
302008.000000
302964.000000
303900.000000
304852.000000
305782.000000
306689.000000
307598.000000
308566.000000
309580.000000
310563.000000
311539.000000
312563.000000
313612.000000
314628.000000
315603.000000
316577.000000
317619.000000
318668.000000
319687.000000
320660.000000
321643.000000
322661.000000
323660.000000
324615.000000
325591.000000
326647.000000
327729.000000
328792.000000
329818.000000
330818.000000
331862.000000
332948.000000
334037.000000
335094.000000
336114.000000
337099.000000
338103.000000
339171.000000
340277.000000
341374.000000
342428.000000
343446.000000
344430.000000
345422.000000
346474.000000
347571.000000
348650.000000
349684.000000
350672.000000
351651.000000
352706.000000
353807.000000
354943.000000
356040.000000
357106.000000
358178.000000
359285.000000
360378.000000
361414.000000
362395.000000
363406.000000
364521.000000
365690.000000
366790.000000
367888.000000
368999.000000
370096.000000
371135.000000
372146.000000
373229.000000
374342.000000
375401.000000
376384.000000
377367.000000
378383.000000
379393.000000
380377.000000
381382.000000
382433.000000
383482.000000
384490.000000
385459.000000
386404.000000
387398.000000
388445.000000
389494.000000
390508.000000
391474.000000
392448.000000
393484.000000
394563.000000
395622.000000
396632.000000
397619.000000
398614.000000
399639.000000
400648.000000
401632.000000
402598.000000
403578.000000
404632.000000
405729.000000
406782.000000
407808.000000
408853.000000
409831.000000
410783.000000
411783.000000
412837.000000
413871.000000
414870.000000
415868.000000
416951.000000
418070.000000
419157.000000
420203.000000
421270.000000
422365.000000
423439.000000
424439.000000
425385.000000
426372.000000
427404.000000
428453.000000
429462.000000
430455.000000
431477.000000
432557.000000
433642.000000
434679.000000
435670.000000
436667.000000
437685.000000
438699.000000
439686.000000
440653.000000
441686.000000
442770.000000
443845.000000
444895.000000
445894.000000
446915.000000
447961.000000
449013.000000
450038.000000
451019.000000
451976.000000
452989.000000
454054.000000
455135.000000
456184.000000
457190.000000
458229.000000
459320.000000
460405.000000
461443.000000
462443.000000
463461.000000
464532.000000
465601.000000
466623.000000
467614.000000
468639.000000
469677.000000
470677.000000
471655.000000
472658.000000
473651.000000
474620.000000
475603.000000
476639.000000
477657.000000
478640.000000
479651.000000
480666.000000
481652.000000
482600.000000
483557.000000
484567.000000
485600.000000
486594.000000
487565.000000
488583.000000
489621.000000
490647.000000
491699.000000
492784.000000
493824.000000
494811.000000
495823.000000
496848.000000
497815.000000
498802.000000
499859.000000
500912.000000
501924.000000
503002.000000
504048.000000
505040.000000
506076.000000
507126.000000
508127.000000
509117.000000
510180.000000
511228.000000
512216.000000
513214.000000
514280.000000
515309.000000
516304.000000
517341.000000
518400.000000
519406.000000
520388.000000
521413.000000
522437.000000
523426.000000
524410.000000
525451.000000
526525.000000
527517.000000
528572.000000
529681.000000
530766.000000
531797.000000
532871.000000
533958.000000
534986.000000
535984.000000
537038.000000
538096.000000
539098.000000
540130.000000
541170.000000
542162.000000
543128.000000
544137.000000
545174.000000
546201.000000
547188.000000
548202.000000
549267.000000
550305.000000
551303.000000
552322.000000
553395.000000
554459.000000
555476.000000
556518.000000
557590.000000
558596.000000
559598.000000
560621.000000
561646.000000
562654.000000
563688.000000
564728.000000
565703.000000
566696.000000
567720.000000
568702.000000
569692.000000
570742.000000
571801.000000
572796.000000
573813.000000
574854.000000
575834.000000
576788.000000
577799.000000
578833.000000
579813.000000
580771.000000
581754.000000
582761.000000
583746.000000
584695.000000
585697.000000
586753.000000
587821.000000
588851.000000
589827.000000
590824.000000
591866.000000
592933.000000
594006.000000
595017.000000
595994.000000
596981.000000
598015.000000
599099.000000
600162.000000
601191.000000
602191.000000
603177.000000
604192.000000
605236.000000
606268.000000
607241.000000
608182.000000
609138.000000
610154.000000
611197.000000
612207.000000
613194.000000
614217.000000
615272.000000
616301.000000
617286.000000
618257.000000
619277.000000
620326.000000
621336.000000
622318.000000
623347.000000
624409.000000
625442.000000
626421.000000
627424.000000
628476.000000
629521.000000
630511.000000
631495.000000
632532.000000
633585.000000
634575.000000
635565.000000
636604.000000
637631.000000
638658.000000
639740.000000
640817.000000
641845.000000
642831.000000
643867.000000
644942.000000
645970.000000
647002.000000
648063.000000
649143.000000
650189.000000
651228.000000
652275.000000
653301.000000
654277.000000
655273.000000
656304.000000
657269.000000
658226.000000
659254.000000
660273.000000
661262.000000
662266.000000
663308.000000
664291.000000
665231.000000
666221.000000
667244.000000
668220.000000
669202.000000
670228.000000
671204.000000
672177.000000
673251.000000
674312.000000
675341.000000
676402.000000
677492.000000
678529.000000
679530.000000
680532.000000
681582.000000
682661.000000
683706.000000
684702.000000
685687.000000
686722.000000
687785.000000
688831.000000
689843.000000
690856.000000
691918.000000
693004.000000
694040.000000
695059.000000
696116.000000
697146.000000
698125.000000
699126.000000
700191.000000
701225.000000
702203.000000
703242.000000
704299.000000
705299.000000
706284.000000
707309.000000
708319.000000
709280.000000
710264.000000
711273.000000
712231.000000
713173.000000
714142.000000
715166.000000
716194.000000
717187.000000
718202.000000
719248.000000
720311.000000
721333.000000
722342.000000
723378.000000
724442.000000
725456.000000
726421.000000
727448.000000
728531.000000
729563.000000
730537.000000
731486.000000
732482.000000
733463.000000
734410.000000
735383.000000
736379.000000
737370.000000
738320.000000
739304.000000
740314.000000
741276.000000
742205.000000
743166.000000
744130.000000
745058.000000
746032.000000
747045.000000
748001.000000
748958.000000
749962.000000
750936.000000
751907.000000
752938.000000
753973.000000
754963.000000
755965.000000
756990.000000
757956.000000
758902.000000
759892.000000
760881.000000
761837.000000
762824.000000
763809.000000
764780.000000
765781.000000
766832.000000
767851.000000
768845.000000
769859.000000
770927.000000
771990.000000
773018.000000
774079.000000
775166.000000
776209.000000
777220.000000
778248.000000
779300.000000
780290.000000
781277.000000
782303.000000
783325.000000
784334.000000
785418.000000
786520.000000
787565.000000
788591.000000
789637.000000
790585.000000
791565.000000
792643.000000
793691.000000
794748.000000
795880.000000
796914.000000
797903.000000
798923.000000
799976.000000
800989.000000
801959.000000
802938.000000
803984.000000
805015.000000
806024.000000
807072.000000
808191.000000
809283.000000
810328.000000
811402.000000
812492.000000
813522.000000
814546.000000
815605.000000
816624.000000
817608.000000
818636.000000
819693.000000
820728.000000
821736.000000
822763.000000
823818.000000
824855.000000
825848.000000
826854.000000
827906.000000
829012.000000
830077.000000
831091.000000
832080.000000
833133.000000
834239.000000
835329.000000
836389.000000
837400.000000
838433.000000
839531.000000
840608.000000
841621.000000
842654.000000
843718.000000
844747.000000
845754.000000
846787.000000
847862.000000
848905.000000
849900.000000
850917.000000
851970.000000
853000.000000
853998.000000
855019.000000
856058.000000
857092.000000
858093.000000
859113.000000
860168.000000
861209.000000
862231.000000
863285.000000
864317.000000
865308.000000
866320.000000
867363.000000
868370.000000
869363.000000
870386.000000
871458.000000
872497.000000
873486.000000
874495.000000
875519.000000
876496.000000
877467.000000
878480.000000
879543.000000
880559.000000
881554.000000
882564.000000
883592.000000
884612.000000
885595.000000
886545.000000
887480.000000
888417.000000
889406.000000
890447.000000
891456.000000
892427.000000
893423.000000
894437.000000
895404.000000
896376.000000
897390.000000
