Peaks (s)
732.000000
1546.000000
2354.000000
3150.000000
3937.000000
4693.000000
5465.000000
6255.000000
7064.000000
7907.000000
8777.000000
9663.000000
10505.000000
11362.000000
12222.000000
13073.000000
13913.000000
14777.000000
15650.000000
16507.000000
17353.000000
18216.000000
19099.000000
19983.000000
20835.000000
21688.000000
22566.000000
23456.000000
24322.000000
25142.000000
25964.000000
26789.000000
27640.000000
28529.000000
29406.000000
30256.000000
31120.000000
32033.000000
32967.000000
33904.000000
34804.000000
35686.000000
36608.000000
37546.000000
38490.000000
39406.000000
40294.000000
41189.000000
42064.000000
42916.000000
43728.000000
44535.000000
45371.000000
46266.000000
47181.000000
48093.000000
48954.000000
49796.000000
50598.000000
51356.000000
52091.000000
52830.000000
53580.000000
54375.000000
55180.000000
55999.000000
56801.000000
57637.000000
58470.000000
59308.000000
60127.000000
60909.000000
61688.000000
62473.000000
63277.000000
64068.000000
64856.000000
65679.000000
66484.000000
67268.000000
68047.000000
68801.000000
69530.000000
70236.000000
70934.000000
71641.000000
72375.000000
73118.000000
73889.000000
74689.000000
75483.000000
76050.000000
77056.000000
77838.000000
78582.000000
79281.000000
79961.000000
80647.000000
81354.000000
82093.000000
82818.000000
83550.000000
84308.000000
85089.000000
85881.000000
86677.000000
87466.000000
88262.000000
89040.000000
89803.000000
90574.000000
91366.000000
92176.000000
92958.000000
93734.000000
94498.000000
95275.000000
96039.000000
96783.000000
97523.000000
98253.000000
98946.000000
99632.000000
100308.000000
100987.000000
101709.000000
102466.000000
103228.000000
103999.000000
104796.000000
105621.000000
106446.000000
107236.000000
107989.000000
108740.000000
109509.000000
110302.000000
111088.000000
111861.000000
112647.000000
113424.000000
114180.000000
114934.000000
115711.000000
116512.000000
117097.000000
118189.000000
119029.000000
119818.000000
120545.000000
121205.000000
121855.000000
122516.000000
123240.000000
124058.000000
124888.000000
125689.000000
126472.000000
127267.000000
128066.000000
128875.000000
129641.000000
130389.000000
131137.000000
131888.000000
132629.000000
133357.000000
134102.000000
134882.000000
135685.000000
136483.000000
137286.000000
138113.000000
138939.000000
139773.000000
140585.000000
141401.000000
142234.000000
143061.000000
143859.000000
144660.000000
145423.000000
146153.000000
146864.000000
147568.000000
148276.000000
149020.000000
149819.000000
150651.000000
151465.000000
152280.000000
153102.000000
153938.000000
154747.000000
155518.000000
156273.000000
157046.000000
157830.000000
158627.000000
159422.000000
159990.000000
161001.000000
161807.000000
162597.000000
163370.000000
164131.000000
164919.000000
165744.000000
166589.000000
167443.000000
168275.000000
169069.000000
169876.000000
170674.000000
171461.000000
172229.000000
172963.000000
173717.000000
174489.000000
175266.000000
176054.000000
176879.000000
177738.000000
178597.000000
179426.000000
180270.000000
181116.000000
181946.000000
182752.000000
183545.000000
184346.000000
185166.000000
185977.000000
186759.000000
187528.000000
188294.000000
189068.000000
189841.000000
190611.000000
191417.000000
192263.000000
193124.000000
193929.000000
194713.000000
195505.000000
196315.000000
197109.000000
197894.000000
198704.000000
199523.000000
200342.000000
201128.000000
201879.000000
202593.000000
203312.000000
204074.000000
204851.000000
205627.000000
206377.000000
207160.000000
207943.000000
208682.000000
209376.000000
210061.000000
210746.000000
211447.000000
212168.000000
212888.000000
213596.000000
214336.000000
215105.000000
215862.000000
216598.000000
217304.000000
217995.000000
218705.000000
219445.000000
220195.000000
220932.000000
221656.000000
222390.000000
223124.000000
223832.000000
224512.000000
225165.000000
225804.000000
226454.000000
227111.000000
227756.000000
228407.000000
229056.000000
229717.000000
230435.000000
231189.000000
231945.000000
232672.000000
233393.000000
234129.000000
234877.000000
235636.000000
236368.000000
237086.000000
237787.000000
238503.000000
239274.000000
240054.000000
240816.000000
241544.000000
242284.000000
243040.000000
243813.000000
244554.000000
245288.000000
246072.000000
246874.000000
247687.000000
248496.000000
249285.000000
250046.000000
250770.000000
251475.000000
252194.000000
252961.000000
253719.000000
254283.000000
255343.000000
256215.000000
257042.000000
257837.000000
258619.000000
259405.000000
260207.000000
261012.000000
261800.000000
262592.000000
263402.000000
264246.000000
265084.000000
265899.000000
266725.000000
267553.000000
268392.000000
269197.000000
269986.000000
270746.000000
271492.000000
272218.000000
272912.000000
273603.000000
274287.000000
274998.000000
275726.000000
276424.000000
277145.000000
277928.000000
278680.000000
279476.000000
280306.000000
281174.000000
282062.000000
282935.000000
283790.000000
284638.000000
285488.000000
286345.000000
287175.000000
288010.000000
288882.000000
289780.000000
290668.000000
291496.000000
292310.000000
293125.000000
293962.000000
294786.000000
295607.000000
296474.000000
297402.000000
298343.000000
299241.000000
300068.000000
300894.000000
301697.000000
302499.000000
303293.000000
304120.000000
304995.000000
305917.000000
306822.000000
307725.000000
308626.000000
309527.000000
310420.000000
311283.000000
312158.000000
313017.000000
313835.000000
314623.000000
315420.000000
316227.000000
317039.000000
317853.000000
318662.000000
319489.000000
320342.000000
321215.000000
322079.000000
322986.000000
323907.000000
324800.000000
325634.000000
326447.000000
327276.000000
328139.000000
329022.000000
329886.000000
330752.000000
331634.000000
332510.000000
333364.000000
334187.000000
335013.000000
335854.000000
336711.000000
337562.000000
338410.000000
339301.000000
340252.000000
341231.000000
342227.000000
343218.000000
344215.000000
345202.000000
346178.000000
347147.000000
348109.000000
348995.000000
349858.000000
350703.000000
351529.000000
352341.000000
353177.000000
354069.000000
354972.000000
355862.000000
356776.000000
357735.000000
358664.000000
359506.000000
360339.000000
361174.000000
362021.000000
362846.000000
363651.000000
364421.000000
365154.000000
365894.000000
366642.000000
367422.000000
368236.000000
369088.000000
369944.000000
370788.000000
371665.000000
372572.000000
373458.000000
374326.000000
375193.000000
376066.000000
376927.000000
377778.000000
378654.000000
379549.000000
380437.000000
381293.000000
382120.000000
382975.000000
383868.000000
384786.000000
385681.000000
386580.000000
387487.000000
388418.000000
389344.000000
390224.000000
391109.000000
391991.000000
392855.000000
393679.000000
394512.000000
395370.000000
396274.000000
397178.000000
398043.000000
398911.000000
399798.000000
400691.000000
401568.000000
402450.000000
403352.000000
404251.000000
405113.000000
405956.000000
406781.000000
407575.000000
408385.000000
409209.000000
410030.000000
410838.000000
411692.000000
412578.000000
413489.000000
414365.000000
415224.000000
416106.000000
417004.000000
417866.000000
418695.000000
419547.000000
420438.000000
421328.000000
422225.000000
423144.000000
424080.000000
424986.000000
425888.000000
426816.000000
427744.000000
428636.000000
429522.000000
430424.000000
431335.000000
432210.000000
433069.000000
433937.000000
434821.000000
435694.000000
436556.000000
437415.000000
438276.000000
439133.000000
439986.000000
440868.000000
441767.000000
442668.000000
443524.000000
444409.000000
445304.000000
446210.000000
447082.000000
447923.000000
448768.000000
449575.000000
450373.000000
451170.000000
451951.000000
452719.000000
453507.000000
454350.000000
455214.000000
456060.000000
456938.000000
457844.000000
458719.000000
459572.000000
460439.000000
461305.000000
462138.000000
462952.000000
463792.000000
464669.000000
465549.000000
466405.000000
467280.000000
468175.000000
469064.000000
469921.000000
470798.000000
471679.000000
472578.000000
473446.000000
474317.000000
475222.000000
476148.000000
477092.000000
477994.000000
478873.000000
479774.000000
480685.000000
481596.000000
482463.000000
483334.000000
484216.000000
485112.000000
486008.000000
486868.000000
487735.000000
488620.000000
489506.000000
490372.000000
491220.000000
492029.000000
492825.000000
493587.000000
494315.000000
495058.000000
495834.000000
496606.000000
497418.000000
498261.000000
499115.000000
499946.000000
500794.000000
501655.000000
502498.000000
503332.000000
504190.000000
505082.000000
505969.000000
506829.000000
507676.000000
508544.000000
509428.000000
510311.000000
511188.000000
512092.000000
513019.000000
513904.000000
514770.000000
515646.000000
516546.000000
517415.000000
518269.000000
519135.000000
520015.000000
520866.000000
521717.000000
522558.000000
523385.000000
524237.000000
525099.000000
525940.000000
526765.000000
527607.000000
528458.000000
529296.000000
530110.000000
530933.000000
531783.000000
532699.000000
533601.000000
534470.000000
535357.000000
536251.000000
537143.000000
538003.000000
538882.000000
539762.000000
540644.000000
541495.000000
542373.000000
543266.000000
544153.000000
545020.000000
545902.000000
546810.000000
547741.000000
548623.000000
549506.000000
550396.000000
551276.000000
552130.000000
553016.000000
553934.000000
554862.000000
555743.000000
556599.000000
557444.000000
558293.000000
559133.000000
559966.000000
560833.000000
561732.000000
562665.000000
563578.000000
564451.000000
565316.000000
566138.000000
566914.000000
567694.000000
568508.000000
569354.000000
570189.000000
571005.000000
571848.000000
572699.000000
573538.000000
574350.000000
575166.000000
576036.000000
576939.000000
577802.000000
578629.000000
579453.000000
580267.000000
581089.000000
581891.000000
582669.000000
583468.000000
584332.000000
585253.000000
586121.000000
586953.000000
587790.000000
588627.000000
589460.000000
590267.000000
591099.000000
591971.000000
592860.000000
593724.000000
594574.000000
595418.000000
596239.000000
597035.000000
597841.000000
598679.000000
599519.000000
600366.000000
601241.000000
602144.000000
603021.000000
603877.000000
604756.000000
605655.000000
606518.000000
607364.000000
608236.000000
609124.000000
609993.000000
610855.000000
611758.000000
612672.000000
613542.000000
614394.000000
615261.000000
616148.000000
617024.000000
617885.000000
618781.000000
619698.000000
620616.000000
621530.000000
622478.000000
623438.000000
624359.000000
625269.000000
626209.000000
627182.000000
628132.000000
629036.000000
629951.000000
630868.000000
631739.000000
632577.000000
633422.000000
634296.000000
635159.000000
635979.000000
636796.000000
637627.000000
638500.000000
639355.000000
640204.000000
641074.000000
641980.000000
642858.000000
643698.000000
644545.000000
645410.000000
646284.000000
647132.000000
647978.000000
648838.000000
649718.000000
650584.000000
651458.000000
652367.000000
653277.000000
654140.000000
654983.000000
655858.000000
656747.000000
657602.000000
658429.000000
659270.000000
660146.000000
661054.000000
661957.000000
662858.000000
663789.000000
664739.000000
665687.000000
666584.000000
667475.000000
668384.000000
669306.000000
670202.000000
671071.000000
671955.000000
672867.000000
673787.000000
674681.000000
675570.000000
676496.000000
677464.000000
678382.000000
679254.000000
680145.000000
681055.000000
681945.000000
682784.000000
683635.000000
684505.000000
685363.000000
686191.000000
687036.000000
687888.000000
688739.000000
689569.000000
690405.000000
691263.000000
692123.000000
692953.000000
693799.000000
694673.000000
695539.000000
696375.000000
697218.000000
698080.000000
698951.000000
699798.000000
700659.000000
701540.000000
702423.000000
703271.000000
704137.000000
705033.000000
705908.000000
706758.000000
707629.000000
708515.000000
709393.000000
710229.000000
711076.000000
711925.000000
712784.000000
713623.000000
714436.000000
715274.000000
716154.000000
717032.000000
717885.000000
718773.000000
719694.000000
720633.000000
721527.000000
722415.000000
723318.000000
724252.000000
725165.000000
726068.000000
726968.000000
727856.000000
728725.000000
729566.000000
730427.000000
731325.000000
732246.000000
733164.000000
734105.000000
735081.000000
736066.000000
736977.000000
737851.000000
738731.000000
739617.000000
740481.000000
741343.000000
742233.000000
743136.000000
743999.000000
744875.000000
745785.000000
746715.000000
747619.000000
748509.000000
749432.000000
750388.000000
751347.000000
752270.000000
753202.000000
754166.000000
755146.000000
756082.000000
756966.000000
757855.000000
758788.000000
759716.000000
760635.000000
761573.000000
762489.000000
763352.000000
764230.000000
765118.000000
765957.000000
766770.000000
767608.000000
768466.000000
769329.000000
770166.000000
771006.000000
771879.000000
772764.000000
773624.000000
774461.000000
775314.000000
776142.000000
776975.000000
777863.000000
778791.000000
779714.000000
780598.000000
781522.000000
782485.000000
783427.000000
784327.000000
785229.000000
786161.000000
787075.000000
787953.000000
788845.000000
789758.000000
790660.000000
791541.000000
792457.000000
793408.000000
794335.000000
795232.000000
796141.000000
797066.000000
797973.000000
798865.000000
799791.000000
800742.000000
801670.000000
802554.000000
803456.000000
804375.000000
805301.000000
806196.000000
807109.000000
808087.000000
809102.000000
810084.000000
811044.000000
811995.000000
812919.000000
813800.000000
814721.000000
815614.000000
816452.000000
817250.000000
818042.000000
818828.000000
819654.000000
820493.000000
821318.000000
822133.000000
822962.000000
823833.000000
824689.000000
825532.000000
826390.000000
827280.000000
828153.000000
829002.000000
829885.000000
830777.000000
831633.000000
832468.000000
833330.000000
834205.000000
835056.000000
835892.000000
836758.000000
837668.000000
838563.000000
839441.000000
840363.000000
841318.000000
842265.000000
843183.000000
844131.000000
845142.000000
846118.000000
847043.000000
847977.000000
848922.000000
849820.000000
850709.000000
851621.000000
852555.000000
853460.000000
854388.000000
855365.000000
856349.000000
857287.000000
858212.000000
859138.000000
860030.000000
860890.000000
861788.000000
862736.000000
863687.000000
864608.000000
865519.000000
866442.000000
867345.000000
868233.000000
869132.000000
870047.000000
870962.000000
871848.000000
872760.000000
873692.000000
874637.000000
