Peaks (s)
1219.000000
2164.000000
3113.000000
4066.000000
5020.000000
5980.000000
6927.000000
7875.000000
8831.000000
9789.000000
10751.000000
11705.000000
12665.000000
13632.000000
14601.000000
15237.000000
16162.000000
17288.000000
18270.000000
18916.000000
20042.000000
21013.000000
21966.000000
22915.000000
23871.000000
24822.000000
25772.000000
26714.000000
27661.000000
28609.000000
29557.000000
30514.000000
31477.000000
32438.000000
33394.000000
34344.000000
35298.000000
36245.000000
37200.000000
38163.000000
39120.000000
40080.000000
41034.000000
41995.000000
42961.000000
43922.000000
44480.000000
45610.000000
46583.000000
47534.000000
48484.000000
49425.000000
50368.000000
51305.000000
52236.000000
53173.000000
54111.000000
55054.000000
55990.000000
56920.000000
57859.000000
58789.000000
59717.000000
60649.000000
61585.000000
62510.000000
63429.000000
64363.000000
65289.000000
66210.000000
67124.000000
67692.000000
68791.000000
69734.000000
70682.000000
71633.000000
72571.000000
73519.000000
74470.000000
75421.000000
76368.000000
77321.000000
78280.000000
79237.000000
80183.000000
81122.000000
81747.000000
82853.000000
83799.000000
84739.000000
85670.000000
86602.000000
87530.000000
88463.000000
89393.000000
90322.000000
91254.000000
92192.000000
93133.000000
94078.000000
95029.000000
95969.000000
96520.000000
97380.000000
98513.000000
99499.000000
100466.000000
101423.000000
102377.000000
103326.000000
104266.000000
105194.000000
106132.000000
107059.000000
107982.000000
108899.000000
109829.000000
110751.000000
111682.000000
112612.000000
113539.000000
114472.000000
115398.000000
116330.000000
117254.000000
118179.000000
119093.000000
120023.000000
120944.000000
121868.000000
122786.000000
123706.000000
124619.000000
125532.000000
126437.000000
127334.000000
128235.000000
129137.000000
130043.000000
130960.000000
131874.000000
132794.000000
133707.000000
134654.000000
135608.000000
136559.000000
137515.000000
138484.000000
139446.000000
140417.000000
141379.000000
142363.000000
143357.000000
144316.000000
145270.000000
146227.000000
147172.000000
148123.000000
149048.000000
149945.000000
150828.000000
151720.000000
152636.000000
153562.000000
154509.000000
155470.000000
156442.000000
157403.000000
158371.000000
159350.000000
160329.000000
161304.000000
162266.000000
163232.000000
164197.000000
165163.000000
166126.000000
167078.000000
168025.000000
168985.000000
169550.000000
170422.000000
171556.000000
172546.000000
173535.000000
174514.000000
175491.000000
176450.000000
177401.000000
178345.000000
179276.000000
180212.000000
181157.000000
181862.000000
182971.000000
183927.000000
184860.000000
185804.000000
186736.000000
187682.000000
188631.000000
189578.000000
190523.000000
191465.000000
192416.000000
193369.000000
194320.000000
195262.000000
196203.000000
196771.000000
197886.000000
198841.000000
199793.000000
200735.000000
201679.000000
202633.000000
203583.000000
204543.000000
205491.000000
206438.000000
207376.000000
208317.000000
209264.000000
210211.000000
211152.000000
212094.000000
213042.000000
213992.000000
214949.000000
215902.000000
216860.000000
217825.000000
218792.000000
219743.000000
220299.000000
221449.000000
222432.000000
223384.000000
224329.000000
225271.000000
226221.000000
227178.000000
227833.000000
228962.000000
229935.000000
230901.000000
231846.000000
232785.000000
233718.000000
234651.000000
235598.000000
236561.000000
237523.000000
238070.000000
239215.000000
240189.000000
241152.000000
242109.000000
243070.000000
244044.000000
245010.000000
245966.000000
246534.000000
247647.000000
248605.000000
249560.000000
250499.000000
251450.000000
252405.000000
253363.000000
254316.000000
254864.000000
256001.000000
256968.000000
257929.000000
258883.000000
259824.000000
260769.000000
261712.000000
262648.000000
263578.000000
264511.000000
265457.000000
266395.000000
267333.000000
268275.000000
269201.000000
270128.000000
271051.000000
271977.000000
272890.000000
273809.000000
274722.000000
275644.000000
276580.000000
277508.000000
278449.000000
279397.000000
280339.000000
281280.000000
282228.000000
283176.000000
284121.000000
285056.000000
285993.000000
286924.000000
287855.000000
288782.000000
289699.000000
290627.000000
291553.000000
292476.000000
293410.000000
294358.000000
295312.000000
296261.000000
297210.000000
298151.000000
299093.000000
300036.000000
300977.000000
301917.000000
302870.000000
303814.000000
304773.000000
305724.000000
306681.000000
307636.000000
308575.000000
309518.000000
310455.000000
311394.000000
312333.000000
313267.000000
314210.000000
315154.000000
316099.000000
317046.000000
317998.000000
318955.000000
319910.000000
320870.000000
321821.000000
322770.000000
323709.000000
324636.000000
325557.000000
326495.000000
327445.000000
328385.000000
329325.000000
330266.000000
331205.000000
332135.000000
333076.000000
334026.000000
334970.000000
335916.000000
336863.000000
337808.000000
338745.000000
339687.000000
340622.000000
341561.000000
342500.000000
343431.000000
344367.000000
345290.000000
346210.000000
347139.000000
348079.000000
349017.000000
349960.000000
350907.000000
351857.000000
352804.000000
353766.000000
354710.000000
355644.000000
356595.000000
357539.000000
358471.000000
359413.000000
360352.000000
361284.000000
362216.000000
363155.000000
364094.000000
365031.000000
365964.000000
366901.000000
367825.000000
368741.000000
369661.000000
370581.000000
371496.000000
372416.000000
373341.000000
374268.000000
375197.000000
376135.000000
377070.000000
377994.000000
378922.000000
379860.000000
380464.000000
381595.000000
382569.000000
383542.000000
384506.000000
385468.000000
386427.000000
387381.000000
388330.000000
389275.000000
390221.000000
391166.000000
392105.000000
393052.000000
393981.000000
394911.000000
395845.000000
396771.000000
397710.000000
398650.000000
399591.000000
400552.000000
401510.000000
402467.000000
403429.000000
404387.000000
405343.000000
406296.000000
407255.000000
408208.000000
409148.000000
410101.000000
411057.000000
412007.000000
412960.000000
413914.000000
414855.000000
415791.000000
416737.000000
417695.000000
418630.000000
419570.000000
420516.000000
421456.000000
422402.000000
423347.000000
424289.000000
425226.000000
426167.000000
427095.000000
428024.000000
428939.000000
429859.000000
430770.000000
431679.000000
432595.000000
433504.000000
434409.000000
435334.000000
436264.000000
437183.000000
438118.000000
439067.000000
440012.000000
440963.000000
441919.000000
442862.000000
443794.000000
444714.000000
445613.000000
446509.000000
447376.000000
448236.000000
449101.000000
449979.000000
450866.000000
451779.000000
452710.000000
453652.000000
454606.000000
455563.000000
456512.000000
457450.000000
458377.000000
459312.000000
460254.000000
461199.000000
462147.000000
463095.000000
464037.000000
464985.000000
465935.000000
466878.000000
467816.000000
468754.000000
469711.000000
470671.000000
471629.000000
472582.000000
473536.000000
474496.000000
475461.000000
476422.000000
477374.000000
478331.000000
479279.000000
480223.000000
481176.000000
482136.000000
483102.000000
484071.000000
485045.000000
486019.000000
486997.000000
487974.000000
488946.000000
489916.000000
490881.000000
491845.000000
492807.000000
493384.000000
494523.000000
495516.000000
496503.000000
497491.000000
498081.000000
499055.000000
500233.000000
501276.000000
502300.000000
503295.000000
504276.000000
505253.000000
506220.000000
507192.000000
508176.000000
509150.000000
510122.000000
510753.000000
511897.000000
512870.000000
513822.000000
514780.000000
515741.000000
516702.000000
517652.000000
518604.000000
519558.000000
520510.000000
521467.000000
522423.000000
523399.000000
524362.000000
525317.000000
526274.000000
527235.000000
527797.000000
528920.000000
529880.000000
530836.000000
531785.000000
532740.000000
533705.000000
534664.000000
535627.000000
536593.000000
537567.000000
538543.000000
539515.000000
540477.000000
541442.000000
542417.000000
543386.000000
544346.000000
545303.000000
546267.000000
547247.000000
548216.000000
549173.000000
549784.000000
550934.000000
551926.000000
552895.000000
553866.000000
554845.000000
555829.000000
556817.000000
557790.000000
558759.000000
559724.000000
560683.000000
561648.000000
562626.000000
563614.000000
564599.000000
565571.000000
566538.000000
567166.000000
568321.000000
569321.000000
570297.000000
571269.000000
572248.000000
573222.000000
574192.000000
575163.000000
576143.000000
577106.000000
578061.000000
579012.000000
579967.000000
580933.000000
581896.000000
582858.000000
583828.000000
584801.000000
585769.000000
586718.000000
587663.000000
588614.000000
589555.000000
590512.000000
591468.000000
592436.000000
593397.000000
594351.000000
595304.000000
596267.000000
597223.000000
598179.000000
598747.000000
599877.000000
600849.000000
601823.000000
602799.000000
603565.000000
604713.000000
605711.000000
606683.000000
607646.000000
608605.000000
609561.000000
610522.000000
611475.000000
612440.000000
613404.000000
614371.000000
615343.000000
616313.000000
616875.000000
618013.000000
618988.000000
619949.000000
620911.000000
621466.000000
622609.000000
623597.000000
624596.000000
625588.000000
626565.000000
627546.000000
628525.000000
629493.000000
630476.000000
631468.000000
632443.000000
633413.000000
634394.000000
635383.000000
635966.000000
637121.000000
638123.000000
639092.000000
640060.000000
641038.000000
642000.000000
642966.000000
643928.000000
644887.000000
645438.000000
646568.000000
647544.000000
648514.000000
649472.000000
650439.000000
651423.000000
652399.000000
653386.000000
654388.000000
655383.000000
656368.000000
657350.000000
658343.000000
659329.000000
660307.000000
661270.000000
662223.000000
663165.000000
664110.000000
665045.000000
665976.000000
666921.000000
667874.000000
668828.000000
669809.000000
670811.000000
671798.000000
672803.000000
673810.000000
674806.000000
675782.000000
676762.000000
677739.000000
678709.000000
679681.000000
680652.000000
681610.000000
682566.000000
683527.000000
684484.000000
685443.000000
686423.000000
687395.000000
688341.000000
689290.000000
690248.000000
691209.000000
692158.000000
693121.000000
694093.000000
695066.000000
696020.000000
696990.000000
697948.000000
698910.000000
699884.000000
700851.000000
701815.000000
702776.000000
703734.000000
704685.000000
705644.000000
706619.000000
707606.000000
708587.000000
709559.000000
710541.000000
711519.000000
712487.000000
713460.000000
714439.000000
715404.000000
716359.000000
717330.000000
718293.000000
719259.000000
720222.000000
721182.000000
722165.000000
723148.000000
724134.000000
725095.000000
725699.000000
726826.000000
727797.000000
728747.000000
729696.000000
730649.000000
731606.000000
732561.000000
733513.000000
734467.000000
735426.000000
736377.000000
737318.000000
738267.000000
739232.000000
740197.000000
741148.000000
741705.000000
742857.000000
743525.000000
744657.000000
745685.000000
746705.000000
747714.000000
748729.000000
749750.000000
750755.000000
751768.000000
752775.000000
753760.000000
754738.000000
755719.000000
756375.000000
757524.000000
758517.000000
759497.000000
760463.000000
761446.000000
762440.000000
763430.000000
764411.000000
765132.000000
766278.000000
767254.000000
768219.000000
769180.000000
770128.000000
771076.000000
772019.000000
772963.000000
773920.000000
774886.000000
775861.000000
776835.000000
777814.000000
778791.000000
779768.000000
780332.000000
781488.000000
782480.000000
783456.000000
784431.000000
785392.000000
786362.000000
787322.000000
787889.000000
789034.000000
790032.000000
791034.000000
792045.000000
793047.000000
794041.000000
795050.000000
796042.000000
797024.000000
798012.000000
799002.000000
799981.000000
800965.000000
801955.000000
802935.000000
803893.000000
804848.000000
805799.000000
806745.000000
807681.000000
808630.000000
809566.000000
810516.000000
811482.000000
812469.000000
813475.000000
814461.000000
815446.000000
816438.000000
817411.000000
818379.000000
819353.000000
820328.000000
821288.000000
821843.000000
822975.000000
823972.000000
824957.000000
825936.000000
826513.000000
827690.000000
828716.000000
829736.000000
830753.000000
831754.000000
832377.000000
833550.000000
834541.000000
835507.000000
836464.000000
837416.000000
838371.000000
839336.000000
840300.000000
841017.000000
842145.000000
843140.000000
844147.000000
845160.000000
846165.000000
847186.000000
848200.000000
849205.000000
850209.000000
851217.000000
852216.000000
853224.000000
854234.000000
855231.000000
856201.000000
857173.000000
858156.000000
859127.000000
860091.000000
861060.000000
862029.000000
862989.000000
863948.000000
864918.000000
865889.000000
866866.000000
867855.000000
868832.000000
869796.000000
870753.000000
871721.000000
872676.000000
873637.000000
874613.000000
875576.000000
876529.000000
877489.000000
878451.000000
879403.000000
880151.000000
881278.000000
882260.000000
883231.000000
884216.000000
885189.000000
885805.000000
886964.000000
887963.000000
888930.000000
889648.000000
890759.000000
891740.000000
892715.000000
893677.000000
894631.000000
895605.000000
896592.000000
897268.000000
898439.000000
899461.000000
900466.000000
