Peaks (s)
1070.000000
1908.000000
2742.000000
3561.000000
4417.000000
5250.000000
6082.000000
6888.000000
7675.000000
8419.000000
9187.000000
9918.000000
10666.000000
11461.000000
12319.000000
13192.000000
14039.000000
14901.000000
15742.000000
16547.000000
17319.000000
18066.000000
18834.000000
19648.000000
20437.000000
21155.000000
21915.000000
23053.000000
24115.000000
25152.000000
26168.000000
27140.000000
28019.000000
28910.000000
29822.000000
30722.000000
31583.000000
32472.000000
33405.000000
34347.000000
35242.000000
36150.000000
37080.000000
38016.000000
39009.000000
39870.000000
40745.000000
41667.000000
42538.000000
43489.000000
44511.000000
45486.000000
46488.000000
47465.000000
48371.000000
49307.000000
50216.000000
51040.000000
51983.000000
52961.000000
53842.000000
54595.000000
55351.000000
56272.000000
57339.000000
58369.000000
59313.000000
60185.000000
61093.000000
62012.000000
62943.000000
63835.000000
64695.000000
65534.000000
66408.000000
67366.000000
68267.000000
69145.000000
70054.000000
70957.000000
71813.000000
72707.000000
73601.000000
74449.000000
75308.000000
76218.000000
77107.000000
77958.000000
78843.000000
79761.000000
80613.000000
81494.000000
82389.000000
83231.000000
84103.000000
84977.000000
85805.000000
86713.000000
87635.000000
88475.000000
89287.000000
90072.000000
90901.000000
91737.000000
92583.000000
93452.000000
94336.000000
95180.000000
96032.000000
96876.000000
97720.000000
98620.000000
99531.000000
100396.000000
101288.000000
102195.000000
103035.000000
103902.000000
104828.000000
105745.000000
106663.000000
107594.000000
108524.000000
109433.000000
110368.000000
111258.000000
112117.000000
112989.000000
113849.000000
114724.000000
115630.000000
116491.000000
117394.000000
118326.000000
119216.000000
120110.000000
120985.000000
121831.000000
122685.000000
123543.000000
124403.000000
125277.000000
126171.000000
127028.000000
127987.000000
128935.000000
129823.000000
130739.000000
131596.000000
132467.000000
133338.000000
134180.000000
135063.000000
136009.000000
136916.000000
137896.000000
138828.000000
139706.000000
140620.000000
141524.000000
142419.000000
143395.000000
144305.000000
145178.000000
146091.000000
146965.000000
147850.000000
148770.000000
149665.000000
150574.000000
151511.000000
152404.000000
153365.000000
154297.000000
155194.000000
156109.000000
156976.000000
157826.000000
158759.000000
159714.000000
160618.000000
161531.000000
162426.000000
163275.000000
164193.000000
165093.000000
165941.000000
166816.000000
167747.000000
168627.000000
169535.000000
170461.000000
171329.000000
172207.000000
173127.000000
174016.000000
174956.000000
175881.000000
176757.000000
177670.000000
178528.000000
179369.000000
180226.000000
181077.000000
181928.000000
182815.000000
183688.000000
184566.000000
185532.000000
186422.000000
187285.000000
188167.000000
189014.000000
189890.000000
190781.000000
191635.000000
192558.000000
193498.000000
194351.000000
195255.000000
196163.000000
197020.000000
197956.000000
198848.000000
199697.000000
200562.000000
201460.000000
202337.000000
203122.000000
203860.000000
204664.000000
205924.000000
207019.000000
208070.000000
208992.000000
209853.000000
210747.000000
211641.000000
212507.000000
213370.000000
214257.000000
215185.000000
216142.000000
217074.000000
217982.000000
218887.000000
219751.000000
220652.000000
221582.000000
222463.000000
223438.000000
224453.000000
225352.000000
226288.000000
227280.000000
228165.000000
229055.000000
230006.000000
230889.000000
231808.000000
232741.000000
233676.000000
234574.000000
235481.000000
236395.000000
237247.000000
238177.000000
239082.000000
239923.000000
240799.000000
241723.000000
242614.000000
243568.000000
244537.000000
245429.000000
246344.000000
247248.000000
248076.000000
248933.000000
249838.000000
250741.000000
251696.000000
252668.000000
253627.000000
254517.000000
255476.000000
256414.000000
257277.000000
258185.000000
259096.000000
259968.000000
260889.000000
261833.000000
262762.000000
263734.000000
264717.000000
265649.000000
266618.000000
267569.000000
268479.000000
269389.000000
270262.000000
271113.000000
272019.000000
272969.000000
273898.000000
274884.000000
275846.000000
276756.000000
277690.000000
278579.000000
279470.000000
280414.000000
281324.000000
282251.000000
283173.000000
284077.000000
285009.000000
285899.000000
286776.000000
287685.000000
288569.000000
289498.000000
290421.000000
291305.000000
292238.000000
293154.000000
294007.000000
294873.000000
295741.000000
296603.000000
297510.000000
298405.000000
299262.000000
300171.000000
301080.000000
301962.000000
302876.000000
303756.000000
304644.000000
305572.000000
306419.000000
307293.000000
308167.000000
308998.000000
309894.000000
310826.000000
311725.000000
312708.000000
313659.000000
314589.000000
315513.000000
316362.000000
317245.000000
318115.000000
318987.000000
319913.000000
320803.000000
321674.000000
322569.000000
323453.000000
324317.000000
325223.000000
326173.000000
327072.000000
328016.000000
328955.000000
329823.000000
330713.000000
331648.000000
332542.000000
333490.000000
334473.000000
335388.000000
336382.000000
337357.000000
338281.000000
339259.000000
340150.000000
341035.000000
341893.000000
342711.000000
343604.000000
344682.000000
345666.000000
346639.000000
347626.000000
348557.000000
349513.000000
350464.000000
351359.000000
352301.000000
353214.000000
354110.000000
355069.000000
355986.000000
356885.000000
357793.000000
358697.000000
359595.000000
360551.000000
361485.000000
362393.000000
363342.000000
364308.000000
365225.000000
366155.000000
367133.000000
368045.000000
368994.000000
369983.000000
370880.000000
371800.000000
372688.000000
373587.000000
374532.000000
375474.000000
376361.000000
377254.000000
378152.000000
379013.000000
379980.000000
380877.000000
381755.000000
382666.000000
383555.000000
384439.000000
385379.000000
386315.000000
387183.000000
388070.000000
388996.000000
389872.000000
390793.000000
391690.000000
392554.000000
393491.000000
394433.000000
395307.000000
396212.000000
397108.000000
397986.000000
398934.000000
399868.000000
400788.000000
401706.000000
402593.000000
403525.000000
404451.000000
405349.000000
406277.000000
407189.000000
408050.000000
408826.000000
409575.000000
410351.000000
411353.000000
412422.000000
413430.000000
414397.000000
415346.000000
416264.000000
417120.000000
417974.000000
418900.000000
419818.000000
420718.000000
421695.000000
422675.000000
423579.000000
424480.000000
425422.000000
426304.000000
427196.000000
428087.000000
428971.000000
429833.000000
430820.000000
431783.000000
432703.000000
433687.000000
434644.000000
435532.000000
436501.000000
437481.000000
438370.000000
439274.000000
440195.000000
441083.000000
442043.000000
443036.000000
443948.000000
444893.000000
445791.000000
446674.000000
447597.000000
448501.000000
449422.000000
450373.000000
451253.000000
452179.000000
453111.000000
454001.000000
454903.000000
455814.000000
456683.000000
457594.000000
458535.000000
459426.000000
460355.000000
461281.000000
462149.000000
463068.000000
463940.000000
464781.000000
465698.000000
466641.000000
467533.000000
468503.000000
469530.000000
470493.000000
471483.000000
472404.000000
473308.000000
474262.000000
475185.000000
476169.000000
477126.000000
478087.000000
479050.000000
479969.000000
480928.000000
481873.000000
482769.000000
483699.000000
484605.000000
485465.000000
486375.000000
487313.000000
488189.000000
489126.000000
490078.000000
490990.000000
491979.000000
492966.000000
493880.000000
494861.000000
495789.000000
496696.000000
497613.000000
498481.000000
499358.000000
500302.000000
501288.000000
502211.000000
503159.000000
504143.000000
505089.000000
505997.000000
506935.000000
507913.000000
508772.000000
509522.000000
510251.000000
511588.000000
512728.000000
513811.000000
514873.000000
515899.000000
516892.000000
517866.000000
518794.000000
519683.000000
520548.000000
521431.000000
522357.000000
523322.000000
524293.000000
525260.000000
526212.000000
527102.000000
527995.000000
528890.000000
529764.000000
530616.000000
531515.000000
532446.000000
533311.000000
534189.000000
535104.000000
535973.000000
536826.000000
537760.000000
538648.000000
539512.000000
540398.000000
541313.000000
542169.000000
543071.000000
543973.000000
544838.000000
545737.000000
546634.000000
547500.000000
548391.000000
549323.000000
550190.000000
551111.000000
552024.000000
552910.000000
553835.000000
554790.000000
555685.000000
556600.000000
557533.000000
558423.000000
559390.000000
560353.000000
561326.000000
562299.000000
563239.000000
564109.000000
564983.000000
565871.000000
566740.000000
567707.000000
568658.000000
569576.000000
570556.000000
571534.000000
572432.000000
573338.000000
574246.000000
575084.000000
575964.000000
576888.000000
577760.000000
578682.000000
579571.000000
580427.000000
581287.000000
582140.000000
582976.000000
583848.000000
584738.000000
585602.000000
586457.000000
587322.000000
588164.000000
589004.000000
589844.000000
590674.000000
591455.000000
592282.000000
593161.000000
594014.000000
594870.000000
595743.000000
596615.000000
597437.000000
598283.000000
599163.000000
600033.000000
600879.000000
601724.000000
602560.000000
603329.000000
604205.000000
605167.000000
606008.000000
606861.000000
607766.000000
608779.000000
609704.000000
610664.000000
611631.000000
612574.000000
613513.000000
614386.000000
615265.000000
616161.000000
617029.000000
617953.000000
618853.000000
619751.000000
620727.000000
621679.000000
622552.000000
623443.000000
624344.000000
625216.000000
626162.000000
627143.000000
628061.000000
629008.000000
629958.000000
630860.000000
631872.000000
632816.000000
633657.000000
634537.000000
635492.000000
636436.000000
637437.000000
638475.000000
639463.000000
640499.000000
641513.000000
642422.000000
643311.000000
644204.000000
645068.000000
645973.000000
646913.000000
647852.000000
648746.000000
649665.000000
650570.000000
651408.000000
652284.000000
653211.000000
654084.000000
655018.000000
655908.000000
656786.000000
657726.000000
658697.000000
659581.000000
660512.000000
661438.000000
662304.000000
663230.000000
664172.000000
665058.000000
665986.000000
666918.000000
667802.000000
668923.000000
670052.000000
671088.000000
672101.000000
673073.000000
674062.000000
674929.000000
675732.000000
676554.000000
677320.000000
678120.000000
679201.000000
680275.000000
681324.000000
682277.000000
683215.000000
684157.000000
685035.000000
685920.000000
686834.000000
687766.000000
688688.000000
689695.000000
690661.000000
691533.000000
692409.000000
693291.000000
694173.000000
695125.000000
696194.000000
697207.000000
698274.000000
699306.000000
700271.000000
701225.000000
702144.000000
703086.000000
704050.000000
704973.000000
705942.000000
706962.000000
707906.000000
708904.000000
709872.000000
710778.000000
711721.000000
712641.000000
713553.000000
714538.000000
715571.000000
716545.000000
717573.000000
718588.000000
719559.000000
720550.000000
721483.000000
722335.000000
723225.000000
724203.000000
725181.000000
726231.000000
727246.000000
728233.000000
729276.000000
730256.000000
731176.000000
732079.000000
732984.000000
733867.000000
734912.000000
736006.000000
737019.000000
738065.000000
739080.000000
739998.000000
740904.000000
741825.000000
742693.000000
743651.000000
744640.000000
745580.000000
746675.000000
747740.000000
748754.000000
749736.000000
750662.000000
751608.000000
752568.000000
753440.000000
754363.000000
755307.000000
756203.000000
757131.000000
758060.000000
758945.000000
759849.000000
760771.000000
761657.000000
762578.000000
763506.000000
764351.000000
765115.000000
765841.000000
766571.000000
767788.000000
768877.000000
769922.000000
770948.000000
771954.000000
772939.000000
773882.000000
774803.000000
775708.000000
776612.000000
777541.000000
778461.000000
779401.000000
780352.000000
781275.000000
782195.000000
783107.000000
783983.000000
784840.000000
785734.000000
786721.000000
787605.000000
788525.000000
789455.000000
790343.000000
791310.000000
792308.000000
793231.000000
794218.000000
795184.000000
796078.000000
796995.000000
797900.000000
798753.000000
799640.000000
800550.000000
801443.000000
802410.000000
803409.000000
804335.000000
805254.000000
806190.000000
807057.000000
807954.000000
808878.000000
809783.000000
810720.000000
811669.000000
812630.000000
813552.000000
814466.000000
815369.000000
816257.000000
817156.000000
818077.000000
818969.000000
819925.000000
820880.000000
821777.000000
822703.000000
823666.000000
824565.000000
825510.000000
826446.000000
827363.000000
828323.000000
829297.000000
830252.000000
831243.000000
832246.000000
833202.000000
834179.000000
835128.000000
836013.000000
836925.000000
837832.000000
838715.000000
839702.000000
840677.000000
841598.000000
842553.000000
843517.000000
844411.000000
845307.000000
846179.000000
847020.000000
847918.000000
848931.000000
849858.000000
850830.000000
851786.000000
852725.000000
853702.000000
854643.000000
855506.000000
856388.000000
857265.000000
858120.000000
859067.000000
860047.000000
861017.000000
862004.000000
862957.000000
863853.000000
864758.000000
865682.000000
866597.000000
867521.000000
868446.000000
869330.000000
870287.000000
871392.000000
872413.000000
873505.000000
874575.000000
875537.000000
876508.000000
877459.000000
878331.000000
879224.000000
880140.000000
880998.000000
881910.000000
882841.000000
883706.000000
884593.000000
885504.000000
886363.000000
887251.000000
888181.000000
889048.000000
889952.000000
890886.000000
891776.000000
892775.000000
893756.000000
894640.000000
895515.000000
896421.000000
897245.000000
898039.000000
898805.000000
899625.000000
900512.000000
901347.000000
902225.000000
903176.000000
904102.000000
905047.000000
905931.000000
906758.000000
907595.000000
908462.000000
909357.000000
910329.000000
911345.000000
912320.000000
913389.000000
914448.000000
915445.000000
916428.000000
917373.000000
918234.000000
919134.000000
920056.000000
920932.000000
921847.000000
922745.000000
923618.000000
924582.000000
