Peaks (s)
725.000000
1607.000000
2468.000000
3304.000000
4178.000000
5057.000000
5893.000000
6726.000000
7572.000000
8397.000000
9224.000000
10097.000000
10970.000000
11814.000000
12681.000000
13576.000000
14464.000000
15314.000000
16188.000000
17070.000000
17918.000000
18745.000000
19608.000000
20471.000000
21315.000000
22180.000000
23050.000000
23892.000000
24754.000000
25653.000000
26531.000000
27367.000000
28242.000000
29119.000000
29965.000000
30819.000000
31699.000000
32582.000000
33440.000000
34318.000000
35196.000000
36037.000000
36907.000000
37792.000000
38650.000000
39396.000000
40358.000000
41250.000000
42110.000000
42956.000000
43843.000000
44749.000000
45618.000000
46497.000000
47423.000000
48347.000000
49199.000000
50058.000000
50946.000000
51804.000000
52552.000000
53520.000000
54434.000000
55273.000000
56110.000000
56980.000000
57841.000000
58675.000000
59555.000000
60435.000000
61274.000000
62098.000000
62964.000000
63838.000000
64678.000000
65518.000000
66382.000000
67242.000000
68070.000000
68905.000000
69762.000000
70606.000000
71342.000000
72282.000000
73163.000000
73894.000000
74699.000000
75620.000000
76481.000000
77315.000000
78148.000000
79004.000000
79845.000000
80658.000000
81513.000000
82378.000000
83197.000000
83939.000000
84851.000000
85700.000000
86430.000000
87321.000000
88168.000000
89019.000000
89845.000000
90665.000000
91520.000000
92380.000000
93210.000000
94060.000000
94926.000000
95795.000000
96624.000000
97456.000000
98311.000000
99172.000000
100002.000000
100867.000000
101748.000000
102597.000000
103424.000000
104284.000000
105157.000000
105999.000000
106842.000000
107708.000000
108569.000000
109396.000000
110234.000000
111089.000000
111935.000000
112767.000000
113621.000000
114485.000000
115314.000000
116042.000000
116940.000000
117788.000000
118522.000000
119312.000000
120249.000000
121129.000000
121958.000000
122795.000000
123681.000000
124585.000000
125449.000000
126309.000000
127169.000000
128044.000000
128888.000000
129729.000000
130615.000000
131501.000000
132378.000000
133270.000000
134179.000000
135096.000000
135965.000000
136846.000000
137753.000000
138656.000000
139532.000000
140413.000000
141308.000000
142181.000000
143038.000000
143906.000000
144794.000000
145660.000000
146504.000000
147367.000000
148231.000000
149075.000000
149919.000000
150789.000000
151658.000000
152481.000000
153333.000000
154197.000000
155065.000000
155907.000000
156771.000000
157660.000000
158514.000000
159343.000000
160204.000000
161077.000000
161910.000000
162737.000000
163587.000000
164449.000000
165290.000000
166109.000000
166962.000000
167827.000000
168664.000000
169493.000000
170359.000000
171207.000000
172027.000000
172875.000000
173744.000000
174595.000000
175408.000000
176248.000000
177104.000000
177935.000000
178670.000000
179586.000000
180455.000000
181290.000000
182114.000000
182962.000000
183826.000000
184669.000000
185496.000000
186357.000000
187223.000000
188061.000000
188795.000000
189712.000000
190577.000000
191417.000000
192161.000000
193071.000000
193922.000000
194757.000000
195491.000000
196362.000000
197208.000000
198057.000000
198879.000000
199686.000000
200517.000000
201362.000000
202181.000000
202982.000000
203806.000000
204647.000000
205488.000000
206224.000000
207119.000000
207954.000000
208762.000000
209567.000000
210407.000000
211281.000000
212120.000000
212951.000000
213792.000000
214637.000000
215378.000000
216293.000000
217163.000000
218013.000000
218834.000000
219677.000000
220538.000000
221360.000000
222087.000000
223013.000000
223879.000000
224715.000000
225540.000000
226385.000000
227238.000000
228068.000000
228907.000000
229773.000000
230643.000000
231379.000000
232267.000000
233109.000000
233858.000000
234648.000000
235546.000000
236410.000000
237258.000000
237982.000000
238879.000000
239741.000000
240568.000000
241292.000000
242179.000000
243015.000000
243746.000000
244542.000000
245448.000000
246285.000000
247106.000000
247821.000000
248717.000000
249560.000000
250290.000000
251081.000000
251983.000000
252824.000000
253543.000000
254321.000000
255212.000000
256046.000000
256857.000000
257681.000000
258529.000000
259390.000000
260211.000000
261022.000000
261857.000000
262705.000000
263536.000000
264259.000000
265031.000000
265943.000000
266817.000000
267628.000000
268335.000000
269239.000000
270095.000000
270920.000000
271644.000000
272566.000000
273424.000000
274235.000000
274945.000000
275857.000000
276712.000000
277536.000000
278261.000000
279178.000000
280035.000000
280871.000000
281606.000000
282489.000000
283317.000000
284149.000000
284884.000000
285639.000000
286431.000000
287319.000000
288136.000000
288955.000000
289806.000000
290664.000000
291403.000000
292288.000000
293116.000000
293944.000000
294674.000000
295562.000000
296434.000000
297277.000000
298111.000000
298938.000000
299784.000000
300635.000000
301452.000000
302259.000000
303090.000000
303925.000000
304698.000000
305517.000000
306357.000000
307221.000000
308053.000000
308793.000000
309691.000000
310544.000000
311390.000000
312150.000000
313041.000000
313884.000000
314721.000000
315461.000000
316344.000000
317205.000000
318081.000000
318935.000000
319760.000000
320621.000000
321515.000000
322376.000000
323099.000000
323867.000000
324780.000000
325679.000000
326549.000000
327386.000000
328264.000000
329166.000000
330014.000000
330752.000000
331667.000000
332520.000000
333255.000000
334141.000000
335004.000000
335876.000000
336709.000000
337527.000000
338355.000000
339210.000000
340059.000000
340884.000000
341603.000000
342491.000000
343347.000000
344179.000000
345001.000000
345865.000000
346736.000000
347567.000000
348400.000000
349250.000000
350124.000000
351003.000000
351824.000000
352542.000000
353437.000000
354294.000000
355158.000000
355991.000000
356794.000000
357642.000000
358483.000000
359302.000000
360112.000000
360958.000000
361802.000000
362620.000000
363332.000000
364208.000000
365033.000000
365879.000000
366703.000000
367512.000000
368348.000000
369198.000000
370032.000000
370837.000000
371681.000000
372531.000000
373367.000000
374168.000000
375002.000000
375864.000000
376776.000000
377606.000000
378422.000000
379187.000000
379975.000000
380884.000000
381716.000000
382439.000000
383342.000000
384222.000000
385071.000000
385876.000000
386717.000000
387581.000000
388427.000000
389289.000000
390132.000000
390961.000000
391770.000000
392717.000000
393667.000000
394426.000000
395311.000000
396173.000000
397049.000000
397900.000000
398700.000000
399595.000000
400555.000000
401412.000000
402264.000000
403125.000000
403972.000000
404787.000000
405598.000000
406450.000000
407358.000000
408351.000000
409173.000000
410020.000000
410868.000000
411705.000000
412493.000000
413412.000000
414308.000000
415185.000000
415963.000000
417049.000000
417956.000000
418790.000000
419570.000000
420372.000000
421290.000000
422187.000000
423038.000000
423830.000000
424888.000000
425810.000000
426635.000000
427421.000000
428212.000000
429129.000000
429988.000000
430701.000000
431594.000000
432470.000000
433347.000000
434186.000000
435003.000000
435832.000000
436680.000000
437497.000000
438219.000000
439155.000000
440019.000000
440823.000000
441543.000000
442458.000000
443314.000000
444170.000000
444998.000000
445806.000000
446646.000000
447495.000000
448333.000000
449156.000000
449987.000000
450844.000000
451721.000000
452586.000000
453421.000000
454189.000000
455062.000000
455880.000000
456676.000000
457444.000000
458203.000000
459147.000000
460234.000000
461153.000000
462010.000000
462810.000000
463602.000000
464374.000000
465142.000000
466068.000000
466917.000000
467857.000000
468692.000000
469457.000000
470242.000000
471033.000000
471802.000000
472577.000000
473482.000000
474382.000000
475207.000000
475979.000000
476779.000000
477572.000000
478338.000000
479085.000000
479871.000000
480754.000000
481467.000000
482201.000000
482968.000000
483724.000000
484434.000000
485146.000000
485866.000000
486609.000000
487447.000000
488309.000000
489140.000000
489948.000000
490779.000000
491599.000000
492325.000000
493112.000000
493968.000000
494692.000000
495447.000000
496229.000000
497041.000000
497811.000000
498574.000000
499407.000000
500201.000000
500945.000000
501703.000000
502484.000000
503281.000000
504021.000000
504760.000000
505556.000000
506344.000000
507104.000000
507859.000000
508715.000000
509532.000000
510249.000000
511025.000000
511902.000000
512627.000000
513402.000000
514288.000000
515120.000000
515936.000000
516658.000000
517554.000000
518390.000000
519103.000000
519880.000000
520763.000000
521577.000000
522295.000000
523178.000000
524007.000000
524736.000000
525510.000000
526381.000000
527196.000000
527911.000000
528663.000000
529534.000000
530370.000000
531221.000000
532037.000000
532737.000000
533622.000000
534450.000000
535278.000000
536083.000000
536907.000000
537738.000000
538572.000000
539389.000000
540114.000000
541007.000000
541843.000000
542562.000000
543351.000000
544237.000000
545060.000000
545784.000000
546663.000000
547500.000000
548306.000000
549014.000000
549869.000000
550678.000000
551395.000000
552166.000000
553082.000000
553918.000000
554731.000000
555551.000000
556380.000000
557210.000000
558026.000000
558853.000000
559683.000000
560395.000000
561153.000000
562032.000000
562861.000000
563581.000000
564344.000000
565231.000000
566058.000000
566860.000000
567569.000000
568447.000000
569273.000000
570088.000000
570801.000000
571667.000000
572482.000000
573307.000000
574022.000000
574794.000000
575675.000000
576523.000000
577344.000000
578143.000000
578954.000000
579784.000000
580629.000000
581440.000000
582248.000000
583074.000000
583920.000000
584757.000000
585569.000000
586282.000000
587159.000000
587995.000000
588810.000000
589531.000000
590433.000000
591296.000000
592143.000000
592842.000000
593600.000000
594491.000000
595324.000000
596129.000000
596836.000000
597720.000000
598564.000000
599396.000000
600111.000000
600993.000000
