Peaks (s)
523.000000
1277.000000
2016.000000
2826.000000
3762.000000
4659.000000
5586.000000
6433.000000
7290.000000
8112.000000
8984.000000
9867.000000
10666.000000
11431.000000
12156.000000
13058.000000
14013.000000
15057.000000
16129.000000
17094.000000
18029.000000
18887.000000
19682.000000
20475.000000
21268.000000
22122.000000
22884.000000
26796.000000
27607.000000
28539.000000
29576.000000
30632.000000
31659.000000
32690.000000
33630.000000
34599.000000
35558.000000
36520.000000
37587.000000
38644.000000
39711.000000
40781.000000
41826.000000
42861.000000
43885.000000
44860.000000
45897.000000
46923.000000
47949.000000
48996.000000
50023.000000
51066.000000
52109.000000
53116.000000
54169.000000
55196.000000
56184.000000
57239.000000
58312.000000
59383.000000
60453.000000
61472.000000
62498.000000
63503.000000
64454.000000
65409.000000
66407.000000
67427.000000
68480.000000
69472.000000
70435.000000
71467.000000
72502.000000
73474.000000
74483.000000
75498.000000
76443.000000
77444.000000
78463.000000
79401.000000
80398.000000
81459.000000
82463.000000
83495.000000
84543.000000
85532.000000
86508.000000
87470.000000
88357.000000
89337.000000
90354.000000
91329.000000
92375.000000
93429.000000
94436.000000
95482.000000
96479.000000
97459.000000
98443.000000
99409.000000
100379.000000
101393.000000
102387.000000
103387.000000
104417.000000
105389.000000
106422.000000
107464.000000
108481.000000
109529.000000
110562.000000
111526.000000
112533.000000
113532.000000
114479.000000
115483.000000
116495.000000
117444.000000
118417.000000
119384.000000
120299.000000
121283.000000
122296.000000
123270.000000
124293.000000
125307.000000
126275.000000
127268.000000
128278.000000
129242.000000
130245.000000
131232.000000
132168.000000
133136.000000
134043.000000
134872.000000
135767.000000
136752.000000
137736.000000
138729.000000
139764.000000
140788.000000
141789.000000
142826.000000
143806.000000
144784.000000
145807.000000
146833.000000
147820.000000
148840.000000
149829.000000
150825.000000
151847.000000
152836.000000
153827.000000
154836.000000
155774.000000
156750.000000
157752.000000
158709.000000
159712.000000
160748.000000
161741.000000
162731.000000
163764.000000
164745.000000
165727.000000
166737.000000
167694.000000
168639.000000
169607.000000
170566.000000
171505.000000
172509.000000
173527.000000
174538.000000
175588.000000
176565.000000
177545.000000
178544.000000
179504.000000
180511.000000
181514.000000
182447.000000
183431.000000
184442.000000
185404.000000
186420.000000
187453.000000
188441.000000
189479.000000
190496.000000
191499.000000
192548.000000
193562.000000
194555.000000
195584.000000
196588.000000
197580.000000
198634.000000
199670.000000
200688.000000
201736.000000
202737.000000
203760.000000
204809.000000
205822.000000
206863.000000
207897.000000
208908.000000
209945.000000
210952.000000
211930.000000
212953.000000
213994.000000
214990.000000
216050.000000
217120.000000
218150.000000
219209.000000
220240.000000
221243.000000
222282.000000
223309.000000
224301.000000
225364.000000
226397.000000
227485.000000
228504.000000
229534.000000
230580.000000
231636.000000
232675.000000
233688.000000
234770.000000
235838.000000
236843.000000
237884.000000
238925.000000
239908.000000
240956.000000
241989.000000
242983.000000
244032.000000
245027.000000
246014.000000
247062.000000
248060.000000
249042.000000
250059.000000
251057.000000
252045.000000
253059.000000
254048.000000
255067.000000
256103.000000
257100.000000
258102.000000
259122.000000
260107.000000
261149.000000
262214.000000
263242.000000
264284.000000
265297.000000
266277.000000
267294.000000
268317.000000
269324.000000
270341.000000
271338.000000
272336.000000
273378.000000
274398.000000
275431.000000
276503.000000
277529.000000
278577.000000
279666.000000
280705.000000
281746.000000
282780.000000
283792.000000
284831.000000
285865.000000
286881.000000
287916.000000
288913.000000
289897.000000
290953.000000
291969.000000
293021.000000
294107.000000
295133.000000
296181.000000
297230.000000
298269.000000
299367.000000
300437.000000
301490.000000
302553.000000
303592.000000
304606.000000
305675.000000
306731.000000
307776.000000
308865.000000
309924.000000
310932.000000
311989.000000
313029.000000
314043.000000
315101.000000
316144.000000
317156.000000
318212.000000
319202.000000
320207.000000
321221.000000
322206.000000
323201.000000
324208.000000
325190.000000
326246.000000
327288.000000
328297.000000
329348.000000
330373.000000
331376.000000
332421.000000
333497.000000
334536.000000
335621.000000
336720.000000
337782.000000
338853.000000
339896.000000
340933.000000
342008.000000
343072.000000
344120.000000
345241.000000
346314.000000
347397.000000
348477.000000
349555.000000
350640.000000
351722.000000
352796.000000
353877.000000
354891.000000
355940.000000
356986.000000
358050.000000
359125.000000
360196.000000
361241.000000
362299.000000
363342.000000
364350.000000
365403.000000
366443.000000
367447.000000
368472.000000
369466.000000
370474.000000
371543.000000
372580.000000
373618.000000
374687.000000
375697.000000
376673.000000
377698.000000
378768.000000
379806.000000
380896.000000
382011.000000
383083.000000
384165.000000
385226.000000
386247.000000
387341.000000
388434.000000
389523.000000
390606.000000
391690.000000
392770.000000
393851.000000
394913.000000
395916.000000
396951.000000
398027.000000
399034.000000
400153.000000
401220.000000
402261.000000
403364.000000
404416.000000
405507.000000
406583.000000
407636.000000
408687.000000
409741.000000
410758.000000
411817.000000
412877.000000
413904.000000
414989.000000
416057.000000
417065.000000
418089.000000
419053.000000
419913.000000
420701.000000
421523.000000
422418.000000
423236.000000
424015.000000
424944.000000
426066.000000
427137.000000
428208.000000
429285.000000
430362.000000
431435.000000
432510.000000
433509.000000
434515.000000
435452.000000
436442.000000
437460.000000
438505.000000
439523.000000
440557.000000
441599.000000
442644.000000
443688.000000
444736.000000
445776.000000
446784.000000
447894.000000
448972.000000
450012.000000
451092.000000
452141.000000
453170.000000
454287.000000
455370.000000
456446.000000
457529.000000
458610.000000
459693.000000
460776.000000
461860.000000
462944.000000
464028.000000
465107.000000
466192.000000
467274.000000
468350.000000
469431.000000
470505.000000
471573.000000
472656.000000
473729.000000
474799.000000
475874.000000
476949.000000
478018.000000
479090.000000
480162.000000
481233.000000
482303.000000
483362.000000
484360.000000
485401.000000
486497.000000
487558.000000
488659.000000
489730.000000
490801.000000
491854.000000
492946.000000
494020.000000
495092.000000
496160.000000
497236.000000
498311.000000
499382.000000
500453.000000
501529.000000
502603.000000
503675.000000
504756.000000
505833.000000
506903.000000
507978.000000
509054.000000
510124.000000
511205.000000
512278.000000
513353.000000
514432.000000
515509.000000
516580.000000
517660.000000
518735.000000
519810.000000
520890.000000
521969.000000
523045.000000
524129.000000
525211.000000
526287.000000
527371.000000
528449.000000
529524.000000
530607.000000
531687.000000
532761.000000
533841.000000
534916.000000
535975.000000
536946.000000
538024.000000
539081.000000
540106.000000
541185.000000
542278.000000
543323.000000
544372.000000
545426.000000
546452.000000
547519.000000
548634.000000
549687.000000
550751.000000
551829.000000
552855.000000
553885.000000
554969.000000
556005.000000
557120.000000
558198.000000
559269.000000
560343.000000
561413.000000
562449.000000
563524.000000
564628.000000
565700.000000
566776.000000
567848.000000
568918.000000
569988.000000
571056.000000
572125.000000
573175.000000
574173.000000
575019.000000
575830.000000
576729.000000
577847.000000
578916.000000
579990.000000
581071.000000
582146.000000
583229.000000
584308.000000
585380.000000
586432.000000
587474.000000
588532.000000
589599.000000
590708.000000
591783.000000
592863.000000
593941.000000
595012.000000
596090.000000
597165.000000
598238.000000
599317.000000
600394.000000
601466.000000
602539.000000
603613.000000
604687.000000
605764.000000
606841.000000
607915.000000
608994.000000
610071.000000
611143.000000
612220.000000
613294.000000
614369.000000
615444.000000
616519.000000
617595.000000
618677.000000
619756.000000
620829.000000
621896.000000
622945.000000
623976.000000
625031.000000
626096.000000
627141.000000
628235.000000
629320.000000
630334.000000
631367.000000
632402.000000
633422.000000
634521.000000
635605.000000
636658.000000
637745.000000
638814.000000
639864.000000
640943.000000
642010.000000
643034.000000
644101.000000
645150.000000
646236.000000
647310.000000
648401.000000
649473.000000
650550.000000
651621.000000
652633.000000
653662.000000
654751.000000
655763.000000
656856.000000
657943.000000
658987.000000
660065.000000
661138.000000
662137.000000
663188.000000
664233.000000
665219.000000
666300.000000
667395.000000
668439.000000
669521.000000
670592.000000
671628.000000
672716.000000
673771.000000
674832.000000
675914.000000
676994.000000
678028.000000
679114.000000
680212.000000
681291.000000
682366.000000
683435.000000
684508.000000
685583.000000
686656.000000
687733.000000
688808.000000
689882.000000
690961.000000
692034.000000
693066.000000
693860.000000
694629.000000
695553.000000
696674.000000
697746.000000
698792.000000
699859.000000
700931.000000
702020.000000
703092.000000
704172.000000
705250.000000
706325.000000
707360.000000
708398.000000
709420.000000
710385.000000
711410.000000
712434.000000
713429.000000
714474.000000
715547.000000
716628.000000
717699.000000
718788.000000
719850.000000
720849.000000
721773.000000
722722.000000
723637.000000
724624.000000
725677.000000
726673.000000
727720.000000
728789.000000
729835.000000
730897.000000
731973.000000
733026.000000
734090.000000
735168.000000
736219.000000
737256.000000
738274.000000
739314.000000
740402.000000
741502.000000
742567.000000
743622.000000
744703.000000
745740.000000
746781.000000
747832.000000
748845.000000
749832.000000
750868.000000
751866.000000
752728.000000
753650.000000
754749.000000
755850.000000
756937.000000
758021.000000
759102.000000
760188.000000
761265.000000
762314.000000
763320.000000
764379.000000
765417.000000
766476.000000
767570.000000
768657.000000
769710.000000
770775.000000
771836.000000
772838.000000
773882.000000
774917.000000
775911.000000
776971.000000
778064.000000
779090.000000
780146.000000
781199.000000
782218.000000
783260.000000
784357.000000
785423.000000
786494.000000
787585.000000
788611.000000
789620.000000
790662.000000
791694.000000
792695.000000
793767.000000
794806.000000
795818.000000
796890.000000
797931.000000
798955.000000
800001.000000
801051.000000
802050.000000
803074.000000
804100.000000
805056.000000
806051.000000
807048.000000
807993.000000
808996.000000
810010.000000
810979.000000
811980.000000
812997.000000
813968.000000
814969.000000
815981.000000
816964.000000
817989.000000
819039.000000
820033.000000
821076.000000
822132.000000
823155.000000
824232.000000
825293.000000
826270.000000
827107.000000
828013.000000
829069.000000
830076.000000
831035.000000
832060.000000
833144.000000
834230.000000
835324.000000
836433.000000
837501.000000
838570.000000
839614.000000
840598.000000
841574.000000
842564.000000
843554.000000
844577.000000
845661.000000
846742.000000
847817.000000
848914.000000
849952.000000
851023.000000
852115.000000
853158.000000
854235.000000
855286.000000
856323.000000
857372.000000
858415.000000
859427.000000
860476.000000
861525.000000
862563.000000
863672.000000
864729.000000
865770.000000
866824.000000
867881.000000
868839.000000
869786.000000
870834.000000
871844.000000
872868.000000
873915.000000
874898.000000
875847.000000
876756.000000
877565.000000
878328.000000
879084.000000
879923.000000
880891.000000
881853.000000
882821.000000
883812.000000
884752.000000
885690.000000
886670.000000
887680.000000
888671.000000
889689.000000
890706.000000
891697.000000
892739.000000
893798.000000
894865.000000
895966.000000
897047.000000
898104.000000
899215.000000
900278.000000
901333.000000
902406.000000
903443.000000
904518.000000
905632.000000
906739.000000
907811.000000
908884.000000
909926.000000
910984.000000
912074.000000
913190.000000
914319.000000
915385.000000
916412.000000
917534.000000
918645.000000
919712.000000
920782.000000
921743.000000
922548.000000
923304.000000
924129.000000
925254.000000
926359.000000
927453.000000
928551.000000
929652.000000
930756.000000
931856.000000
932956.000000
933927.000000
934787.000000
935679.000000
936729.000000
937797.000000
938883.000000
939941.000000
941008.000000
942080.000000
943132.000000
944111.000000
945142.000000
946213.000000
947272.000000
948331.000000
949325.000000
950317.000000
951355.000000
952346.000000
953394.000000
954458.000000
955455.000000
956507.000000
957565.000000
958552.000000
959590.000000
960595.000000
961485.000000
962375.000000
963254.000000
964038.000000
964780.000000
965653.000000
966689.000000
967669.000000
968675.000000
969682.000000
970635.000000
971582.000000
972524.000000
973458.000000
974394.000000
975378.000000
976405.000000
977357.000000
978343.000000
979373.000000
980367.000000
981368.000000
982406.000000
983427.000000
984500.000000
985574.000000
986589.000000
987676.000000
988784.000000
989798.000000
990819.000000
991839.000000
992819.000000
993884.000000
994995.000000
996110.000000
997211.000000
998309.000000
999415.000000
1000521.000000
1001592.000000
1002643.000000
1003709.000000
1004782.000000
1005888.000000
1006963.000000
1007983.000000
1008953.000000
1009989.000000
1011075.000000
1012135.000000
1013240.000000
1014351.000000
1015445.000000
1016499.000000
1017580.000000
1018655.000000
1019693.000000
1020746.000000
1021809.000000
1022824.000000
1023882.000000
1024950.000000
1025950.000000
1026956.000000
1027993.000000
1028957.000000
1029962.000000
1030984.000000
1031982.000000
1033033.000000
1034065.000000
1035061.000000
1036102.000000
1037147.000000
1038164.000000
1039228.000000
1040278.000000
1041281.000000
1042331.000000
1043363.000000
1044392.000000
1045446.000000
1046487.000000
1047452.000000
1048472.000000
1049527.000000
1050532.000000
1051570.000000
1052616.000000
1053589.000000
1054531.000000
1055501.000000
1056449.000000
1057261.000000
1058058.000000
1058971.000000
1060079.000000
1061183.000000
1062231.000000
1063280.000000
1064308.000000
1065343.000000
1066381.000000
1067417.000000
1068443.000000
1069501.000000
1070559.000000
1071577.000000
1072594.000000
1073656.000000
1074709.000000
1075789.000000
1076884.000000
1077940.000000
1078948.000000
1080030.000000
1081069.000000
1082061.000000
1083112.000000
1084131.000000
1085053.000000
1086052.000000
1087097.000000
1088121.000000
1089193.000000
1090256.000000
1091287.000000
1092362.000000
1093437.000000
1094465.000000
1095531.000000
1096604.000000
1097673.000000
1098753.000000
1099815.000000
1100815.000000
1101870.000000
1102946.000000
1104000.000000
1104955.000000
1105927.000000
1107001.000000
1108044.000000
1109075.000000
1110140.000000
1111211.000000
1112244.000000
1113291.000000
1114326.000000
1115325.000000
1116347.000000
1117341.000000
1118298.000000
1119289.000000
1120315.000000
1121325.000000
1122359.000000
1123377.000000
1124391.000000
1125423.000000
1126451.000000
1127459.000000
1128506.000000
1129577.000000
1130612.000000
1131682.000000
1132774.000000
1133793.000000
1134791.000000
1135769.000000
1136693.000000
1137752.000000
1138800.000000
1139795.000000
1140857.000000
1141898.000000
1142953.000000
1144028.000000
1145037.000000
1146028.000000
1147079.000000
1148088.000000
1149080.000000
1150122.000000
1151139.000000
1152091.000000
1153079.000000
1154114.000000
1155111.000000
1156153.000000
1157199.000000
1158171.000000
1159182.000000
1160214.000000
1161149.000000
1162055.000000
1163013.000000
1163949.000000
1164912.000000
1165918.000000
1166887.000000
1167934.000000
1168992.000000
1169917.000000
1170879.000000
1171796.000000
1172611.000000
1173340.000000
1174103.000000
1175073.000000
1176131.000000
1177098.000000
1178116.000000
1179153.000000
1180141.000000
1181149.000000
1182178.000000
1183167.000000
1184175.000000
1185224.000000
1186289.000000
1187330.000000
1188383.000000
1189450.000000
1190484.000000
1191487.000000
1192542.000000
1193528.000000
1194414.000000
1195196.000000
1195952.000000
1196819.000000
1197955.000000
1199093.000000
1200209.000000
1201325.000000
1202437.000000
1203533.000000
1204571.000000
1205630.000000
1206687.000000
1207727.000000
1208732.000000
1209754.000000
1210813.000000
1211891.000000
1212951.000000
1213990.000000
1215015.000000
1216063.000000
1217050.000000
1217983.000000
1219047.000000
1220155.000000
1221173.000000
1222217.000000
1223209.000000
1224175.000000
1225166.000000
1226172.000000
1227129.000000
1228168.000000
1229212.000000
1230229.000000
1231305.000000
1232364.000000
1233384.000000
1234398.000000
1235415.000000
1236396.000000
1237436.000000
1238484.000000
1239534.000000
1240617.000000
1241705.000000
1242713.000000
1243744.000000
1244777.000000
1245759.000000
1246821.000000
1247884.000000
1248953.000000
1249951.000000
1251008.000000
1252062.000000
1253055.000000
1254088.000000
1255159.000000
1256191.000000
1257255.000000
1258316.000000
1259352.000000
1260402.000000
1261455.000000
1262446.000000
1263518.000000
1264559.000000
1265573.000000
1266620.000000
1267635.000000
1268665.000000
1269778.000000
1270873.000000
1271930.000000
1273003.000000
1274076.000000
1275075.000000
1275958.000000
1276749.000000
1277581.000000
1278399.000000
1279203.000000
1280149.000000
1281082.000000
1282043.000000
1283013.000000
1284016.000000
1284953.000000
1285877.000000
1286795.000000
1287740.000000
1288659.000000
1289673.000000
1290711.000000
1291745.000000
1292801.000000
1293847.000000
1294902.000000
1295956.000000
1297046.000000
1298113.000000
1299183.000000
