Peaks (s)
997.000000
1880.000000
2781.000000
3668.000000
4559.000000
5433.000000
6259.000000
7045.000000
7861.000000
8661.000000
9476.000000
10314.000000
11164.000000
11999.000000
12853.000000
13698.000000
14521.000000
15352.000000
16171.000000
16975.000000
17818.000000
18714.000000
19658.000000
20615.000000
21522.000000
22418.000000
23303.000000
24166.000000
25034.000000
25898.000000
26721.000000
27529.000000
28375.000000
29371.000000
30410.000000
31419.000000
32386.000000
33325.000000
34206.000000
35007.000000
35765.000000
36496.000000
37268.000000
38261.000000
39301.000000
40338.000000
41353.000000
42297.000000
43169.000000
44021.000000
44887.000000
45783.000000
46696.000000
47597.000000
48496.000000
49335.000000
50136.000000
50933.000000
51757.000000
52658.000000
53619.000000
54556.000000
55469.000000
56326.000000
57133.000000
57923.000000
58723.000000
59582.000000
60501.000000
61456.000000
62406.000000
63353.000000
64251.000000
65083.000000
65889.000000
66698.000000
67577.000000
68516.000000
69475.000000
70444.000000
71408.000000
72345.000000
73211.000000
74030.000000
74856.000000
75749.000000
76749.000000
77756.000000
78689.000000
79551.000000
80395.000000
81230.000000
82049.000000
82867.000000
83715.000000
84586.000000
85475.000000
86366.000000
87253.000000
88133.000000
89013.000000
89900.000000
90787.000000
91616.000000
92425.000000
93251.000000
94135.000000
95075.000000
96054.000000
97008.000000
97934.000000
98835.000000
99708.000000
100546.000000
101367.000000
102201.000000
103091.000000
104027.000000
104966.000000
105876.000000
106788.000000
107656.000000
108490.000000
109328.000000
110196.000000
111105.000000
112048.000000
112971.000000
113881.000000
114758.000000
115593.000000
116410.000000
117240.000000
118130.000000
119056.000000
119980.000000
120911.000000
121816.000000
122672.000000
123523.000000
124387.000000
125275.000000
126155.000000
127038.000000
127889.000000
128758.000000
129646.000000
130563.000000
131478.000000
132408.000000
133309.000000
134156.000000
134986.000000
135826.000000
136699.000000
137592.000000
138481.000000
139377.000000
140228.000000
141046.000000
141873.000000
142723.000000
143601.000000
144478.000000
145380.000000
146277.000000
147130.000000
147965.000000
148816.000000
149673.000000
150513.000000
151358.000000
152204.000000
153048.000000
153881.000000
154708.000000
155563.000000
156468.000000
157389.000000
158293.000000
159188.000000
160085.000000
160946.000000
161770.000000
162605.000000
163480.000000
164411.000000
165331.000000
166213.000000
167098.000000
167997.000000
168900.000000
169766.000000
170612.000000
171500.000000
172426.000000
173353.000000
174251.000000
175183.000000
176113.000000
177002.000000
177873.000000
178744.000000
179623.000000
180474.000000
181307.000000
182151.000000
183024.000000
183911.000000
184803.000000
185693.000000
186644.000000
187622.000000
188565.000000
189454.000000
190297.000000
191136.000000
191991.000000
192863.000000
193735.000000
194605.000000
195467.000000
196342.000000
197271.000000
198247.000000
199215.000000
200121.000000
200976.000000
201795.000000
202618.000000
203473.000000
204362.000000
205264.000000
206176.000000
207075.000000
207956.000000
208812.000000
209640.000000
210479.000000
211377.000000
212320.000000
213269.000000
214202.000000
215123.000000
215987.000000
216812.000000
217629.000000
218470.000000
219348.000000
220242.000000
221128.000000
221992.000000
222827.000000
223668.000000
224531.000000
225425.000000
226330.000000
227213.000000
228067.000000
228896.000000
229729.000000
230592.000000
231494.000000
232408.000000
233321.000000
234196.000000
235035.000000
235874.000000
236738.000000
237611.000000
238488.000000
239366.000000
240224.000000
241102.000000
242015.000000
242928.000000
243827.000000
244691.000000
245544.000000
246418.000000
247310.000000
248236.000000
249146.000000
250075.000000
250977.000000
251836.000000
252688.000000
253581.000000
254503.000000
255402.000000
256266.000000
257099.000000
257940.000000
258810.000000
259702.000000
260578.000000
261427.000000
262280.000000
263181.000000
264118.000000
265071.000000
265984.000000
266853.000000
267721.000000
268603.000000
269488.000000
270362.000000
271226.000000
272065.000000
272871.000000
273670.000000
274511.000000
275433.000000
276392.000000
277329.000000
278210.000000
279045.000000
279883.000000
280758.000000
281655.000000
282559.000000
283463.000000
284315.000000
285158.000000
286021.000000
286920.000000
287850.000000
288776.000000
289700.000000
290614.000000
291476.000000
292315.000000
293154.000000
293994.000000
294847.000000
295715.000000
296571.000000
297426.000000
298314.000000
299209.000000
300096.000000
300939.000000
301791.000000
302635.000000
303475.000000
304322.000000
305227.000000
306205.000000
307184.000000
308100.000000
309021.000000
309933.000000
310794.000000
311639.000000
312500.000000
313371.000000
314233.000000
315100.000000
316000.000000
316891.000000
317760.000000
318658.000000
319570.000000
320450.000000
321311.000000
322201.000000
323105.000000
324000.000000
324862.000000
325727.000000
326605.000000
327484.000000
328351.000000
329246.000000
330130.000000
330982.000000
331827.000000
332693.000000
333580.000000
334453.000000
335355.000000
336259.000000
337131.000000
337983.000000
338872.000000
339791.000000
340689.000000
341578.000000
342487.000000
343393.000000
344267.000000
345146.000000
346050.000000
346951.000000
347818.000000
348700.000000
349585.000000
350428.000000
351269.000000
352134.000000
353012.000000
353861.000000
354710.000000
355615.000000
356551.000000
357463.000000
358344.000000
359228.000000
360101.000000
360908.000000
361661.000000
362404.000000
363152.000000
363942.000000
364789.000000
365637.000000
366486.000000
367348.000000
368212.000000
369046.000000
369900.000000
370780.000000
371657.000000
372507.000000
373382.000000
374273.000000
375157.000000
376027.000000
376944.000000
377875.000000
378781.000000
379705.000000
380607.000000
381462.000000
382323.000000
383197.000000
384071.000000
384930.000000
385829.000000
386767.000000
387674.000000
388571.000000
389490.000000
390393.000000
391249.000000
392122.000000
393011.000000
393884.000000
394748.000000
395645.000000
396522.000000
397382.000000
398226.000000
399117.000000
400043.000000
400982.000000
401891.000000
402756.000000
403628.000000
404539.000000
405463.000000
406380.000000
407252.000000
408126.000000
409001.000000
409901.000000
410793.000000
411660.000000
412530.000000
413437.000000
414382.000000
415317.000000
416230.000000
417102.000000
417982.000000
418873.000000
419763.000000
420650.000000
421536.000000
422449.000000
423375.000000
424282.000000
425157.000000
426034.000000
426923.000000
427825.000000
428695.000000
429547.000000
430410.000000
431326.000000
432252.000000
433142.000000
434047.000000
434975.000000
435892.000000
436771.000000
437663.000000
438549.000000
439428.000000
440280.000000
441112.000000
441976.000000
442902.000000
443852.000000
444786.000000
445679.000000
446581.000000
447485.000000
448368.000000
449210.000000
450037.000000
450879.000000
451740.000000
452602.000000
453460.000000
454356.000000
455274.000000
456172.000000
457051.000000
457939.000000
458828.000000
459689.000000
460537.000000
461399.000000
462274.000000
463133.000000
464023.000000
464915.000000
465809.000000
466677.000000
467536.000000
468426.000000
469341.000000
470252.000000
471135.000000
471987.000000
472855.000000
473735.000000
474630.000000
475519.000000
476384.000000
477259.000000
478168.000000
479082.000000
479967.000000
480879.000000
481787.000000
482654.000000
483514.000000
484391.000000
485275.000000
486150.000000
487082.000000
488019.000000
488922.000000
489808.000000
490689.000000
491563.000000
492414.000000
493291.000000
494192.000000
495089.000000
495942.000000
496803.000000
497696.000000
498598.000000
499480.000000
500343.000000
501207.000000
502061.000000
502897.000000
503742.000000
504611.000000
505511.000000
506396.000000
507276.000000
508184.000000
509098.000000
509974.000000
510826.000000
511703.000000
512603.000000
513488.000000
514373.000000
515282.000000
516192.000000
517051.000000
517917.000000
518790.000000
519676.000000
520525.000000
521398.000000
522316.000000
523232.000000
524136.000000
525043.000000
525947.000000
526809.000000
527682.000000
528534.000000
529366.000000
530214.000000
531091.000000
531986.000000
532855.000000
533702.000000
534580.000000
535479.000000
536374.000000
537248.000000
538141.000000
539059.000000
539943.000000
540803.000000
541700.000000
542584.000000
543431.000000
544270.000000
545135.000000
546006.000000
546870.000000
547752.000000
548673.000000
549577.000000
550433.000000
551301.000000
552181.000000
553044.000000
553904.000000
554798.000000
555705.000000
556586.000000
557483.000000
558425.000000
559346.000000
560234.000000
561144.000000
562077.000000
562988.000000
563875.000000
564771.000000
565669.000000
566539.000000
567446.000000
568363.000000
569276.000000
570163.000000
571040.000000
571954.000000
572874.000000
573749.000000
574629.000000
575506.000000
576376.000000
577240.000000
578142.000000
579111.000000
580054.000000
580972.000000
581832.000000
582683.000000
583580.000000
584518.000000
585456.000000
586360.000000
587272.000000
588199.000000
589084.000000
589994.000000
590919.000000
591854.000000
592769.000000
593729.000000
594719.000000
595674.000000
596593.000000
597536.000000
598482.000000
599383.000000
600253.000000
601160.000000
602120.000000
603117.000000
604065.000000
605004.000000
605959.000000
606905.000000
607809.000000
608716.000000
609667.000000
610641.000000
611585.000000
612513.000000
613468.000000
614394.000000
615289.000000
616176.000000
617076.000000
617963.000000
618839.000000
619776.000000
620738.000000
621640.000000
622474.000000
623285.000000
624100.000000
624882.000000
625655.000000
626396.000000
627112.000000
627945.000000
628877.000000
629835.000000
630737.000000
631590.000000
632437.000000
633305.000000
634184.000000
635059.000000
635930.000000
636781.000000
637599.000000
638430.000000
639319.000000
640282.000000
641270.000000
642253.000000
643231.000000
644151.000000
645005.000000
645847.000000
646731.000000
647661.000000
648636.000000
649577.000000
650481.000000
651392.000000
652336.000000
653299.000000
654277.000000
655212.000000
656105.000000
656997.000000
657935.000000
658901.000000
659884.000000
660812.000000
661712.000000
662632.000000
663582.000000
664528.000000
665455.000000
666353.000000
667261.000000
668204.000000
669173.000000
670121.000000
671025.000000
671935.000000
672839.000000
673739.000000
674619.000000
675481.000000
676385.000000
677316.000000
678260.000000
679171.000000
680104.000000
681036.000000
681940.000000
682856.000000
683794.000000
684723.000000
685620.000000
686500.000000
687414.000000
688355.000000
689272.000000
690167.000000
691121.000000
692105.000000
693047.000000
693984.000000
694919.000000
695834.000000
696718.000000
697626.000000
698532.000000
699424.000000
700314.000000
701246.000000
702199.000000
703132.000000
704088.000000
705005.000000
705874.000000
706749.000000
707636.000000
708502.000000
709379.000000
710327.000000
711332.000000
712282.000000
713231.000000
714187.000000
715103.000000
715968.000000
716815.000000
717681.000000
718594.000000
719506.000000
720393.000000
721239.000000
722100.000000
722986.000000
723890.000000
724814.000000
725737.000000
726616.000000
727481.000000
728379.000000
729298.000000
730195.000000
731100.000000
732023.000000
732947.000000
733830.000000
734718.000000
735631.000000
736537.000000
737423.000000
738336.000000
739258.000000
740140.000000
741019.000000
741898.000000
742789.000000
743666.000000
744573.000000
745502.000000
746433.000000
747329.000000
748224.000000
749124.000000
750010.000000
750878.000000
751764.000000
752654.000000
753514.000000
754370.000000
755224.000000
756060.000000
756874.000000
757709.000000
758567.000000
759446.000000
760320.000000
761200.000000
762130.000000
763048.000000
763933.000000
764823.000000
765730.000000
766609.000000
767463.000000
768261.000000
769040.000000
769901.000000
770947.000000
771972.000000
772975.000000
773887.000000
774767.000000
775652.000000
776581.000000
777514.000000
778447.000000
779347.000000
780276.000000
781254.000000
782242.000000
783217.000000
784124.000000
785060.000000
786010.000000
786947.000000
787867.000000
788802.000000
789764.000000
790700.000000
791598.000000
792498.000000
793405.000000
794287.000000
795187.000000
796099.000000
797010.000000
797929.000000
798863.000000
799786.000000
800678.000000
801567.000000
802448.000000
803308.000000
804188.000000
805072.000000
805939.000000
806858.000000
807797.000000
808684.000000
809557.000000
810423.000000
811270.000000
812107.000000
812981.000000
813878.000000
814760.000000
815671.000000
816564.000000
817419.000000
818297.000000
819179.000000
820036.000000
820896.000000
821763.000000
822610.000000
823476.000000
824374.000000
825244.000000
826108.000000
827010.000000
827921.000000
828799.000000
829647.000000
830467.000000
831302.000000
832183.000000
833100.000000
834018.000000
834936.000000
835821.000000
836684.000000
837600.000000
838558.000000
839514.000000
840421.000000
841315.000000
842225.000000
843143.000000
844036.000000
844918.000000
845811.000000
846757.000000
847728.000000
848684.000000
849618.000000
850544.000000
851485.000000
852415.000000
853306.000000
854210.000000
855150.000000
856116.000000
857043.000000
857977.000000
858948.000000
859908.000000
860817.000000
861749.000000
862695.000000
863638.000000
864560.000000
865507.000000
866481.000000
867450.000000
868390.000000
869381.000000
870354.000000
871269.000000
872206.000000
873138.000000
874029.000000
874963.000000
875960.000000
876954.000000
877996.000000
879032.000000
879972.000000
880904.000000
881845.000000
882757.000000
883661.000000
884604.000000
885584.000000
886560.000000
887562.000000
888578.000000
889511.000000
890418.000000
891343.000000
892276.000000
893185.000000
894107.000000
895085.000000
896061.000000
897035.000000
898028.000000
898979.000000
899897.000000
900823.000000
901750.000000
902655.000000
903596.000000
904554.000000
905479.000000
906392.000000
907369.000000
908385.000000
909362.000000
