Peaks (s)
1387.000000
2542.000000
3754.000000
4936.000000
6061.000000
7217.000000
8396.000000
9587.000000
10774.000000
11925.000000
13126.000000
14370.000000
15618.000000
16857.000000
18049.000000
19276.000000
20535.000000
21793.000000
23058.000000
24297.000000
25464.000000
26657.000000
27858.000000
29055.000000
30203.000000
31361.000000
32552.000000
33746.000000
34928.000000
36061.000000
37226.000000
38414.000000
39601.000000
40742.000000
41862.000000
43015.000000
44179.000000
45305.000000
46408.000000
47552.000000
48704.000000
49853.000000
50970.000000
52071.000000
53206.000000
54350.000000
55493.000000
56602.000000
57742.000000
58906.000000
60096.000000
61291.000000
62490.000000
63636.000000
64766.000000
65932.000000
67111.000000
68261.000000
69383.000000
70555.000000
71760.000000
72975.000000
74161.000000
75353.000000
76604.000000
77861.000000
79060.000000
80221.000000
81423.000000
82633.000000
83852.000000
85022.000000
86179.000000
87404.000000
88649.000000
89882.000000
91088.000000
92288.000000
93532.000000
94794.000000
96032.000000
97231.000000
98384.000000
99545.000000
100749.000000
101968.000000
103181.000000
104389.000000
105568.000000
106761.000000
108006.000000
109291.000000
110601.000000
111874.000000
113085.000000
114282.000000
115502.000000
116726.000000
117947.000000
119125.000000
120278.000000
121477.000000
122707.000000
123949.000000
125209.000000
126397.000000
127546.000000
128720.000000
129930.000000
131137.000000
132329.000000
133479.000000
134636.000000
135851.000000
137090.000000
138338.000000
139549.000000
140771.000000
142058.000000
143349.000000
144597.000000
145878.000000
147187.000000
148537.000000
149825.000000
151033.000000
152263.000000
153507.000000
154747.000000
155938.000000
157067.000000
158284.000000
159552.000000
160499.000000
161877.000000
163101.000000
164314.000000
165536.000000
166738.000000
167879.000000
169008.000000
170158.000000
171327.000000
172490.000000
173596.000000
174790.000000
176044.000000
177292.000000
178487.000000
179624.000000
180826.000000
182050.000000
183265.000000
184437.000000
185602.000000
186795.000000
188014.000000
189161.000000
190310.000000
191542.000000
192741.000000
193893.000000
195008.000000
196220.000000
197468.000000
198693.000000
199891.000000
201089.000000
202334.000000
203556.000000
204740.000000
205898.000000
207132.000000
208422.000000
209723.000000
210971.000000
212107.000000
213232.000000
214431.000000
215695.000000
216928.000000
218095.000000
219319.000000
220584.000000
221829.000000
223007.000000
224175.000000
225406.000000
226645.000000
227821.000000
228963.000000
230127.000000
231273.000000
232368.000000
233436.000000
234614.000000
235849.000000
237070.000000
238237.000000
239378.000000
240538.000000
241694.000000
242780.000000
243846.000000
244980.000000
246153.000000
247319.000000
248447.000000
249522.000000
250605.000000
251713.000000
252732.000000
253870.000000
255040.000000
256142.000000
257194.000000
258301.000000
259434.000000
260576.000000
261623.000000
262615.000000
263650.000000
264770.000000
265991.000000
267150.000000
268241.000000
269410.000000
270695.000000
271917.000000
273032.000000
274094.000000
275188.000000
276372.000000
277564.000000
278721.000000
279918.000000
281170.000000
282430.000000
283641.000000
284804.000000
286051.000000
287326.000000
288585.000000
289807.000000
290978.000000
292126.000000
293316.000000
294508.000000
295664.000000
296741.000000
297902.000000
299130.000000
300391.000000
301628.000000
302779.000000
303984.000000
305227.000000
306443.000000
307603.000000
308816.000000
310063.000000
311315.000000
312509.000000
313685.000000
314905.000000
316150.000000
317385.000000
318565.000000
319761.000000
321016.000000
322275.000000
323473.000000
324710.000000
326006.000000
327267.000000
328445.000000
329647.000000
330902.000000
332163.000000
333373.000000
334606.000000
335882.000000
337145.000000
338361.000000
339544.000000
340819.000000
342122.000000
343388.000000
344571.000000
345740.000000
346986.000000
348276.000000
349535.000000
350741.000000
351985.000000
353254.000000
354477.000000
355636.000000
356877.000000
358127.000000
359360.000000
360518.000000
361716.000000
362951.000000
364187.000000
365359.000000
366516.000000
367713.000000
368914.000000
370039.000000
371134.000000
372319.000000
373553.000000
374797.000000
375964.000000
377107.000000
378287.000000
379535.000000
380792.000000
381980.000000
383108.000000
384293.000000
385491.000000
386668.000000
387815.000000
388917.000000
390089.000000
391300.000000
392242.000000
393574.000000
394736.000000
395895.000000
397071.000000
398261.000000
399440.000000
400561.000000
401734.000000
402941.000000
404163.000000
405375.000000
406590.000000
407768.000000
408899.000000
410007.000000
411237.000000
412497.000000
413743.000000
414907.000000
416134.000000
417411.000000
418681.000000
419866.000000
420979.000000
422186.000000
423418.000000
424625.000000
425782.000000
426979.000000
428236.000000
429477.000000
430670.000000
431838.000000
433073.000000
434292.000000
435455.000000
436555.000000
437681.000000
438885.000000
440090.000000
441242.000000
442347.000000
443500.000000
444655.000000
445832.000000
446950.000000
448066.000000
449283.000000
450529.000000
451764.000000
452968.000000
454216.000000
455476.000000
456676.000000
457801.000000
458967.000000
460173.000000
461336.000000
462440.000000
463596.000000
464796.000000
466024.000000
467207.000000
468441.000000
469668.000000
470851.000000
471978.000000
473135.000000
474331.000000
475517.000000
476676.000000
477841.000000
479030.000000
480222.000000
481373.000000
482534.000000
483742.000000
484922.000000
486073.000000
487226.000000
488459.000000
489710.000000
490924.000000
492108.000000
493356.000000
494610.000000
495831.000000
496998.000000
498197.000000
499479.000000
500730.000000
501926.000000
503104.000000
504352.000000
505627.000000
506862.000000
508054.000000
509283.000000
510522.000000
511768.000000
512971.000000
514080.000000
515136.000000
516261.000000
517508.000000
518738.000000
519946.000000
521121.000000
522249.000000
523441.000000
524657.000000
525864.000000
527022.000000
528204.000000
529400.000000
530576.000000
531727.000000
532850.000000
534018.000000
535245.000000
536454.000000
537593.000000
538784.000000
540012.000000
541251.000000
542482.000000
543670.000000
544771.000000
545872.000000
547100.000000
548338.000000
549580.000000
550791.000000
551976.000000
553191.000000
554408.000000
555602.000000
556725.000000
557833.000000
559023.000000
560275.000000
561522.000000
562731.000000
563963.000000
565236.000000
566514.000000
567752.000000
569022.000000
570296.000000
571546.000000
572750.000000
573956.000000
575169.000000
576391.000000
577556.000000
578643.000000
579828.000000
581136.000000
582457.000000
583711.000000
584881.000000
586071.000000
587266.000000
588412.000000
589487.000000
590641.000000
591729.000000
592980.000000
594051.000000
595188.000000
596296.000000
597351.000000
598477.000000
599623.000000
600755.000000
601788.000000
602865.000000
604020.000000
605197.000000
606312.000000
607396.000000
608560.000000
609752.000000
610941.000000
612072.000000
613212.000000
614416.000000
615634.000000
616842.000000
617982.000000
619087.000000
620279.000000
621476.000000
622643.000000
623775.000000
624959.000000
626198.000000
627439.000000
628633.000000
629827.000000
631028.000000
632224.000000
633388.000000
634512.000000
635729.000000
636965.000000
638200.000000
639408.000000
640616.000000
641873.000000
643115.000000
644349.000000
645536.000000
646717.000000
647947.000000
649192.000000
650455.000000
651647.000000
652824.000000
654062.000000
655306.000000
656510.000000
657641.000000
658847.000000
660078.000000
661345.000000
662596.000000
663764.000000
664892.000000
666105.000000
667393.000000
668671.000000
669902.000000
671071.000000
672318.000000
673597.000000
674852.000000
676054.000000
677193.000000
678403.000000
679640.000000
680891.000000
682122.000000
683363.000000
684626.000000
685885.000000
687163.000000
688416.000000
689640.000000
690917.000000
692205.000000
693440.000000
694587.000000
695778.000000
697049.000000
698331.000000
699552.000000
700742.000000
702023.000000
703291.000000
704505.000000
705732.000000
707014.000000
708266.000000
709460.000000
710676.000000
711942.000000
713202.000000
714401.000000
715609.000000
716853.000000
718116.000000
719335.000000
720515.000000
721748.000000
723013.000000
724269.000000
725461.000000
726670.000000
727903.000000
729123.000000
730314.000000
731465.000000
732697.000000
734001.000000
735269.000000
736553.000000
737826.000000
739090.000000
740333.000000
741526.000000
742745.000000
743987.000000
745191.000000
746324.000000
747414.000000
748562.000000
749735.000000
750903.000000
752040.000000
753169.000000
754351.000000
755530.000000
756700.000000
757927.000000
759181.000000
760415.000000
761602.000000
762722.000000
763807.000000
764961.000000
766152.000000
767326.000000
768445.000000
769616.000000
770830.000000
772071.000000
773247.000000
774336.000000
775442.000000
776635.000000
777847.000000
779042.000000
780177.000000
781369.000000
782558.000000
783688.000000
784800.000000
786035.000000
787275.000000
788435.000000
789537.000000
790695.000000
791884.000000
793079.000000
794250.000000
795449.000000
796666.000000
797873.000000
799070.000000
800250.000000
801363.000000
802504.000000
803738.000000
804972.000000
806205.000000
807370.000000
808565.000000
809744.000000
810917.000000
812042.000000
813179.000000
814397.000000
815604.000000
816766.000000
817890.000000
819067.000000
820290.000000
821526.000000
822704.000000
823843.000000
825031.000000
826241.000000
827417.000000
828549.000000
829723.000000
830933.000000
832105.000000
833196.000000
834354.000000
835564.000000
836756.000000
837885.000000
839025.000000
840202.000000
841442.000000
842667.000000
843882.000000
845038.000000
846202.000000
847435.000000
848666.000000
849851.000000
850989.000000
852179.000000
853404.000000
854592.000000
855692.000000
856739.000000
857844.000000
859010.000000
860194.000000
861329.000000
862515.000000
863757.000000
865016.000000
866273.000000
867472.000000
868619.000000
869853.000000
871112.000000
872370.000000
873586.000000
874822.000000
876089.000000
877355.000000
878581.000000
879736.000000
880960.000000
882259.000000
883568.000000
884812.000000
885989.000000
887219.000000
888467.000000
889667.000000
890815.000000
892015.000000
893270.000000
894543.000000
895752.000000
896996.000000
898275.000000
899541.000000
900750.000000
901915.000000
903122.000000
904343.000000
