Peaks (s)
979.000000
1712.000000
2447.000000
3218.000000
3962.000000
4695.000000
5449.000000
6201.000000
6954.000000
7713.000000
8441.000000
9131.000000
9853.000000
10584.000000
11329.000000
12078.000000
12848.000000
13633.000000
14412.000000
15197.000000
15984.000000
16741.000000
17512.000000
18277.000000
19041.000000
19833.000000
20625.000000
21405.000000
22187.000000
22962.000000
23698.000000
24450.000000
25218.000000
25958.000000
26720.000000
27470.000000
28191.000000
28853.000000
29537.000000
30277.000000
31048.000000
31826.000000
32603.000000
33342.000000
34021.000000
34708.000000
35452.000000
36213.000000
36950.000000
37696.000000
38467.000000
39267.000000
40066.000000
40843.000000
41609.000000
42415.000000
43241.000000
44075.000000
44876.000000
45686.000000
46504.000000
47310.000000
48090.000000
48887.000000
49686.000000
50451.000000
51214.000000
51944.000000
52689.000000
53451.000000
54249.000000
55057.000000
55836.000000
56622.000000
57415.000000
58212.000000
58983.000000
59758.000000
60548.000000
61330.000000
62115.000000
62891.000000
63630.000000
64316.000000
64995.000000
65647.000000
66342.000000
67091.000000
67845.000000
68637.000000
69462.000000
70271.000000
71073.000000
71868.000000
72649.000000
73404.000000
74173.000000
74953.000000
75719.000000
76522.000000
77346.000000
78154.000000
78976.000000
79810.000000
80619.000000
81435.000000
82246.000000
83016.000000
83804.000000
84590.000000
85339.000000
86096.000000
86861.000000
87624.000000
88346.000000
89091.000000
89865.000000
90643.000000
91404.000000
92203.000000
93003.000000
93782.000000
94576.000000
95391.000000
96171.000000
96963.000000
97779.000000
98605.000000
99384.000000
100193.000000
101023.000000
101837.000000
102638.000000
103473.000000
104360.000000
105205.000000
106036.000000
106863.000000
107686.000000
108489.000000
109307.000000
110132.000000
110937.000000
111769.000000
112642.000000
113501.000000
114320.000000
115137.000000
115951.000000
116725.000000
117538.000000
118362.000000
119157.000000
119942.000000
120690.000000
121436.000000
122124.000000
122837.000000
123568.000000
124319.000000
125105.000000
125923.000000
126733.000000
127571.000000
128424.000000
129225.000000
130025.000000
130801.000000
131523.000000
132269.000000
133021.000000
133742.000000
134437.000000
135122.000000
135818.000000
136501.000000
137381.000000
138302.000000
139199.000000
140076.000000
140929.000000
141766.000000
142595.000000
143418.000000
144226.000000
145037.000000
145842.000000
146642.000000
147426.000000
148218.000000
149013.000000
149784.000000
150570.000000
151359.000000
152145.000000
152913.000000
153685.000000
154457.000000
155203.000000
155954.000000
156730.000000
157501.000000
158300.000000
159113.000000
159907.000000
160711.000000
161495.000000
162289.000000
163054.000000
163792.000000
164523.000000
165241.000000
165907.000000
166625.000000
167319.000000
168042.000000
168780.000000
169529.000000
170276.000000
171050.000000
171818.000000
172571.000000
173336.000000
174105.000000
174852.000000
175602.000000
176353.000000
177086.000000
177833.000000
178588.000000
179352.000000
180144.000000
180923.000000
181681.000000
182441.000000
183185.000000
183941.000000
184718.000000
185477.000000
186220.000000
186979.000000
187718.000000
188446.000000
189178.000000
189915.000000
190635.000000
191366.000000
192130.000000
192869.000000
193620.000000
194365.000000
195091.000000
195809.000000
196544.000000
197295.000000
198034.000000
198776.000000
199527.000000
200267.000000
200997.000000
201741.000000
202462.000000
203178.000000
203879.000000
204533.000000
205213.000000
205923.000000
206641.000000
207395.000000
208178.000000
208945.000000
209711.000000
210479.000000
211228.000000
211966.000000
212715.000000
213477.000000
214218.000000
214973.000000
215730.000000
216464.000000
217220.000000
218013.000000
218786.000000
219574.000000
220370.000000
221134.000000
221897.000000
222648.000000
223360.000000
224101.000000
224852.000000
225624.000000
226368.000000
227127.000000
227900.000000
228658.000000
229421.000000
230189.000000
230969.000000
231725.000000
232481.000000
233245.000000
234000.000000
234717.000000
235452.000000
236203.000000
236913.000000
237591.000000
238256.000000
238919.000000
239588.000000
240223.000000
240889.000000
241596.000000
242338.000000
243069.000000
243745.000000
244431.000000
245136.000000
245859.000000
246578.000000
247304.000000
248050.000000
248813.000000
249556.000000
250283.000000
251009.000000
251746.000000
252466.000000
253186.000000
253927.000000
254683.000000
255428.000000
256190.000000
256963.000000
257726.000000
258492.000000
259258.000000
260019.000000
260771.000000
261524.000000
262281.000000
263020.000000
263779.000000
264534.000000
265287.000000
266020.000000
266730.000000
267405.000000
268058.000000
268742.000000
269414.000000
270114.000000
270844.000000
271616.000000
272384.000000
273140.000000
273907.000000
274678.000000
275423.000000
276190.000000
276966.000000
277724.000000
278493.000000
279265.000000
280033.000000
280781.000000
281536.000000
282304.000000
283060.000000
283820.000000
284598.000000
285417.000000
286212.000000
286998.000000
287769.000000
288531.000000
289308.000000
290084.000000
290854.000000
291624.000000
292409.000000
293194.000000
293955.000000
294726.000000
295501.000000
296252.000000
297006.000000
297763.000000
298491.000000
299186.000000
299910.000000
300638.000000
301357.000000
302060.000000
302791.000000
303543.000000
304285.000000
305049.000000
305814.000000
306564.000000
307325.000000
308085.000000
308826.000000
309577.000000
310336.000000
311089.000000
311853.000000
312620.000000
313374.000000
314139.000000
314898.000000
315635.000000
316394.000000
317154.000000
317894.000000
318663.000000
319451.000000
320208.000000
320980.000000
321725.000000
322430.000000
323098.000000
323792.000000
324478.000000
325211.000000
325974.000000
326734.000000
327493.000000
328279.000000
329068.000000
329839.000000
330620.000000
331416.000000
332172.000000
332934.000000
333713.000000
334480.000000
335259.000000
336061.000000
336871.000000
337671.000000
338481.000000
339292.000000
340078.000000
340892.000000
341713.000000
342499.000000
343292.000000
344083.000000
344849.000000
345639.000000
346418.000000
347167.000000
347917.000000
348670.000000
349418.000000
350162.000000
350948.000000
351757.000000
352551.000000
353360.000000
354169.000000
354958.000000
355737.000000
356536.000000
357349.000000
358124.000000
358914.000000
359699.000000
360450.000000
361227.000000
362025.000000
362803.000000
363596.000000
364400.000000
365199.000000
365987.000000
366772.000000
367550.000000
368265.000000
368971.000000
369683.000000
370356.000000
371011.000000
371673.000000
372365.000000
373092.000000
373859.000000
374627.000000
375391.000000
376179.000000
376971.000000
377728.000000
378499.000000
379277.000000
380031.000000
380793.000000
381567.000000
382352.000000
383124.000000
383916.000000
384715.000000
385487.000000
386282.000000
387067.000000
387833.000000
388610.000000
389396.000000
390165.000000
390939.000000
391712.000000
392472.000000
393231.000000
394009.000000
394794.000000
395551.000000
396325.000000
397104.000000
397856.000000
398619.000000
399402.000000
400170.000000
400912.000000
401674.000000
402444.000000
403204.000000
403967.000000
404731.000000
405510.000000
406271.000000
407042.000000
407820.000000
408570.000000
409331.000000
410099.000000
410848.000000
411599.000000
412367.000000
413147.000000
413904.000000
414666.000000
415442.000000
416212.000000
416977.000000
417760.000000
418558.000000
419330.000000
420122.000000
420908.000000
421662.000000
422423.000000
423191.000000
423943.000000
424704.000000
425451.000000
426148.000000
426845.000000
427527.000000
428192.000000
428927.000000
429688.000000
430445.000000
431226.000000
432022.000000
432786.000000
433554.000000
434340.000000
435111.000000
435866.000000
436638.000000
437419.000000
438186.000000
438992.000000
439808.000000
440600.000000
441388.000000
442164.000000
442908.000000
443616.000000
444301.000000
444996.000000
445931.000000
446854.000000
447763.000000
448674.000000
449567.000000
450405.000000
451238.000000
452058.000000
452863.000000
453662.000000
454441.000000
455245.000000
456074.000000
456924.000000
457774.000000
458629.000000
459471.000000
460284.000000
461087.000000
461884.000000
462668.000000
463430.000000
464196.000000
464981.000000
465736.000000
466496.000000
467273.000000
468066.000000
468828.000000
469597.000000
470383.000000
471173.000000
471940.000000
472715.000000
473514.000000
474280.000000
475071.000000
475877.000000
476666.000000
477470.000000
478272.000000
479049.000000
479826.000000
480605.000000
481384.000000
482146.000000
482931.000000
483714.000000
484480.000000
485260.000000
486043.000000
486804.000000
487566.000000
488343.000000
489129.000000
489891.000000
490666.000000
491417.000000
492121.000000
492842.000000
493549.000000
494214.000000
494938.000000
495669.000000
496413.000000
497193.000000
497988.000000
498749.000000
499537.000000
500347.000000
501157.000000
501931.000000
502720.000000
503515.000000
504276.000000
504998.000000
505681.000000
506347.000000
507028.000000
507678.000000
508312.000000
508941.000000
509589.000000
510320.000000
511164.000000
512016.000000
512852.000000
513649.000000
514369.000000
515119.000000
515895.000000
516653.000000
517423.000000
518226.000000
519114.000000
519936.000000
520729.000000
521533.000000
522312.000000
523057.000000
523811.000000
524568.000000
525294.000000
525959.000000
526669.000000
527416.000000
528166.000000
528970.000000
529766.000000
530563.000000
531327.000000
532106.000000
532894.000000
533664.000000
534452.000000
535246.000000
536045.000000
536831.000000
537611.000000
538411.000000
539181.000000
539975.000000
540770.000000
541555.000000
542328.000000
543127.000000
543890.000000
544622.000000
545359.000000
546126.000000
546919.000000
547679.000000
548458.000000
549255.000000
550057.000000
550839.000000
551654.000000
552486.000000
553257.000000
554036.000000
554827.000000
555604.000000
556368.000000
557103.000000
557790.000000
558554.000000
559338.000000
560196.000000
561101.000000
561977.000000
562854.000000
563737.000000
564578.000000
565367.000000
566188.000000
566997.000000
567774.000000
568559.000000
569362.000000
570133.000000
570929.000000
571753.000000
572559.000000
573356.000000
574166.000000
574972.000000
575741.000000
576531.000000
577335.000000
578104.000000
578896.000000
579701.000000
580484.000000
581257.000000
582037.000000
582819.000000
583572.000000
584350.000000
585128.000000
585890.000000
586654.000000
587429.000000
588201.000000
588960.000000
589724.000000
590487.000000
591226.000000
591998.000000
592777.000000
593528.000000
594283.000000
595055.000000
595816.000000
596567.000000
597331.000000
598089.000000
598833.000000
599592.000000
600378.000000
601129.000000
601872.000000
602611.000000
603357.000000
604032.000000
604730.000000
605445.000000
606174.000000
606946.000000
607746.000000
608523.000000
609327.000000
610145.000000
610920.000000
611704.000000
612507.000000
613302.000000
614075.000000
614862.000000
615648.000000
616416.000000
617220.000000
618068.000000
618891.000000
619737.000000
620580.000000
621359.000000
622161.000000
622977.000000
623781.000000
624561.000000
625346.000000
626134.000000
626908.000000
627711.000000
628537.000000
629340.000000
630155.000000
630960.000000
631747.000000
632535.000000
633328.000000
634096.000000
634875.000000
635674.000000
636443.000000
637223.000000
637997.000000
638754.000000
639502.000000
640273.000000
641060.000000
641815.000000
642585.000000
643364.000000
644131.000000
644887.000000
645659.000000
646433.000000
647175.000000
647932.000000
648699.000000
649457.000000
650228.000000
651011.000000
651790.000000
652559.000000
653333.000000
654101.000000
654847.000000
655607.000000
656374.000000
657117.000000
657874.000000
658642.000000
659387.000000
660157.000000
660949.000000
661725.000000
662495.000000
663265.000000
664009.000000
664733.000000
665439.000000
666111.000000
666771.000000
667459.000000
668165.000000
668931.000000
669713.000000
670486.000000
671300.000000
672090.000000
672857.000000
673649.000000
674412.000000
675160.000000
675918.000000
676693.000000
677454.000000
678231.000000
679046.000000
679842.000000
680677.000000
681537.000000
682349.000000
683174.000000
684005.000000
684810.000000
685602.000000
686395.000000
687190.000000
687960.000000
688741.000000
689532.000000
690289.000000
691052.000000
691847.000000
692618.000000
693397.000000
694171.000000
694944.000000
695710.000000
696492.000000
697263.000000
698012.000000
698761.000000
699505.000000
700252.000000
701010.000000
701784.000000
702539.000000
703276.000000
704013.000000
704769.000000
705547.000000
706318.000000
707076.000000
707781.000000
708499.000000
709226.000000
709981.000000
710697.000000
711393.000000
712096.000000
712814.000000
713550.000000
714292.000000
715034.000000
715760.000000
716444.000000
717141.000000
717813.000000
718456.000000
719094.000000
719764.000000
720472.000000
721243.000000
722026.000000
722817.000000
723599.000000
724364.000000
725098.000000
725791.000000
726514.000000
727245.000000
727984.000000
728740.000000
729520.000000
730269.000000
731015.000000
731770.000000
732525.000000
733266.000000
734012.000000
734774.000000
735546.000000
736314.000000
737052.000000
737751.000000
738455.000000
739147.000000
739884.000000
740656.000000
741446.000000
742248.000000
743048.000000
743867.000000
744671.000000
745468.000000
746267.000000
747062.000000
747816.000000
748574.000000
749329.000000
750082.000000
750859.000000
751624.000000
752385.000000
753196.000000
754054.000000
754916.000000
755786.000000
756637.000000
757444.000000
758282.000000
759115.000000
759967.000000
760825.000000
761672.000000
762501.000000
763300.000000
764050.000000
764810.000000
765594.000000
766404.000000
767271.000000
768102.000000
768892.000000
769698.000000
770488.000000
771237.000000
772011.000000
772830.000000
773630.000000
774474.000000
775352.000000
776185.000000
776998.000000
777751.000000
778491.000000
779202.000000
779878.000000
780572.000000
781300.000000
782048.000000
782849.000000
783657.000000
784422.000000
785181.000000
785975.000000
786771.000000
787552.000000
788378.000000
789211.000000
790015.000000
790808.000000
791600.000000
792370.000000
793148.000000
793960.000000
794796.000000
795598.000000
796404.000000
797193.000000
797946.000000
798720.000000
799509.000000
800316.000000
801117.000000
801940.000000
802736.000000
803486.000000
804236.000000
804987.000000
805721.000000
806477.000000
807252.000000
808013.000000
808785.000000
809569.000000
810342.000000
811088.000000
811853.000000
812619.000000
813365.000000
814123.000000
814897.000000
815665.000000
816425.000000
817182.000000
817892.000000
818589.000000
819301.000000
819971.000000
820668.000000
821434.000000
822226.000000
822987.000000
823790.000000
824600.000000
825399.000000
826174.000000
826961.000000
827771.000000
828548.000000
829320.000000
830124.000000
830944.000000
831739.000000
832531.000000
833335.000000
834143.000000
834930.000000
835729.000000
836541.000000
837340.000000
838128.000000
838940.000000
839760.000000
840550.000000
841355.000000
842161.000000
842955.000000
843718.000000
844498.000000
845284.000000
846068.000000
846826.000000
847602.000000
848393.000000
849167.000000
849951.000000
850754.000000
851561.000000
852330.000000
853108.000000
853914.000000
854727.000000
855548.000000
856385.000000
857201.000000
857997.000000
858807.000000
859626.000000
860404.000000
861198.000000
861984.000000
862776.000000
863538.000000
864311.000000
865094.000000
865870.000000
866647.000000
867445.000000
868257.000000
869033.000000
869840.000000
870665.000000
871461.000000
872258.000000
873084.000000
873919.000000
874727.000000
875514.000000
876306.000000
877132.000000
877966.000000
878772.000000
879599.000000
880428.000000
881216.000000
882022.000000
882837.000000
883650.000000
884436.000000
885234.000000
886031.000000
886482.000000
887565.000000
888268.000000
888929.000000
889578.000000
890260.000000
890991.000000
891910.000000
892822.000000
893707.000000
894649.000000
895598.000000
896481.000000
897395.000000
898300.000000
899163.000000
900040.000000
900914.000000
901702.000000
902574.000000
903403.000000
904233.000000
