Peaks (s)
1238.000000
2062.000000
3025.000000
4125.000000
5051.000000
5929.000000
6853.000000
7824.000000
8715.000000
9533.000000
10409.000000
11381.000000
12426.000000
13348.000000
14178.000000
15061.000000
16052.000000
17006.000000
17822.000000
18689.000000
19632.000000
20630.000000
21647.000000
22505.000000
23305.000000
24156.000000
25073.000000
26043.000000
26925.000000
27777.000000
28733.000000
29726.000000
30606.000000
31416.000000
32262.000000
33189.000000
34178.000000
35122.000000
35939.000000
36788.000000
37695.000000
38632.000000
39486.000000
40363.000000
41311.000000
42264.000000
43173.000000
44008.000000
44909.000000
45877.000000
46830.000000
47667.000000
48558.000000
49520.000000
50448.000000
51277.000000
52113.000000
53005.000000
53920.000000
54759.000000
55611.000000
56572.000000
57563.000000
58427.000000
59274.000000
60142.000000
61008.000000
61828.000000
62691.000000
63620.000000
64542.000000
65369.000000
66214.000000
67141.000000
68077.000000
68904.000000
69754.000000
70643.000000
71563.000000
72427.000000
73329.000000
74273.000000
75199.000000
76036.000000
76937.000000
77882.000000
78801.000000
79637.000000
80516.000000
81509.000000
82510.000000
83347.000000
84200.000000
85077.000000
85973.000000
86786.000000
87594.000000
88483.000000
89414.000000
90253.000000
91077.000000
91933.000000
92798.000000
93597.000000
94381.000000
95202.000000
96045.000000
96843.000000
97613.000000
98447.000000
99317.000000
100167.000000
100956.000000
101763.000000
102593.000000
103417.000000
104197.000000
104973.000000
105817.000000
106731.000000
107623.000000
108420.000000
109247.000000
110098.000000
110954.000000
111731.000000
112485.000000
113302.000000
114191.000000
115156.000000
116146.000000
117100.000000
118013.000000
118862.000000
119674.000000
120529.000000
121517.000000
122538.000000
123522.000000
124519.000000
125388.000000
126197.000000
127013.000000
127900.000000
128929.000000
129876.000000
130703.000000
131528.000000
132425.000000
133403.000000
134333.000000
135231.000000
136072.000000
136864.000000
137734.000000
138700.000000
139662.000000
140502.000000
141336.000000
142273.000000
143245.000000
144086.000000
144969.000000
145947.000000
146974.000000
147961.000000
148809.000000
149636.000000
150541.000000
151562.000000
152551.000000
153423.000000
154277.000000
155197.000000
156189.000000
157119.000000
157940.000000
158791.000000
159680.000000
160577.000000
161399.000000
162234.000000
163152.000000
164145.000000
165065.000000
165888.000000
166750.000000
167650.000000
168506.000000
169298.000000
170131.000000
171026.000000
171916.000000
172737.000000
173599.000000
174533.000000
175486.000000
176326.000000
177160.000000
178032.000000
178917.000000
179751.000000
180566.000000
181445.000000
182371.000000
183287.000000
184107.000000
184941.000000
185816.000000
186699.000000
187512.000000
188325.000000
189238.000000
190204.000000
191051.000000
191885.000000
192800.000000
193708.000000
194538.000000
195389.000000
196300.000000
197193.000000
198004.000000
198835.000000
199730.000000
200641.000000
201464.000000
202295.000000
203243.000000
204245.000000
205241.000000
206196.000000
207043.000000
207870.000000
208751.000000
209741.000000
210804.000000
211704.000000
212590.000000
213561.000000
214592.000000
215662.000000
216544.000000
217392.000000
218337.000000
219412.000000
220314.000000
221165.000000
222165.000000
223224.000000
224175.000000
225054.000000
226004.000000
227002.000000
227970.000000
228863.000000
229771.000000
230727.000000
231649.000000
232482.000000
233405.000000
234445.000000
235389.000000
236228.000000
237124.000000
238097.000000
239019.000000
239860.000000
240786.000000
241769.000000
242664.000000
243491.000000
244376.000000
245310.000000
246171.000000
247005.000000
247883.000000
248788.000000
249641.000000
250463.000000
251378.000000
252329.000000
253196.000000
254032.000000
254928.000000
255885.000000
256760.000000
257616.000000
258538.000000
259534.000000
260420.000000
261307.000000
262266.000000
263210.000000
264050.000000
264977.000000
266049.000000
266971.000000
267847.000000
268795.000000
269765.000000
270616.000000
271443.000000
272312.000000
273235.000000
274100.000000
274917.000000
275816.000000
276787.000000
277648.000000
278483.000000
279378.000000
280276.000000
281095.000000
281933.000000
282851.000000
283805.000000
284647.000000
285530.000000
286513.000000
287416.000000
288273.000000
289163.000000
290153.000000
291224.000000
292232.000000
293147.000000
293989.000000
294866.000000
295841.000000
296920.000000
297881.000000
298806.000000
299767.000000
300753.000000
301756.000000
302700.000000
303641.000000
304600.000000
305539.000000
306379.000000
307235.000000
308396.000000
309484.000000
310476.000000
311399.000000
312371.000000
313349.000000
314170.000000
314968.000000
315829.000000
316929.000000
317797.000000
318743.000000
319824.000000
320788.000000
321666.000000
322612.000000
323571.000000
324484.000000
325296.000000
326093.000000
326940.000000
327818.000000
328633.000000
329506.000000
330542.000000
331612.000000
332476.000000
333361.000000
334302.000000
335275.000000
336158.000000
337118.000000
338215.000000
339157.000000
340075.000000
341093.000000
342125.000000
343048.000000
343862.000000
344695.000000
345593.000000
346543.000000
347404.000000
348326.000000
349364.000000
350282.000000
351138.000000
352060.000000
353056.000000
353939.000000
354792.000000
355760.000000
356817.000000
357686.000000
358518.000000
359424.000000
360447.000000
361338.000000
362260.000000
363412.000000
364432.000000
365354.000000
366339.000000
367323.000000
368229.000000
369117.000000
369968.000000
370881.000000
371772.000000
372650.000000
373620.000000
374657.000000
375558.000000
376472.000000
377417.000000
378331.000000
379173.000000
380075.000000
381083.000000
381987.000000
382834.000000
383734.000000
384714.000000
385592.000000
386474.000000
387559.000000
388611.000000
389506.000000
390353.000000
391254.000000
392251.000000
393262.000000
394269.000000
395158.000000
396014.000000
396957.000000
398032.000000
399090.000000
400100.000000
401008.000000
401869.000000
402854.000000
403972.000000
405051.000000
405965.000000
406853.000000
407830.000000
408916.000000
409908.000000
410782.000000
411740.000000
412773.000000
413729.000000
414561.000000
415419.000000
416372.000000
417277.000000
418097.000000
418951.000000
419901.000000
420897.000000
421763.000000
422608.000000
423519.000000
424456.000000
425298.000000
426123.000000
427015.000000
427954.000000
428801.000000
429607.000000
430453.000000
431340.000000
432184.000000
432991.000000
433875.000000
434818.000000
435689.000000
436522.000000
437393.000000
438351.000000
439251.000000
440070.000000
440950.000000
441878.000000
442796.000000
443629.000000
444488.000000
445440.000000
446390.000000
447225.000000
448060.000000
448974.000000
449979.000000
450837.000000
451637.000000
452395.000000
453211.000000
454235.000000
455270.000000
456282.000000
457283.000000
458264.000000
459110.000000
459968.000000
460911.000000
461909.000000
462815.000000
463724.000000
464862.000000
465940.000000
466992.000000
467981.000000
468993.000000
470006.000000
470975.000000
471880.000000
472743.000000
473659.000000
474552.000000
475382.000000
476289.000000
477362.000000
478324.000000
479176.000000
480055.000000
480956.000000
481799.000000
482605.000000
483456.000000
484353.000000
485217.000000
486041.000000
486927.000000
487876.000000
488757.000000
489570.000000
490414.000000
491308.000000
492175.000000
492974.000000
493796.000000
494712.000000
495627.000000
496466.000000
497336.000000
498236.000000
499086.000000
499885.000000
500715.000000
501611.000000
502472.000000
503264.000000
504106.000000
504999.000000
505843.000000
506629.000000
507418.000000
508193.000000
508949.000000
509752.000000
510579.000000
511358.000000
512183.000000
513058.000000
513912.000000
514694.000000
515491.000000
516380.000000
517307.000000
518140.000000
518979.000000
519979.000000
521033.000000
521945.000000
522891.000000
523914.000000
524893.000000
525736.000000
526642.000000
527649.000000
528603.000000
529493.000000
530483.000000
531550.000000
532451.000000
533343.000000
534287.000000
535343.000000
536296.000000
537315.000000
538346.000000
539366.000000
540308.000000
541274.000000
542256.000000
543208.000000
544092.000000
544981.000000
546014.000000
546935.000000
547864.000000
548895.000000
549806.000000
550625.000000
551473.000000
552390.000000
553331.000000
554194.000000
555169.000000
556238.000000
557163.000000
558041.000000
558953.000000
559902.000000
560752.000000
561638.000000
562636.000000
563601.000000
564453.000000
565377.000000
566334.000000
567198.000000
568058.000000
568998.000000
569978.000000
570868.000000
571725.000000
572662.000000
573628.000000
574492.000000
575347.000000
576251.000000
577188.000000
578034.000000
578890.000000
579890.000000
580864.000000
581715.000000
582590.000000
583506.000000
584360.000000
585158.000000
585988.000000
586920.000000
587814.000000
588637.000000
589540.000000
590492.000000
591430.000000
592283.000000
593083.000000
593918.000000
594829.000000
595782.000000
596621.000000
597474.000000
598411.000000
599350.000000
600190.000000
601041.000000
601970.000000
602922.000000
603752.000000
604559.000000
605416.000000
606329.000000
607170.000000
608074.000000
609265.000000
610234.000000
611159.000000
612140.000000
613088.000000
613943.000000
614790.000000
615716.000000
616672.000000
617525.000000
618475.000000
619478.000000
620373.000000
621237.000000
622138.000000
623064.000000
623901.000000
624815.000000
625845.000000
626792.000000
627655.000000
628586.000000
629645.000000
630608.000000
631461.000000
632401.000000
633409.000000
634425.000000
635340.000000
636186.000000
637089.000000
638071.000000
639170.000000
640074.000000
641021.000000
642081.000000
643017.000000
643895.000000
644895.000000
645935.000000
646825.000000
647796.000000
648854.000000
649832.000000
650797.000000
651821.000000
652796.000000
653652.000000
654567.000000
655584.000000
656502.000000
657355.000000
658363.000000
659494.000000
660457.000000
661391.000000
662386.000000
663420.000000
664311.000000
665168.000000
666075.000000
667049.000000
667929.000000
668865.000000
669907.000000
670934.000000
671808.000000
672739.000000
673711.000000
674615.000000
675454.000000
676366.000000
677389.000000
678356.000000
679235.000000
680208.000000
681198.000000
682076.000000
682880.000000
683713.000000
684593.000000
685425.000000
686243.000000
687203.000000
688211.000000
689090.000000
689967.000000
690865.000000
691733.000000
692536.000000
693339.000000
694181.000000
695047.000000
695837.000000
696610.000000
697458.000000
698382.000000
699315.000000
700174.000000
700988.000000
701824.000000
702682.000000
703556.000000
704361.000000
705170.000000
706088.000000
707117.000000
708029.000000
708858.000000
709729.000000
710624.000000
711484.000000
712283.000000
713121.000000
714060.000000
715002.000000
715847.000000
716725.000000
717614.000000
718432.000000
719225.000000
720074.000000
720976.000000
721806.000000
722643.000000
723530.000000
724438.000000
725279.000000
726118.000000
726988.000000
727894.000000
728738.000000
729530.000000
730372.000000
731290.000000
732179.000000
733012.000000
733867.000000
734788.000000
735704.000000
736543.000000
737422.000000
738395.000000
739299.000000
740137.000000
741085.000000
742100.000000
742996.000000
743839.000000
744734.000000
745689.000000
746560.000000
747427.000000
748341.000000
749196.000000
750064.000000
751013.000000
751910.000000
752736.000000
753617.000000
754555.000000
755422.000000
756263.000000
757147.000000
758100.000000
759054.000000
759897.000000
760777.000000
761720.000000
762604.000000
763432.000000
764317.000000
765318.000000
766222.000000
767120.000000
768078.000000
768980.000000
769807.000000
770665.000000
771552.000000
772370.000000
773161.000000
774035.000000
775084.000000
776130.000000
777077.000000
777917.000000
778783.000000
779682.000000
780585.000000
781460.000000
782305.000000
783259.000000
784334.000000
785372.000000
786255.000000
787124.000000
788051.000000
789004.000000
789877.000000
790751.000000
791742.000000
792666.000000
793515.000000
794431.000000
795412.000000
796289.000000
797146.000000
798090.000000
799092.000000
799976.000000
800785.000000
801550.000000
802356.000000
803346.000000
804385.000000
805456.000000
806517.000000
807439.000000
808298.000000
809197.000000
810219.000000
811328.000000
812369.000000
813271.000000
814175.000000
815176.000000
816233.000000
817230.000000
818098.000000
819021.000000
820008.000000
820998.000000
821878.000000
822776.000000
823840.000000
824924.000000
825986.000000
826908.000000
827810.000000
828710.000000
829654.000000
830553.000000
831395.000000
832304.000000
833267.000000
834232.000000
835082.000000
836018.000000
836970.000000
837858.000000
838671.000000
839500.000000
840393.000000
841326.000000
842173.000000
843069.000000
844041.000000
844978.000000
845836.000000
846750.000000
847713.000000
848584.000000
849409.000000
850290.000000
851266.000000
852148.000000
853028.000000
854003.000000
854987.000000
855839.000000
856693.000000
857587.000000
858452.000000
859263.000000
860114.000000
861017.000000
861904.000000
862743.000000
863642.000000
864562.000000
865393.000000
866194.000000
867079.000000
868011.000000
868917.000000
869856.000000
870844.000000
871829.000000
872706.000000
873639.000000
874589.000000
875482.000000
876347.000000
877281.000000
878327.000000
879257.000000
880141.000000
881133.000000
882175.000000
883032.000000
883900.000000
884785.000000
885696.000000
886521.000000
887387.000000
888312.000000
889194.000000
890010.000000
890847.000000
891797.000000
892754.000000
893632.000000
894451.000000
895291.000000
896168.000000
897064.000000
897961.000000
898840.000000
899723.000000
