Peaks (s)
882.000000
1715.000000
2528.000000
3478.000000
4385.000000
5202.000000
6091.000000
6987.000000
7795.000000
8649.000000
9501.000000
10306.000000
11204.000000
12137.000000
12958.000000
13831.000000
14782.000000
15569.000000
16374.000000
17297.000000
18162.000000
19012.000000
19896.000000
20671.000000
21483.000000
22407.000000
23205.000000
24034.000000
24936.000000
25740.000000
26565.000000
27459.000000
28267.000000
29037.000000
29855.000000
30756.000000
31582.000000
32346.000000
33146.000000
33970.000000
34722.000000
35482.000000
36289.000000
37071.000000
37785.000000
38507.000000
39273.000000
40146.000000
40917.000000
41659.000000
42481.000000
43370.000000
44204.000000
44941.000000
45695.000000
46494.000000
47271.000000
48007.000000
48795.000000
49701.000000
50632.000000
51483.000000
52256.000000
53043.000000
53865.000000
54651.000000
55404.000000
56210.000000
57146.000000
58066.000000
58842.000000
59646.000000
60553.000000
61431.000000
62199.000000
62916.000000
63642.000000
64499.000000
65492.000000
66457.000000
67294.000000
68083.000000
68924.000000
69858.000000
70640.000000
71396.000000
72261.000000
73194.000000
74086.000000
74872.000000
75776.000000
76757.000000
77659.000000
78445.000000
79247.000000
80183.000000
81095.000000
81876.000000
82607.000000
83326.000000
84046.000000
84877.000000
85933.000000
86915.000000
87881.000000
88827.000000
89620.000000
90404.000000
91242.000000
92028.000000
92773.000000
93577.000000
94549.000000
95471.000000
96271.000000
97113.000000
98006.000000
98854.000000
99609.000000
100372.000000
101223.000000
102145.000000
102985.000000
103735.000000
104513.000000
105391.000000
106231.000000
106993.000000
107776.000000
108643.000000
109565.000000
110357.000000
111080.000000
111813.000000
112606.000000
113492.000000
114278.000000
115022.000000
115777.000000
116565.000000
117400.000000
118372.000000
119329.000000
120255.000000
121036.000000
121758.000000
122503.000000
123405.000000
124372.000000
125176.000000
125946.000000
126877.000000
127873.000000
128742.000000
129488.000000
130193.000000
130908.000000
131705.000000
132481.000000
133221.000000
133914.000000
134630.000000
135400.000000
136184.000000
137155.000000
138140.000000
139067.000000
139878.000000
140629.000000
141389.000000
142152.000000
142948.000000
143781.000000
144627.000000
145544.000000
146534.000000
147573.000000
148566.000000
149513.000000
150482.000000
151423.000000
152390.000000
153326.000000
154242.000000
155065.000000
155851.000000
156721.000000
157703.000000
158672.000000
159596.000000
160420.000000
161285.000000
162204.000000
163096.000000
163908.000000
164730.000000
165668.000000
166611.000000
167424.000000
168172.000000
168935.000000
169775.000000
170711.000000
171523.000000
172321.000000
173275.000000
174180.000000
174944.000000
175738.000000
176636.000000
177463.000000
178211.000000
179024.000000
180002.000000
180936.000000
181705.000000
182496.000000
183376.000000
184275.000000
185093.000000
185926.000000
186873.000000
187854.000000
188750.000000
189539.000000
190338.000000
191208.000000
192130.000000
192990.000000
193749.000000
194540.000000
195468.000000
196419.000000
197305.000000
198090.000000
198889.000000
199748.000000
200637.000000
201461.000000
202210.000000
202946.000000
203774.000000
204747.000000
205658.000000
206440.000000
207195.000000
208003.000000
208908.000000
209769.000000
210562.000000
211332.000000
212210.000000
213148.000000
214029.000000
214795.000000
215523.000000
216245.000000
217003.000000
217899.000000
218839.000000
219773.000000
220558.000000
221316.000000
222107.000000
222951.000000
223797.000000
224581.000000
225333.000000
226123.000000
227109.000000
228100.000000
229022.000000
229824.000000
230593.000000
231436.000000
232390.000000
233243.000000
234008.000000
234828.000000
235734.000000
236536.000000
237270.000000
237989.000000
238707.000000
239495.000000
240420.000000
241327.000000
242235.000000
243008.000000
243794.000000
244684.000000
245620.000000
246441.000000
247257.000000
248112.000000
249036.000000
249844.000000
250617.000000
251492.000000
252446.000000
253304.000000
254057.000000
254819.000000
255636.000000
256568.000000
257395.000000
258136.000000
258882.000000
259713.000000
260628.000000
261492.000000
262255.000000
263000.000000
263788.000000
264667.000000
265471.000000
266233.000000
267068.000000
268003.000000
268954.000000
269762.000000
270544.000000
271398.000000
272329.000000
273135.000000
273871.000000
274595.000000
275332.000000
276053.000000
276772.000000
277526.000000
278608.000000
279613.000000
280563.000000
281555.000000
282480.000000
283345.000000
284091.000000
284865.000000
285843.000000
286764.000000
287627.000000
288393.000000
289198.000000
290082.000000
290966.000000
291765.000000
292533.000000
293401.000000
294322.000000
295147.000000
295950.000000
296835.000000
297723.000000
298511.000000
299257.000000
300038.000000
300911.000000
301807.000000
302601.000000
303363.000000
304177.000000
305050.000000
305888.000000
306646.000000
307397.000000
308147.000000
308853.000000
309543.000000
310286.000000
311044.000000
311798.000000
312615.000000
313515.000000
314415.000000
315195.000000
315924.000000
316674.000000
317500.000000
318445.000000
319281.000000
320038.000000
320875.000000
321793.000000
322663.000000
323426.000000
324147.000000
324909.000000
325782.000000
326685.000000
327477.000000
328250.000000
329171.000000
330116.000000
331022.000000
331793.000000
332530.000000
333300.000000
334159.000000
335110.000000
335983.000000
336734.000000
337514.000000
338348.000000
339238.000000
340019.000000
340726.000000
341406.000000
342097.000000
342927.000000
343888.000000
344800.000000
345556.000000
346295.000000
347082.000000
347976.000000
348869.000000
349675.000000
350514.000000
351394.000000
352248.000000
353020.000000
353829.000000
354727.000000
355626.000000
356400.000000
357185.000000
358030.000000
358933.000000
359791.000000
360579.000000
361356.000000
362269.000000
363191.000000
364024.000000
364778.000000
365534.000000
366362.000000
367261.000000
368056.000000
368774.000000
369471.000000
370143.000000
370837.000000
371798.000000
372676.000000
373445.000000
374167.000000
374953.000000
375827.000000
376624.000000
377344.000000
378063.000000
378854.000000
379745.000000
380527.000000
381278.000000
382117.000000
383030.000000
383844.000000
384588.000000
385361.000000
386225.000000
387101.000000
387890.000000
388689.000000
389554.000000
390387.000000
391149.000000
391933.000000
392795.000000
393568.000000
394345.000000
395178.000000
396034.000000
396791.000000
397593.000000
398457.000000
399257.000000
400033.000000
400888.000000
401724.000000
402486.000000
403261.000000
404080.000000
404920.000000
405682.000000
406481.000000
407342.000000
408266.000000
409092.000000
409880.000000
410715.000000
411579.000000
412352.000000
413116.000000
413973.000000
414922.000000
415751.000000
416516.000000
417337.000000
418202.000000
419004.000000
419748.000000
420554.000000
421543.000000
422437.000000
423226.000000
424058.000000
424871.000000
425627.000000
426364.000000
427123.000000
428013.000000
428899.000000
429741.000000
430683.000000
431618.000000
432475.000000
433229.000000
433972.000000
434737.000000
435674.000000
436507.000000
437277.000000
438131.000000
439024.000000
439816.000000
440601.000000
441481.000000
442348.000000
443107.000000
443863.000000
444700.000000
445521.000000
446285.000000
447097.000000
447964.000000
448820.000000
449589.000000
450395.000000
451309.000000
452173.000000
452945.000000
453734.000000
454598.000000
455471.000000
456250.000000
457027.000000
457928.000000
458822.000000
459614.000000
460413.000000
461258.000000
462077.000000
462848.000000
463654.000000
464505.000000
465277.000000
466016.000000
466804.000000
467648.000000
468417.000000
469156.000000
469999.000000
470953.000000
471874.000000
472675.000000
473448.000000
474341.000000
475264.000000
476107.000000
476866.000000
477672.000000
478627.000000
479514.000000
480280.000000
481118.000000
482054.000000
482968.000000
483737.000000
484491.000000
485269.000000
486134.000000
486956.000000
487703.000000
488539.000000
489515.000000
490420.000000
491179.000000
491944.000000
492822.000000
493642.000000
494439.000000
495477.000000
496452.000000
497315.000000
498233.000000
499182.000000
499997.000000
500754.000000
501542.000000
502396.000000
503207.000000
504062.000000
505068.000000
506036.000000
506926.000000
507902.000000
508844.000000
509679.000000
510497.000000
511401.000000
512352.000000
513190.000000
514040.000000
514967.000000
515916.000000
516768.000000
517610.000000
518549.000000
519438.000000
520234.000000
521065.000000
521884.000000
522633.000000
523341.000000
524029.000000
524760.000000
525533.000000
526298.000000
527201.000000
528160.000000
528964.000000
529683.000000
530366.000000
531032.000000
531714.000000
532862.000000
533818.000000
534778.000000
535779.000000
536798.000000
537750.000000
538676.000000
539639.000000
540562.000000
541363.000000
542175.000000
543117.000000
544083.000000
545007.000000
545904.000000
546745.000000
547585.000000
548463.000000
549417.000000
550276.000000
551047.000000
551886.000000
552769.000000
553597.000000
554334.000000
555105.000000
555952.000000
556881.000000
557673.000000
558422.000000
559209.000000
560047.000000
560832.000000
561577.000000
562380.000000
563280.000000
564090.000000
564890.000000
565785.000000
566635.000000
567407.000000
568211.000000
569058.000000
569836.000000
570656.000000
571505.000000
572329.000000
573098.000000
573937.000000
574820.000000
575646.000000
576464.000000
577314.000000
578148.000000
578925.000000
579769.000000
580667.000000
581499.000000
582366.000000
583237.000000
584045.000000
584790.000000
585556.000000
586376.000000
587153.000000
587891.000000
588673.000000
589529.000000
590301.000000
591046.000000
591847.000000
592708.000000
593485.000000
594227.000000
595013.000000
595888.000000
596668.000000
597404.000000
598179.000000
598998.000000
599827.000000
600580.000000
601327.000000
602112.000000
602930.000000
603682.000000
604410.000000
605187.000000
606035.000000
606842.000000
607591.000000
608348.000000
609154.000000
609995.000000
610766.000000
611523.000000
612362.000000
613208.000000
613948.000000
614690.000000
615482.000000
616352.000000
617161.000000
617910.000000
618680.000000
619523.000000
620335.000000
621044.000000
621723.000000
622409.000000
623094.000000
623801.000000
624600.000000
625458.000000
626236.000000
626994.000000
627788.000000
628600.000000
629331.000000
630046.000000
630820.000000
631679.000000
632516.000000
633271.000000
634029.000000
634827.000000
635616.000000
636346.000000
637095.000000
637951.000000
638788.000000
639555.000000
640400.000000
641272.000000
642072.000000
642812.000000
643591.000000
644454.000000
645272.000000
646035.000000
646860.000000
647788.000000
648605.000000
649424.000000
650297.000000
651143.000000
651903.000000
652709.000000
653587.000000
654395.000000
655180.000000
656062.000000
656933.000000
657708.000000
658471.000000
659282.000000
660039.000000
660768.000000
661507.000000
662314.000000
663223.000000
664087.000000
664849.000000
665664.000000
666568.000000
667402.000000
668166.000000
668988.000000
669918.000000
670798.000000
671616.000000
672432.000000
673297.000000
674178.000000
674956.000000
675694.000000
676474.000000
677308.000000
678079.000000
678865.000000
679750.000000
680713.000000
681601.000000
682374.000000
683187.000000
684089.000000
684971.000000
685749.000000
686490.000000
687312.000000
688278.000000
689171.000000
689946.000000
690706.000000
691551.000000
692447.000000
693269.000000
694027.000000
694808.000000
695636.000000
696477.000000
697307.000000
698096.000000
698928.000000
699782.000000
700554.000000
701306.000000
702126.000000
703051.000000
703855.000000
704616.000000
705423.000000
706275.000000
707079.000000
707836.000000
708635.000000
709486.000000
710342.000000
711138.000000
711889.000000
712654.000000
713496.000000
714330.000000
715089.000000
715862.000000
716727.000000
717637.000000
718432.000000
719211.000000
720013.000000
720864.000000
721637.000000
722377.000000
723164.000000
724044.000000
724875.000000
725629.000000
726444.000000
727307.000000
728087.000000
728811.000000
729586.000000
730465.000000
731261.000000
732045.000000
732919.000000
733835.000000
734635.000000
735401.000000
736283.000000
737213.000000
738078.000000
738837.000000
739619.000000
740478.000000
741332.000000
742094.000000
742924.000000
743913.000000
744781.000000
745571.000000
746433.000000
747330.000000
748174.000000
748926.000000
749707.000000
750559.000000
751351.000000
752181.000000
753138.000000
754014.000000
754887.000000
755769.000000
756623.000000
757405.000000
758222.000000
759090.000000
759871.000000
760739.000000
761625.000000
762430.000000
763183.000000
763965.000000
764909.000000
765910.000000
766713.000000
767460.000000
768214.000000
768989.000000
769814.000000
770560.000000
771363.000000
772312.000000
773164.000000
773925.000000
774742.000000
775628.000000
776428.000000
777203.000000
777992.000000
778771.000000
779507.000000
780301.000000
781158.000000
781969.000000
782740.000000
783564.000000
784427.000000
785237.000000
785980.000000
786719.000000
787496.000000
788293.000000
789039.000000
789779.000000
790655.000000
791600.000000
792396.000000
793225.000000
794151.000000
794945.000000
795675.000000
796432.000000
797253.000000
798084.000000
798854.000000
799734.000000
800738.000000
801612.000000
802394.000000
803262.000000
804177.000000
804976.000000
805778.000000
806612.000000
807471.000000
808255.000000
809126.000000
810096.000000
810970.000000
811737.000000
812534.000000
813455.000000
814317.000000
815084.000000
815860.000000
816697.000000
817481.000000
818224.000000
819013.000000
819851.000000
820772.000000
821558.000000
822289.000000
823080.000000
823936.000000
824810.000000
825605.000000
826387.000000
827291.000000
828252.000000
829125.000000
829895.000000
830672.000000
831489.000000
832347.000000
833166.000000
833984.000000
834868.000000
835788.000000
836571.000000
837284.000000
837966.000000
838640.000000
839350.000000
840489.000000
841466.000000
842455.000000
843442.000000
844393.000000
845314.000000
846080.000000
846820.000000
847634.000000
848589.000000
849520.000000
850321.000000
851110.000000
851952.000000
852860.000000
853716.000000
854498.000000
855324.000000
856220.000000
857130.000000
857907.000000
858677.000000
859462.000000
860284.000000
861060.000000
861877.000000
862865.000000
863743.000000
864526.000000
865362.000000
866210.000000
866977.000000
867738.000000
868551.000000
869370.000000
870124.000000
870938.000000
871835.000000
872707.000000
873497.000000
874300.000000
875140.000000
875984.000000
876784.000000
877645.000000
878532.000000
879340.000000
880207.000000
881060.000000
881864.000000
882803.000000
883711.000000
884488.000000
885224.000000
886038.000000
886948.000000
887740.000000
888493.000000
889401.000000
890398.000000
891283.000000
892120.000000
893030.000000
893936.000000
894719.000000
895490.000000
896318.000000
897106.000000
897861.000000
898627.000000
899371.000000
900082.000000
900898.000000
901794.000000
902590.000000
903406.000000
904343.000000
905280.000000
906101.000000
906890.000000
907682.000000
908488.000000
909351.000000
910181.000000
910974.000000
911811.000000
912618.000000
913398.000000
914198.000000
914969.000000
915749.000000
916592.000000
917477.000000
918254.000000
918993.000000
919778.000000
920607.000000
921371.000000
922098.000000
922884.000000
923719.000000
924564.000000
925309.000000
926020.000000
926780.000000
927643.000000
928424.000000
929159.000000
929968.000000
930860.000000
931740.000000
932490.000000
933198.000000
933894.000000
934607.000000
935402.000000
936310.000000
937277.000000
938153.000000
938918.000000
939728.000000
940620.000000
941537.000000
942336.000000
943084.000000
943880.000000
944762.000000
945674.000000
946500.000000
947265.000000
948011.000000
948777.000000
949638.000000
950543.000000
951440.000000
952226.000000
952976.000000
953777.000000
954603.000000
955376.000000
956110.000000
956871.000000
957718.000000
958657.000000
959445.000000
960173.000000
960985.000000
961851.000000
962613.000000
963328.000000
964021.000000
964707.000000
965452.000000
966392.000000
967303.000000
968136.000000
969019.000000
969912.000000
970685.000000
971418.000000
972186.000000
973031.000000
973955.000000
974746.000000
975478.000000
976281.000000
977165.000000
978027.000000
978807.000000
979575.000000
980416.000000
981313.000000
982150.000000
982894.000000
983600.000000
984346.000000
985168.000000
986027.000000
986788.000000
987518.000000
988327.000000
989215.000000
990010.000000
990755.000000
991574.000000
992426.000000
993286.000000
994046.000000
994794.000000
995604.000000
996483.000000
997300.000000
998066.000000
998880.000000
999781.000000
1000670.000000
1001451.000000
1002250.000000
1003137.000000
1003997.000000
1004839.000000
1005766.000000
1006708.000000
1007577.000000
1008330.000000
1009047.000000
1009827.000000
1010699.000000
1011582.000000
1012361.000000
1013058.000000
1013729.000000
1014405.000000
1015122.000000
1016252.000000
1017219.000000
1018130.000000
1019005.000000
1019898.000000
1020780.000000
1021563.000000
1022330.000000
1023143.000000
1023967.000000
1024805.000000
1025551.000000
1026316.000000
1027132.000000
1028032.000000
1028841.000000
1029625.000000
1030460.000000
1031395.000000
1032263.000000
1033025.000000
1033763.000000
1034486.000000
1035238.000000
1036062.000000
1036808.000000
1037505.000000
1038292.000000
1039231.000000
1040022.000000
1040768.000000
1041518.000000
1042276.000000
1043036.000000
1043755.000000
1044504.000000
1045349.000000
1046195.000000
1046967.000000
1047682.000000
1048422.000000
1049236.000000
1050093.000000
1050847.000000
1051564.000000
1052324.000000
1053180.000000
1054067.000000
1054860.000000
1055613.000000
1056411.000000
1057254.000000
1058090.000000
1058884.000000
1059673.000000
1060509.000000
1061399.000000
1062247.000000
1063009.000000
1063780.000000
1064619.000000
1065531.000000
1066408.000000
1067206.000000
1068036.000000
1068929.000000
1069825.000000
1070613.000000
1071371.000000
1072184.000000
1073089.000000
1073971.000000
1074747.000000
1075549.000000
1076479.000000
1077398.000000
1078246.000000
1079008.000000
1079781.000000
1080602.000000
1081480.000000
1082343.000000
1083126.000000
1083877.000000
1084636.000000
1085409.000000
1086295.000000
1087212.000000
1088135.000000
1089017.000000
1089778.000000
1090522.000000
1091300.000000
1092175.000000
1093040.000000
1093810.000000
1094572.000000
1095368.000000
1096282.000000
1097175.000000
1097955.000000
1098695.000000
1099435.000000
1100241.000000
1101129.000000
1101902.000000
1102626.000000
1103335.000000
1104127.000000
1105040.000000
1105927.000000
1106698.000000
1107462.000000
1108269.000000
1109080.000000
1109887.000000
1110630.000000
1111339.000000
1112078.000000
1112905.000000
1113761.000000
1114516.000000
1115246.000000
1116044.000000
1116936.000000
1117787.000000
1118534.000000
1119278.000000
1120086.000000
1120958.000000
1121750.000000
1122474.000000
1123222.000000
1124049.000000
1124856.000000
1125600.000000
1126354.000000
1127136.000000
1127970.000000
1128744.000000
1129476.000000
1130233.000000
1131009.000000
1131812.000000
1132561.000000
1133283.000000
1134047.000000
1134863.000000
1135626.000000
1136370.000000
1137133.000000
1137928.000000
1138739.000000
1139479.000000
1140181.000000
1140895.000000
1141607.000000
1142341.000000
1143064.000000
1143777.000000
1144535.000000
1145338.000000
1146117.000000
1146858.000000
1147598.000000
1148364.000000
1149145.000000
1149886.000000
1150598.000000
1151354.000000
1152156.000000
1152915.000000
1153637.000000
1154355.000000
1155110.000000
1155935.000000
1156734.000000
1157471.000000
1158200.000000
1158979.000000
1159782.000000
1160537.000000
1161253.000000
1162025.000000
1162880.000000
1163680.000000
1164426.000000
1165189.000000
1165988.000000
1166835.000000
1167591.000000
1168325.000000
1169128.000000
1169984.000000
1170749.000000
1171489.000000
1172267.000000
1173051.000000
1173782.000000
1174498.000000
1175248.000000
1176023.000000
1176758.000000
1177461.000000
1178134.000000
1178782.000000
1179442.000000
1180157.000000
1180920.000000
1181649.000000
1182363.000000
1183109.000000
1183915.000000
1184688.000000
1185468.000000
1186208.000000
1186922.000000
1187607.000000
1188268.000000
1188935.000000
1189713.000000
1190590.000000
1191507.000000
1192368.000000
1193163.000000
1193881.000000
1194597.000000
1195381.000000
1196224.000000
1197052.000000
1197823.000000
1198642.000000
1199536.000000
1200451.000000
1201268.000000
1202042.000000
1202817.000000
