Peaks (s)
922.000000
1720.000000
2514.000000
3306.000000
4104.000000
4904.000000
5706.000000
6507.000000
7312.000000
8123.000000
8929.000000
9734.000000
10544.000000
11362.000000
12170.000000
12978.000000
13788.000000
14604.000000
15413.000000
16222.000000
17032.000000
17843.000000
18660.000000
19479.000000
20290.000000
21098.000000
21913.000000
22733.000000
23546.000000
24356.000000
25174.000000
25995.000000
26812.000000
27625.000000
28441.000000
29267.000000
30081.000000
30893.000000
31709.000000
32530.000000
33344.000000
34159.000000
34982.000000
35797.000000
36608.000000
37420.000000
38239.000000
39050.000000
39861.000000
40676.000000
41496.000000
42309.000000
43124.000000
43942.000000
44761.000000
45573.000000
46382.000000
47195.000000
48006.000000
48812.000000
49615.000000
50423.000000
51231.000000
52038.000000
52839.000000
53645.000000
54455.000000
55267.000000
56073.000000
56877.000000
57686.000000
58497.000000
59301.000000
60102.000000
60907.000000
61716.000000
62519.000000
63322.000000
64129.000000
64938.000000
65747.000000
66552.000000
67360.000000
68174.000000
68991.000000
69799.000000
70605.000000
71414.000000
72228.000000
73036.000000
73840.000000
74651.000000
75464.000000
76269.000000
77073.000000
77883.000000
78696.000000
79507.000000
80314.000000
81121.000000
81934.000000
82745.000000
83549.000000
84354.000000
85163.000000
85972.000000
86776.000000
87577.000000
88381.000000
89180.000000
89977.000000
90774.000000
91567.000000
92366.000000
93168.000000
93971.000000
94771.000000
95576.000000
96385.000000
97198.000000
98005.000000
98810.000000
99623.000000
100440.000000
101251.000000
102061.000000
102873.000000
103690.000000
104503.000000
105313.000000
106124.000000
106940.000000
107752.000000
108564.000000
109379.000000
110199.000000
111013.000000
111824.000000
112639.000000
113459.000000
114274.000000
115088.000000
115904.000000
116720.000000
117533.000000
118343.000000
119152.000000
119965.000000
120776.000000
121578.000000
122388.000000
123197.000000
124000.000000
124800.000000
125600.000000
126392.000000
127168.000000
127960.000000
128771.000000
129577.000000
130377.000000
131175.000000
131971.000000
132763.000000
133570.000000
134369.000000
135174.000000
135981.000000
136780.000000
137578.000000
138380.000000
139181.000000
139981.000000
140776.000000
141575.000000
142380.000000
143187.000000
143993.000000
144795.000000
145605.000000
146420.000000
147229.000000
148035.000000
148851.000000
149668.000000
150480.000000
151291.000000
152105.000000
152919.000000
153728.000000
154535.000000
155346.000000
156157.000000
156963.000000
157763.000000
158565.000000
159368.000000
160172.000000
160973.000000
161772.000000
162576.000000
163381.000000
164186.000000
164987.000000
165785.000000
166589.000000
167393.000000
168196.000000
168996.000000
169798.000000
170605.000000
171413.000000
172216.000000
173018.000000
173825.000000
174633.000000
175444.000000
176248.000000
177050.000000
177858.000000
178664.000000
179470.000000
180271.000000
181072.000000
181878.000000
182685.000000
183489.000000
184291.000000
185099.000000
185907.000000
186714.000000
187517.000000
188321.000000
189128.000000
189932.000000
190733.000000
191533.000000
192336.000000
193137.000000
193932.000000
194726.000000
195520.000000
196313.000000
197108.000000
197898.000000
198689.000000
199485.000000
200288.000000
201089.000000
201888.000000
202696.000000
203505.000000
204313.000000
205120.000000
205936.000000
206756.000000
207572.000000
208384.000000
209201.000000
210021.000000
210835.000000
211647.000000
212464.000000
213283.000000
214100.000000
214912.000000
215726.000000
216544.000000
217365.000000
218176.000000
218986.000000
219801.000000
220621.000000
221439.000000
222250.000000
223060.000000
223873.000000
224688.000000
225495.000000
226300.000000
227111.000000
227922.000000
228730.000000
229538.000000
230352.000000
231171.000000
231982.000000
232792.000000
233607.000000
234424.000000
235232.000000
236041.000000
236851.000000
237662.000000
238468.000000
239269.000000
240076.000000
240885.000000
241691.000000
242495.000000
243305.000000
244116.000000
244925.000000
245730.000000
246541.000000
247353.000000
248164.000000
248973.000000
249778.000000
250583.000000
251391.000000
252198.000000
253004.000000
253813.000000
254615.000000
255416.000000
256223.000000
257031.000000
257834.000000
258636.000000
259441.000000
260245.000000
261047.000000
261855.000000
262661.000000
263459.000000
264258.000000
265062.000000
265859.000000
266658.000000
267458.000000
268251.000000
269043.000000
269841.000000
270640.000000
271435.000000
272231.000000
273032.000000
273831.000000
274627.000000
275419.000000
276217.000000
277019.000000
277817.000000
278614.000000
279416.000000
280222.000000
281025.000000
281825.000000
282629.000000
283435.000000
284237.000000
285034.000000
285835.000000
286637.000000
287434.000000
288228.000000
289027.000000
289828.000000
290624.000000
291422.000000
292225.000000
293028.000000
293828.000000
294624.000000
295423.000000
296223.000000
297016.000000
297811.000000
298611.000000
299413.000000
300212.000000
301008.000000
301809.000000
302611.000000
303409.000000
304202.000000
304997.000000
305794.000000
306586.000000
307375.000000
308164.000000
308922.000000
309667.000000
310417.000000
311165.000000
311902.000000
312639.000000
313383.000000
314123.000000
314865.000000
315619.000000
316366.000000
317115.000000
317853.000000
318613.000000
319367.000000
320119.000000
320873.000000
321628.000000
322407.000000
323180.000000
323955.000000
324715.000000
325492.000000
326265.000000
327036.000000
327796.000000
328568.000000
329338.000000
330105.000000
330860.000000
331623.000000
332396.000000
333175.000000
333942.000000
334727.000000
335528.000000
336325.000000
337107.000000
337896.000000
338685.000000
339473.000000
340255.000000
341025.000000
341821.000000
342608.000000
343391.000000
344164.000000
344948.000000
345725.000000
346506.000000
347271.000000
348056.000000
348838.000000
349607.000000
350371.000000
351133.000000
351882.000000
352628.000000
353381.000000
354115.000000
354832.000000
355565.000000
356281.000000
356992.000000
357701.000000
358414.000000
359141.000000
359862.000000
360592.000000
361321.000000
362072.000000
362828.000000
363595.000000
364355.000000
365114.000000
365889.000000
366656.000000
367428.000000
368189.000000
368966.000000
369750.000000
370536.000000
371322.000000
372090.000000
372872.000000
373645.000000
374419.000000
375182.000000
375955.000000
376736.000000
377513.000000
378293.000000
379071.000000
379869.000000
380657.000000
381443.000000
382213.000000
382989.000000
383769.000000
384549.000000
385323.000000
386096.000000
386900.000000
387703.000000
388507.000000
389294.000000
390098.000000
390887.000000
391669.000000
392432.000000
393213.000000
393981.000000
394749.000000
395504.000000
396273.000000
397045.000000
397822.000000
398596.000000
399369.000000
400163.000000
400949.000000
401726.000000
402500.000000
403287.000000
404060.000000
404819.000000
405577.000000
406356.000000
407129.000000
407911.000000
408685.000000
409484.000000
410283.000000
411081.000000
411865.000000
412668.000000
413459.000000
414247.000000
415015.000000
415798.000000
416575.000000
417349.000000
418117.000000
418878.000000
419654.000000
420417.000000
421182.000000
421933.000000
422694.000000
423459.000000
424220.000000
424976.000000
425735.000000
426513.000000
427283.000000
428056.000000
428821.000000
429584.000000
430362.000000
431131.000000
431903.000000
432662.000000
433432.000000
434193.000000
434951.000000
435687.000000
436420.000000
437150.000000
437896.000000
438634.000000
439373.000000
440105.000000
440851.000000
441599.000000
442345.000000
443095.000000
443842.000000
444612.000000
445380.000000
446149.000000
446909.000000
447692.000000
448462.000000
449227.000000
449982.000000
450759.000000
451529.000000
452293.000000
453063.000000
453853.000000
454641.000000
455429.000000
456213.000000
457016.000000
457808.000000
458590.000000
459359.000000
460150.000000
460933.000000
461719.000000
462495.000000
463293.000000
464083.000000
464869.000000
465644.000000
466434.000000
467215.000000
467990.000000
468756.000000
469519.000000
470298.000000
471070.000000
471851.000000
472626.000000
473419.000000
474214.000000
475014.000000
475796.000000
476595.000000
477394.000000
478191.000000
478981.000000
479768.000000
480567.000000
481359.000000
482154.000000
482932.000000
483728.000000
484514.000000
485303.000000
486074.000000
486858.000000
487647.000000
488435.000000
489234.000000
490021.000000
490830.000000
491633.000000
492436.000000
493223.000000
494029.000000
494820.000000
495608.000000
496381.000000
497174.000000
497965.000000
498763.000000
499564.000000
500352.000000
501152.000000
501951.000000
502744.000000
503521.000000
504302.000000
505087.000000
505869.000000
506636.000000
507416.000000
508204.000000
508989.000000
509784.000000
510558.000000
511343.000000
512122.000000
512893.000000
513665.000000
514422.000000
515200.000000
515976.000000
516754.000000
517519.000000
518308.000000
519093.000000
519877.000000
520648.000000
521427.000000
522201.000000
522968.000000
523721.000000
524485.000000
525250.000000
526014.000000
526777.000000
527547.000000
528341.000000
529132.000000
529925.000000
530703.000000
531496.000000
532283.000000
533072.000000
533852.000000
534653.000000
535450.000000
536255.000000
537043.000000
537845.000000
538645.000000
539434.000000
540204.000000
540988.000000
541762.000000
542531.000000
543291.000000
544068.000000
544850.000000
545633.000000
546407.000000
547196.000000
547984.000000
548772.000000
549550.000000
550328.000000
551122.000000
551912.000000
552701.000000
553496.000000
554288.000000
555092.000000
555874.000000
556644.000000
557420.000000
558178.000000
558958.000000
559741.000000
560500.000000
561235.000000
561981.000000
562735.000000
563479.000000
564222.000000
564962.000000
565720.000000
566490.000000
567266.000000
568046.000000
568830.000000
569627.000000
570427.000000
571208.000000
571995.000000
572789.000000
573571.000000
574369.000000
575165.000000
575973.000000
576774.000000
577576.000000
578378.000000
579167.000000
579949.000000
580733.000000
581504.000000
582258.000000
583011.000000
583761.000000
584533.000000
585297.000000
586075.000000
586852.000000
587618.000000
588395.000000
589182.000000
589955.000000
590726.000000
591486.000000
592266.000000
593044.000000
593819.000000
594589.000000
595387.000000
596184.000000
596986.000000
597778.000000
598597.000000
599410.000000
600219.000000
601031.000000
601837.000000
602642.000000
603460.000000
604269.000000
605076.000000
605840.000000
606617.000000
607401.000000
608184.000000
608949.000000
609740.000000
610536.000000
611332.000000
612124.000000
612913.000000
613703.000000
614496.000000
615279.000000
616054.000000
616817.000000
617595.000000
618342.000000
619102.000000
619846.000000
620592.000000
621321.000000
622049.000000
622784.000000
623541.000000
624297.000000
625070.000000
625839.000000
626624.000000
627412.000000
628203.000000
628985.000000
629771.000000
630567.000000
631357.000000
632147.000000
632935.000000
633747.000000
634562.000000
635377.000000
636175.000000
636982.000000
637800.000000
638606.000000
639397.000000
640175.000000
640966.000000
641740.000000
642518.000000
643282.000000
644049.000000
644825.000000
645597.000000
646369.000000
647130.000000
647911.000000
648684.000000
649456.000000
650216.000000
650992.000000
651763.000000
652529.000000
653281.000000
654034.000000
654804.000000
655566.000000
656333.000000
657090.000000
657872.000000
658657.000000
659444.000000
660225.000000
661006.000000
661801.000000
662588.000000
663361.000000
664128.000000
664912.000000
665683.000000
666447.000000
667209.000000
667989.000000
668759.000000
669532.000000
670294.000000
671069.000000
671839.000000
672607.000000
673361.000000
674126.000000
674897.000000
675671.000000
676441.000000
677215.000000
678005.000000
678788.000000
679561.000000
680331.000000
681112.000000
681883.000000
682647.000000
683405.000000
684180.000000
684945.000000
685709.000000
686470.000000
687250.000000
688021.000000
688792.000000
689558.000000
690349.000000
691133.000000
691920.000000
692696.000000
693484.000000
694274.000000
695056.000000
695827.000000
696601.000000
697382.000000
698164.000000
698937.000000
699707.000000
700492.000000
701270.000000
702049.000000
702821.000000
703612.000000
704393.000000
705167.000000
705929.000000
706706.000000
707480.000000
708260.000000
709029.000000
709811.000000
710597.000000
711378.000000
712151.000000
712924.000000
713701.000000
714471.000000
715230.000000
715994.000000
716767.000000
717537.000000
718304.000000
719072.000000
719857.000000
720634.000000
721411.000000
722180.000000
722965.000000
723745.000000
724519.000000
725289.000000
726079.000000
726862.000000
727646.000000
728423.000000
729216.000000
730002.000000
730786.000000
731556.000000
732343.000000
733122.000000
733899.000000
734664.000000
735451.000000
736234.000000
737021.000000
737797.000000
738579.000000
739372.000000
740164.000000
740949.000000
741723.000000
742512.000000
743291.000000
744071.000000
744849.000000
745645.000000
746435.000000
747227.000000
748009.000000
748812.000000
749610.000000
750401.000000
751182.000000
751984.000000
752778.000000
753581.000000
754368.000000
755174.000000
755970.000000
756766.000000
757558.000000
758345.000000
759148.000000
759947.000000
760761.000000
761565.000000
762371.000000
763185.000000
763998.000000
764788.000000
765585.000000
766379.000000
767171.000000
767944.000000
768733.000000
769528.000000
770322.000000
771115.000000
771901.000000
772698.000000
773485.000000
774251.000000
775021.000000
775789.000000
776538.000000
777281.000000
778023.000000
778746.000000
779443.000000
780141.000000
780822.000000
781490.000000
782159.000000
782819.000000
783476.000000
784140.000000
784795.000000
785448.000000
786113.000000
786792.000000
787488.000000
788211.000000
788949.000000
789703.000000
790470.000000
791236.000000
792018.000000
792796.000000
793570.000000
794330.000000
795096.000000
795862.000000
796633.000000
797404.000000
798181.000000
798978.000000
799786.000000
800590.000000
801388.000000
802207.000000
803024.000000
803842.000000
804636.000000
805436.000000
806226.000000
807019.000000
807795.000000
808588.000000
809384.000000
810188.000000
810991.000000
811795.000000
812600.000000
813396.000000
814169.000000
814932.000000
815676.000000
816420.000000
817175.000000
817923.000000
818650.000000
819394.000000
820136.000000
820867.000000
821606.000000
822360.000000
823108.000000
823861.000000
824618.000000
825384.000000
826155.000000
826923.000000
827715.000000
828507.000000
829312.000000
830112.000000
830910.000000
831710.000000
832513.000000
833317.000000
834113.000000
834911.000000
835715.000000
836519.000000
837317.000000
838118.000000
838925.000000
839735.000000
840541.000000
841343.000000
842146.000000
842947.000000
843742.000000
844534.000000
845326.000000
846075.000000
846801.000000
847532.000000
848256.000000
849014.000000
849772.000000
850530.000000
851288.000000
852057.000000
852827.000000
853594.000000
854378.000000
855156.000000
855935.000000
856697.000000
857474.000000
858250.000000
859034.000000
859820.000000
860604.000000
861407.000000
862208.000000
863002.000000
863778.000000
864578.000000
865366.000000
866150.000000
866916.000000
867701.000000
868478.000000
869255.000000
870019.000000
870802.000000
871591.000000
872382.000000
873159.000000
873935.000000
874722.000000
875503.000000
876275.000000
877050.000000
877838.000000
878626.000000
879412.000000
880190.000000
880982.000000
881765.000000
882549.000000
883321.000000
884109.000000
884909.000000
885716.000000
886514.000000
887308.000000
888101.000000
888901.000000
889701.000000
890498.000000
891291.000000
892087.000000
892881.000000
893671.000000
894460.000000
895250.000000
896042.000000
896834.000000
897620.000000
898408.000000
899201.000000
899994.000000
900782.000000
901570.000000
902361.000000
903154.000000
903943.000000
904731.000000
905522.000000
906314.000000
907105.000000
907892.000000
908684.000000
909478.000000
910274.000000
911066.000000
911859.000000
912655.000000
913452.000000
914250.000000
915044.000000
915840.000000
916640.000000
917440.000000
918236.000000
919029.000000
919827.000000
920623.000000
921417.000000
922209.000000
923005.000000
923802.000000
924599.000000
925395.000000
926191.000000
926982.000000
927772.000000
928561.000000
929348.000000
930131.000000
930914.000000
931696.000000
932479.000000
933257.000000
934036.000000
934817.000000
935599.000000
936380.000000
937157.000000
937937.000000
938721.000000
939505.000000
940287.000000
941070.000000
941855.000000
942639.000000
943402.000000
944147.000000
944892.000000
945622.000000
946358.000000
947096.000000
947854.000000
948620.000000
949394.000000
950170.000000
950945.000000
951739.000000
952530.000000
953318.000000
954103.000000
954908.000000
955703.000000
956504.000000
957298.000000
958095.000000
958893.000000
959689.000000
960486.000000
961283.000000
962083.000000
962870.000000
963666.000000
964458.000000
965257.000000
966049.000000
966848.000000
967646.000000
968448.000000
969245.000000
970044.000000
970846.000000
971650.000000
972449.000000
973251.000000
974054.000000
974858.000000
975657.000000
976459.000000
977262.000000
978065.000000
978861.000000
979658.000000
980458.000000
981260.000000
982056.000000
982852.000000
983650.000000
984451.000000
985244.000000
986041.000000
986839.000000
987637.000000
988433.000000
989226.000000
990022.000000
990818.000000
991613.000000
992404.000000
993199.000000
994000.000000
994803.000000
995600.000000
996399.000000
997201.000000
998003.000000
998801.000000
999598.000000
1000395.000000
1001193.000000
1001988.000000
1002783.000000
1003575.000000
1004366.000000
1005161.000000
1005958.000000
1006752.000000
1007516.000000
1008264.000000
1009002.000000
1009732.000000
1010481.000000
1011226.000000
1011979.000000
1012745.000000
1013507.000000
1014280.000000
1015059.000000
1015838.000000
1016621.000000
1017389.000000
1018168.000000
1018939.000000
1019708.000000
1020466.000000
1021241.000000
1022012.000000
1022787.000000
1023550.000000
1024332.000000
1025115.000000
1025896.000000
1026672.000000
1027450.000000
1028238.000000
1029023.000000
1029807.000000
1030577.000000
1031366.000000
1032149.000000
1032937.000000
1033713.000000
1034511.000000
1035301.000000
1036084.000000
1036863.000000
1037656.000000
1038448.000000
1039235.000000
1040016.000000
1040811.000000
1041603.000000
1042389.000000
1043166.000000
1043955.000000
1044667.000000
1045505.000000
1046290.000000
1046750.000000
1047564.000000
1048371.000000
1049171.000000
1049967.000000
1050763.000000
1051560.000000
1052358.000000
1053147.000000
1053938.000000
1054730.000000
1055518.000000
1056304.000000
1057090.000000
1057859.000000
1058596.000000
1059318.000000
1060031.000000
1060739.000000
1061449.000000
1062162.000000
1062895.000000
1063630.000000
1064367.000000
1065114.000000
1065851.000000
1066604.000000
1067359.000000
1068118.000000
1068872.000000
1069323.000000
1069708.000000
1070641.000000
1071411.000000
1072148.000000
1072900.000000
1073638.000000
1074384.000000
1075134.000000
1075891.000000
1076676.000000
1077471.000000
1078267.000000
1079050.000000
1079847.000000
1080633.000000
1081402.000000
1082169.000000
1082938.000000
1083701.000000
1084453.000000
1085200.000000
1085963.000000
1086718.000000
1087479.000000
1088233.000000
1089005.000000
1089779.000000
1090557.000000
1091322.000000
1092100.000000
1092876.000000
1093648.000000
1094412.000000
1095171.000000
1095950.000000
1096729.000000
1097501.000000
1098274.000000
1099070.000000
1099862.000000
1100652.000000
1101443.000000
1102250.000000
1103047.000000
1103831.000000
1104603.000000
1105379.000000
1106148.000000
1106910.000000
1107663.000000
1108433.000000
1109201.000000
1109969.000000
1110728.000000
1111510.000000
1112287.000000
1113055.000000
1113812.000000
1114584.000000
1115342.000000
1116096.000000
1116839.000000
1117598.000000
1118350.000000
1119112.000000
1119867.000000
1120639.000000
1121421.000000
1122196.000000
1122966.000000
1123724.000000
1124500.000000
1125272.000000
1126034.000000
1126794.000000
1127574.000000
1128343.000000
1129117.000000
1129880.000000
1130649.000000
1131422.000000
1132192.000000
1132955.000000
1133729.000000
1134512.000000
1135296.000000
1136068.000000
1136846.000000
1137630.000000
1138411.000000
1139180.000000
1139955.000000
1140736.000000
1141516.000000
1142282.000000
1143061.000000
1143843.000000
1144627.000000
1145404.000000
1146201.000000
1146993.000000
1147775.000000
1148555.000000
1149340.000000
1150114.000000
1150882.000000
1151642.000000
1152416.000000
1153189.000000
1153971.000000
1154737.000000
1155519.000000
1156295.000000
1157068.000000
1157835.000000
1158617.000000
1159397.000000
1160175.000000
1160946.000000
1161714.000000
1162489.000000
1163257.000000
1164024.000000
1164788.000000
1165567.000000
1166345.000000
1167116.000000
1167874.000000
1168650.000000
1169419.000000
1170189.000000
1170950.000000
1171721.000000
1172499.000000
1173284.000000
1174069.000000
1174848.000000
1175642.000000
1176426.000000
1177213.000000
1177998.000000
1178783.000000
1179572.000000
1180365.000000
1181155.000000
1181942.000000
1182733.000000
1183522.000000
1184310.000000
1185093.000000
1185879.000000
1186668.000000
1187454.000000
1188239.000000
1189025.000000
1189815.000000
1190602.000000
1191386.000000
1192173.000000
1192964.000000
1193754.000000
1194541.000000
1195331.000000
1196122.000000
1196914.000000
1197701.000000
1198486.000000
1199275.000000
1200065.000000
1200849.000000
1201635.000000
1202425.000000
1203214.000000
1203999.000000
1204783.000000
1205571.000000
1206359.000000
1207137.000000
1207916.000000
1208693.000000
1209466.000000
1210215.000000
1210946.000000
1211677.000000
1212419.000000
1213172.000000
1213921.000000
1214670.000000
1215423.000000
1216196.000000
1216976.000000
1217746.000000
1218515.000000
1219278.000000
1220046.000000
1220823.000000
1221597.000000
1222372.000000
1223165.000000
1223945.000000
1224726.000000
1225510.000000
1226296.000000
1227081.000000
1227871.000000
1228654.000000
1229437.000000
1230218.000000
1231002.000000
1231788.000000
1232573.000000
1233358.000000
1234143.000000
1234928.000000
1235710.000000
1236495.000000
1237282.000000
1238074.000000
1238861.000000
1239647.000000
1240433.000000
1241222.000000
1242010.000000
1242794.000000
1243586.000000
1244371.000000
1245158.000000
1245947.000000
1246735.000000
1247524.000000
1248306.000000
1249093.000000
1249880.000000
1250667.000000
1251445.000000
1252225.000000
1253010.000000
1253788.000000
1254565.000000
1255300.000000
1256005.000000
1256711.000000
1257425.000000
1258133.000000
1258862.000000
1259601.000000
1260338.000000
1261064.000000
1261790.000000
1262509.000000
1263241.000000
1263978.000000
1264737.000000
1265501.000000
1266268.000000
1267034.000000
1267798.000000
1268580.000000
1269355.000000
1270141.000000
1270918.000000
1271722.000000
1272516.000000
1273304.000000
1274089.000000
1274873.000000
1275661.000000
1276451.000000
1277240.000000
1278027.000000
1278818.000000
1279612.000000
1280404.000000
1281192.000000
1281980.000000
1282771.000000
1283563.000000
1284354.000000
1285142.000000
1285933.000000
1286726.000000
1287518.000000
1288304.000000
1289092.000000
1289884.000000
1290675.000000
1291464.000000
1292248.000000
1293035.000000
1293825.000000
1294612.000000
1295395.000000
1296183.000000
1296971.000000
1297757.000000
1298540.000000
1299326.000000
1300114.000000
1300903.000000
1301687.000000
1302470.000000
1303256.000000
1304044.000000
1304829.000000
1305614.000000
1306402.000000
1307192.000000
1307979.000000
1308766.000000
1309555.000000
1310345.000000
1311133.000000
1311917.000000
1312701.000000
1313489.000000
1314274.000000
1315055.000000
1315840.000000
1316628.000000
1317414.000000
1318195.000000
1318977.000000
1319762.000000
1320545.000000
1321324.000000
1322104.000000
1322887.000000
1323670.000000
1324450.000000
1325232.000000
1326019.000000
1326809.000000
1327592.000000
1328379.000000
1329167.000000
1329958.000000
1330745.000000
1331531.000000
1332320.000000
1333110.000000
1333897.000000
1334679.000000
1335466.000000
1336254.000000
1337043.000000
1337829.000000
1338615.000000
1339404.000000
1340195.000000
1340982.000000
1341769.000000
1342560.000000
1343352.000000
1344145.000000
1344936.000000
1345725.000000
1346517.000000
1347310.000000
1348097.000000
1348540.000000
1349698.000000
1350498.000000
1351284.000000
1352066.000000
1352851.000000
1353637.000000
1354421.000000
1355203.000000
1355986.000000
1356772.000000
1357557.000000
1358337.000000
1359118.000000
1359903.000000
1360686.000000
1361463.000000
1362241.000000
1363019.000000
1363797.000000
1364573.000000
1365348.000000
1366127.000000
1366906.000000
1367684.000000
1368458.000000
1369232.000000
1370009.000000
1370774.000000
1371522.000000
1372284.000000
1373044.000000
1373804.000000
1374560.000000
1375325.000000
1376092.000000
1376857.000000
1377607.000000
1378365.000000
1379122.000000
1379873.000000
1380618.000000
1381363.000000
1382120.000000
1382870.000000
1383617.000000
1384361.000000
1385119.000000
1385870.000000
1386620.000000
1387362.000000
1388113.000000
1388862.000000
1389608.000000
1390343.000000
1391086.000000
1391832.000000
1392573.000000
1393311.000000
1394051.000000
1394801.000000
1395548.000000
1396290.000000
1397026.000000
1397772.000000
1398507.000000
1399240.000000
1399965.000000
1400704.000000
1401438.000000
1402173.000000
1402906.000000
1403654.000000
1404409.000000
1405164.000000
1405907.000000
1406654.000000
1407387.000000
1408118.000000
1408835.000000
1409541.000000
1410261.000000
1410972.000000
1411686.000000
1412394.000000
1413120.000000
1413839.000000
1414568.000000
1415294.000000
1416030.000000
1416776.000000
1417520.000000
1418255.000000
1419004.000000
1419757.000000
1420502.000000
1421247.000000
1421995.000000
1422756.000000
1423512.000000
1424271.000000
1425023.000000
1425795.000000
1426559.000000
1427329.000000
1428090.000000
1428868.000000
1429642.000000
1430420.000000
1431190.000000
1431956.000000
1432737.000000
1433512.000000
1434289.000000
1435061.000000
1435835.000000
1436613.000000
1437391.000000
1438169.000000
1438943.000000
1439716.000000
1440492.000000
1441271.000000
1442053.000000
1442835.000000
1443613.000000
1444389.000000
1445170.000000
1445952.000000
1446736.000000
1447518.000000
1448298.000000
1449081.000000
1449865.000000
1450646.000000
1451426.000000
1452211.000000
1452998.000000
1453782.000000
1454565.000000
1455353.000000
1456143.000000
1456931.000000
1457716.000000
1458506.000000
1459298.000000
1460086.000000
1460871.000000
1461662.000000
1462454.000000
1463241.000000
1464026.000000
1464815.000000
1465604.000000
1466390.000000
1467175.000000
1467967.000000
1468758.000000
1469547.000000
1470334.000000
1471125.000000
1471918.000000
1472703.000000
1473489.000000
1474275.000000
1475062.000000
1475850.000000
1476637.000000
1477418.000000
1478199.000000
1478982.000000
1479766.000000
1480542.000000
1481318.000000
1482095.000000
1482877.000000
1483653.000000
1484431.000000
1485210.000000
1485989.000000
1486767.000000
1487547.000000
1488319.000000
1489090.000000
1489868.000000
1490607.000000
1491332.000000
1492057.000000
1492791.000000
1493547.000000
1494320.000000
1495076.000000
1495850.000000
1496640.000000
1497426.000000
1498202.000000
1498981.000000
1499761.000000
1500537.000000
1501316.000000
1502097.000000
1502879.000000
1503658.000000
1504436.000000
1505216.000000
1505997.000000
1506773.000000
1507547.000000
1508318.000000
1509085.000000
1509850.000000
1510622.000000
1511391.000000
1512161.000000
1512934.000000
1513712.000000
1514495.000000
1515274.000000
1516054.000000
1516837.000000
1517622.000000
1518400.000000
1519181.000000
1519962.000000
1520746.000000
1521525.000000
1522305.000000
1523089.000000
1523875.000000
1524656.000000
1525437.000000
1526219.000000
1527003.000000
1527781.000000
1528560.000000
1529342.000000
1530125.000000
1530903.000000
1531682.000000
1532462.000000
1533243.000000
1534025.000000
1534803.000000
1535584.000000
1536368.000000
1537154.000000
1537942.000000
1538724.000000
1539510.000000
1540300.000000
1541090.000000
1541876.000000
1542661.000000
1543449.000000
1544238.000000
1545024.000000
1545808.000000
1546595.000000
1547384.000000
1548169.000000
1548953.000000
1549740.000000
1550528.000000
1551314.000000
1552097.000000
1552883.000000
1553673.000000
1554464.000000
1555249.000000
1556036.000000
1556824.000000
1557613.000000
1558396.000000
1559180.000000
1559967.000000
1560755.000000
1561542.000000
1562324.000000
1563109.000000
1563897.000000
1564684.000000
1565471.000000
1566255.000000
1567038.000000
1567825.000000
1568612.000000
1569396.000000
1570180.000000
1570967.000000
1571754.000000
1572536.000000
1573316.000000
1574099.000000
1574881.000000
1575662.000000
1576441.000000
1577222.000000
1578003.000000
1578784.000000
1579561.000000
1580340.000000
1581123.000000
1581906.000000
1582681.000000
1583459.000000
1584240.000000
1585022.000000
1585800.000000
1586580.000000
1587364.000000
1588149.000000
1588931.000000
1589710.000000
1590493.000000
1591276.000000
1592056.000000
1592833.000000
1593613.000000
1594395.000000
1595173.000000
1595948.000000
1596724.000000
1597502.000000
1598279.000000
1599056.000000
1599830.000000
1600609.000000
1601391.000000
1602172.000000
1602948.000000
1603727.000000
1604508.000000
1605290.000000
1606066.000000
1606842.000000
1607620.000000
1608398.000000
1609151.000000
1609910.000000
1610667.000000
1611427.000000
1612183.000000
1612961.000000
1613740.000000
1614523.000000
1615293.000000
1616078.000000
1616855.000000
1617635.000000
1618415.000000
1619192.000000
1619968.000000
1620750.000000
1621535.000000
1622321.000000
1623100.000000
1623881.000000
1624665.000000
1625449.000000
1626229.000000
1627009.000000
1627793.000000
1628576.000000
1629335.000000
1630108.000000
1630887.000000
1631675.000000
1632447.000000
1633227.000000
1634011.000000
1634780.000000
1635545.000000
1636321.000000
1637081.000000
1637817.000000
1638586.000000
1639331.000000
1640064.000000
1640798.000000
1641529.000000
1642254.000000
1642979.000000
1643698.000000
1644399.000000
1645091.000000
1645776.000000
1646455.000000
1647122.000000
1647798.000000
1648458.000000
1649117.000000
1649779.000000
1650453.000000
1651139.000000
1651835.000000
1652546.000000
1653277.000000
1654020.000000
1654766.000000
1655519.000000
1656287.000000
1657066.000000
1657849.000000
1658618.000000
1659400.000000
1660179.000000
1660958.000000
1661729.000000
1662488.000000
1663265.000000
1664035.000000
1664802.000000
1665562.000000
1666343.000000
1667114.000000
1667890.000000
1668646.000000
1669426.000000
1670190.000000
1670959.000000
1671726.000000
1672487.000000
1673262.000000
1674024.000000
1674785.000000
1675537.000000
1676294.000000
1677060.000000
1677824.000000
1678596.000000
1679357.000000
1680137.000000
1680906.000000
1681674.000000
1682431.000000
1683197.000000
1683962.000000
1684723.000000
1685478.000000
1686233.000000
1687000.000000
1687768.000000
1688541.000000
1689306.000000
1690088.000000
1690860.000000
1691632.000000
1692391.000000
1693171.000000
1693938.000000
1694703.000000
1695460.000000
1696237.000000
1697014.000000
1697791.000000
1698561.000000
1699352.000000
1700137.000000
1700915.000000
1701691.000000
1702484.000000
1703268.000000
1704051.000000
1704834.000000
1705604.000000
1706388.000000
1707168.000000
1707951.000000
1708723.000000
1709513.000000
1710299.000000
1711087.000000
1711873.000000
1712651.000000
1713431.000000
1714213.000000
1714995.000000
1715775.000000
1716550.000000
1717333.000000
1718117.000000
1718898.000000
1719678.000000
1720464.000000
1721252.000000
1722039.000000
1722819.000000
1723601.000000
1724386.000000
1725172.000000
1725654.000000
1726751.000000
1727549.000000
1728339.000000
1729126.000000
1729911.000000
1730693.000000
1731481.000000
1732270.000000
1733056.000000
1733839.000000
1734622.000000
1735411.000000
1736196.000000
1736981.000000
1737769.000000
1738554.000000
1739339.000000
1740070.000000
1740808.000000
1741543.000000
1742262.000000
1742964.000000
1743653.000000
1744332.000000
1744996.000000
1745663.000000
1746317.000000
1746966.000000
1747607.000000
1748259.000000
1748926.000000
1749604.000000
1750288.000000
1750979.000000
1751681.000000
1752392.000000
1753115.000000
1753842.000000
1754552.000000
1755275.000000
1756001.000000
1756719.000000
1757437.000000
1758139.000000
1758845.000000
1759564.000000
1760305.000000
1761034.000000
1761775.000000
1762525.000000
1763270.000000
1764022.000000
1764783.000000
1765549.000000
1766331.000000
1767099.000000
1767880.000000
1768676.000000
1769471.000000
1770274.000000
1771065.000000
1771854.000000
1772647.000000
1773443.000000
1774240.000000
1775036.000000
1775832.000000
1776622.000000
1777414.000000
1778207.000000
1778990.000000
1779759.000000
1780542.000000
1781335.000000
1782130.000000
1782923.000000
1783700.000000
1784499.000000
1785299.000000
1786095.000000
1786892.000000
1787663.000000
1788450.000000
1789222.000000
1789991.000000
1790758.000000
1791515.000000
1792281.000000
1793056.000000
1793837.000000
1794625.000000
1795399.000000
1796182.000000
1796970.000000
1797751.000000
1798513.000000
1799281.000000
1800050.000000
1800815.000000
1801583.000000
1802339.000000
1803104.000000
1803872.000000
1804637.000000
1805414.000000
1806184.000000
