Peaks (s)
1269.000000
2214.000000
3218.000000
4155.000000
5125.000000
6076.000000
6939.000000
7828.000000
8705.000000
9539.000000
10419.000000
11370.000000
12284.000000
13269.000000
14298.000000
15203.000000
16142.000000
17042.000000
17916.000000
18819.000000
19732.000000
20612.000000
21549.000000
22452.000000
23328.000000
24294.000000
25237.000000
26091.000000
26983.000000
27875.000000
28741.000000
29691.000000
30689.000000
31613.000000
32590.000000
33578.000000
34511.000000
35485.000000
36432.000000
37368.000000
38353.000000
39275.000000
40269.000000
41302.000000
42208.000000
43151.000000
44072.000000
44928.000000
45848.000000
46833.000000
47729.000000
48699.000000
49675.000000
50583.000000
51550.000000
52497.000000
53374.000000
54315.000000
55256.000000
56114.000000
57033.000000
57948.000000
58817.000000
59781.000000
60741.000000
61644.000000
62620.000000
63547.000000
64409.000000
65317.000000
66212.000000
67061.000000
68012.000000
68914.000000
69763.000000
70661.000000
71567.000000
72431.000000
73347.000000
74236.000000
75074.000000
75973.000000
76909.000000
77792.000000
78709.000000
79635.000000
80502.000000
81411.000000
82351.000000
83235.000000
84119.000000
85002.000000
85824.000000
86675.000000
87530.000000
88373.000000
89257.000000
90229.000000
91177.000000
92102.000000
93032.000000
93895.000000
94799.000000
95763.000000
96642.000000
97552.000000
98433.000000
99272.000000
100135.000000
101049.000000
101905.000000
102881.000000
103859.000000
104755.000000
105691.000000
106611.000000
107480.000000
108428.000000
109399.000000
110343.000000
111388.000000
112363.000000
113334.000000
114308.000000
115223.000000
116164.000000
117073.000000
117921.000000
118847.000000
119822.000000
120715.000000
121715.000000
122686.000000
123624.000000
124679.000000
125625.000000
126547.000000
127520.000000
128417.000000
129302.000000
130290.000000
131174.000000
132130.000000
133135.000000
134031.000000
135003.000000
135943.000000
136824.000000
137775.000000
138703.000000
139598.000000
140556.000000
141475.000000
142408.000000
143379.000000
144273.000000
145165.000000
146124.000000
146995.000000
147899.000000
148840.000000
149705.000000
150630.000000
151592.000000
152467.000000
153397.000000
154306.000000
155194.000000
156175.000000
157114.000000
158004.000000
158946.000000
159825.000000
160678.000000
161585.000000
162454.000000
163312.000000
164233.000000
165123.000000
166025.000000
166967.000000
167871.000000
168772.000000
169726.000000
170598.000000
171463.000000
172341.000000
173180.000000
174061.000000
175063.000000
175977.000000
176942.000000
177965.000000
178851.000000
179791.000000
180704.000000
181556.000000
182457.000000
183381.000000
184247.000000
185184.000000
186188.000000
187076.000000
187916.000000
188722.000000
189542.000000
190690.000000
191747.000000
192730.000000
193680.000000
194661.000000
195680.000000
196615.000000
197590.000000
198578.000000
199500.000000
200485.000000
201470.000000
202386.000000
203361.000000
204300.000000
205267.000000
206228.000000
207158.000000
208135.000000
209083.000000
210017.000000
210911.000000
211779.000000
212638.000000
213526.000000
214437.000000
215331.000000
216339.000000
217289.000000
218215.000000
219236.000000
220131.000000
221096.000000
222042.000000
222921.000000
223860.000000
224780.000000
225657.000000
226591.000000
227512.000000
228415.000000
229373.000000
230259.000000
231163.000000
232112.000000
232972.000000
233858.000000
234787.000000
235664.000000
236593.000000
237599.000000
238514.000000
239561.000000
240535.000000
241455.000000
242429.000000
243356.000000
244249.000000
245189.000000
246089.000000
246972.000000
247933.000000
248824.000000
249736.000000
250710.000000
251625.000000
252583.000000
253610.000000
254485.000000
255416.000000
256326.000000
257178.000000
258075.000000
259011.000000
259913.000000
260923.000000
261886.000000
262803.000000
263730.000000
264599.000000
265482.000000
266419.000000
267327.000000
268318.000000
269357.000000
270338.000000
271401.000000
272351.000000
273346.000000
274352.000000
275270.000000
276229.000000
277133.000000
277986.000000
278849.000000
279696.000000
280541.000000
281501.000000
282550.000000
283489.000000
284618.000000
285550.000000
286527.000000
287464.000000
288314.000000
289244.000000
290155.000000
291011.000000
291920.000000
292808.000000
293693.000000
294660.000000
295576.000000
296503.000000
297610.000000
298570.000000
299595.000000
300551.000000
301461.000000
302427.000000
303339.000000
304216.000000
305143.000000
306022.000000
306891.000000
307843.000000
308744.000000
309661.000000
310633.000000
311513.000000
312444.000000
313400.000000
314274.000000
315209.000000
316140.000000
317023.000000
318005.000000
318972.000000
319951.000000
321075.000000
321989.000000
322967.000000
323917.000000
324795.000000
325766.000000
326746.000000
327782.000000
328891.000000
329852.000000
330879.000000
331854.000000
332751.000000
333691.000000
334592.000000
335484.000000
336438.000000
337309.000000
338219.000000
339167.000000
340012.000000
340882.000000
341759.000000
342616.000000
343606.000000
344661.000000
345601.000000
346711.000000
347805.000000
348827.000000
349881.000000
350809.000000
351752.000000
352793.000000
353710.000000
354673.000000
355653.000000
356541.000000
357464.000000
358403.000000
359267.000000
360197.000000
361115.000000
361993.000000
362937.000000
363852.000000
364783.000000
365753.000000
366638.000000
367550.000000
368460.000000
369380.000000
370487.000000
371409.000000
372400.000000
373387.000000
374294.000000
375267.000000
376277.000000
377356.000000
378486.000000
379489.000000
380501.000000
381498.000000
382409.000000
383365.000000
384300.000000
385191.000000
386258.000000
387268.000000
388276.000000
389362.000000
390319.000000
391401.000000
392423.000000
393401.000000
394474.000000
395395.000000
396314.000000
397259.000000
398143.000000
399036.000000
399870.000000
400691.000000
401566.000000
402456.000000
403706.000000
404700.000000
405800.000000
406849.000000
407767.000000
408750.000000
409747.000000
410686.000000
411772.000000
412755.000000
413779.000000
414822.000000
415768.000000
416781.000000
417804.000000
418762.000000
419814.000000
420836.000000
421879.000000
422969.000000
423998.000000
425072.000000
426147.000000
427149.000000
428229.000000
429250.000000
430237.000000
431274.000000
432248.000000
433262.000000
434267.000000
435214.000000
436225.000000
437206.000000
438157.000000
439164.000000
440129.000000
441065.000000
442046.000000
442983.000000
443948.000000
444987.000000
445990.000000
447003.000000
448039.000000
449006.000000
450019.000000
451025.000000
451977.000000
452980.000000
453954.000000
454901.000000
455867.000000
456780.000000
457692.000000
458656.000000
459633.000000
460606.000000
461702.000000
462724.000000
463668.000000
464692.000000
465727.000000
466685.000000
467637.000000
468631.000000
469607.000000
470533.000000
471472.000000
472444.000000
473377.000000
474286.000000
475242.000000
476205.000000
477120.000000
478059.000000
479048.000000
480013.000000
480940.000000
481900.000000
482890.000000
483813.000000
484768.000000
485753.000000
486673.000000
487627.000000
488616.000000
489553.000000
490537.000000
491529.000000
492472.000000
493475.000000
494459.000000
495402.000000
496396.000000
497358.000000
498296.000000
499266.000000
500185.000000
501069.000000
502087.000000
503105.000000
504019.000000
505016.000000
505970.000000
506849.000000
507760.000000
508712.000000
509578.000000
510506.000000
511422.000000
512281.000000
513231.000000
514283.000000
515239.000000
516319.000000
517311.000000
518292.000000
519310.000000
520198.000000
521076.000000
521992.000000
522813.000000
523757.000000
524803.000000
525715.000000
526779.000000
527766.000000
528697.000000
529783.000000
530726.000000
531657.000000
532665.000000
533552.000000
534460.000000
535377.000000
536220.000000
537154.000000
538291.000000
539247.000000
540325.000000
541354.000000
542248.000000
543267.000000
544291.000000
545268.000000
546267.000000
547212.000000
548138.000000
549140.000000
550120.000000
551034.000000
552014.000000
552931.000000
553824.000000
554823.000000
555742.000000
556700.000000
557731.000000
558638.000000
559570.000000
560528.000000
561432.000000
562407.000000
563416.000000
564336.000000
565308.000000
566277.000000
567148.000000
568064.000000
569014.000000
569880.000000
570813.000000
571812.000000
572701.000000
573651.000000
574640.000000
575576.000000
576581.000000
577575.000000
578493.000000
579539.000000
580544.000000
581484.000000
582574.000000
583588.000000
584539.000000
585526.000000
586477.000000
587394.000000
588376.000000
589310.000000
590232.000000
591191.000000
592087.000000
592988.000000
593984.000000
594884.000000
595871.000000
596899.000000
597805.000000
598772.000000
599751.000000
600607.000000
601433.000000
602227.000000
603024.000000
604174.000000
605313.000000
606416.000000
607394.000000
608429.000000
609497.000000
610486.000000
611523.000000
612556.000000
613546.000000
614573.000000
615609.000000
616605.000000
617620.000000
618633.000000
619601.000000
620592.000000
621570.000000
622536.000000
623538.000000
624527.000000
625450.000000
626424.000000
627393.000000
628338.000000
629388.000000
630344.000000
631286.000000
632286.000000
633195.000000
634141.000000
635080.000000
635950.000000
636854.000000
637822.000000
638761.000000
639728.000000
640748.000000
641671.000000
642611.000000
643592.000000
644434.000000
645311.000000
646139.000000
646944.000000
647786.000000
648635.000000
649477.000000
650477.000000
651681.000000
652728.000000
653663.000000
654607.000000
655613.000000
656634.000000
657574.000000
658499.000000
659465.000000
660490.000000
661488.000000
662450.000000
663443.000000
664495.000000
665507.000000
666476.000000
667495.000000
668513.000000
669474.000000
670445.000000
671463.000000
672466.000000
673431.000000
674444.000000
675466.000000
676461.000000
677465.000000
678465.000000
679424.000000
680408.000000
681390.000000
682361.000000
683365.000000
684396.000000
685381.000000
686407.000000
687409.000000
688339.000000
689231.000000
690133.000000
691097.000000
692202.000000
693218.000000
694310.000000
695378.000000
696459.000000
697590.000000
698655.000000
699738.000000
700768.000000
701665.000000
702622.000000
703728.000000
704698.000000
705825.000000
706806.000000
707797.000000
708794.000000
709735.000000
710653.000000
711616.000000
712506.000000
713472.000000
714460.000000
715383.000000
716376.000000
717361.000000
718271.000000
719269.000000
720179.000000
721070.000000
722067.000000
723064.000000
723969.000000
724906.000000
725905.000000
726846.000000
727758.000000
728724.000000
729719.000000
730633.000000
731545.000000
732506.000000
733497.000000
734436.000000
735405.000000
736543.000000
737570.000000
738538.000000
739546.000000
740535.000000
741441.000000
742396.000000
743411.000000
744335.000000
745341.000000
746378.000000
747312.000000
748385.000000
749328.000000
750273.000000
751237.000000
752214.000000
753449.000000
754598.000000
755627.000000
756713.000000
757748.000000
758734.000000
759759.000000
760738.000000
761733.000000
762764.000000
763749.000000
764767.000000
765784.000000
766736.000000
767739.000000
768714.000000
769649.000000
770638.000000
771605.000000
772552.000000
773547.000000
774490.000000
775466.000000
776458.000000
777384.000000
778369.000000
779334.000000
780259.000000
781238.000000
782187.000000
783129.000000
784122.000000
785069.000000
785993.000000
786969.000000
787932.000000
788857.000000
789824.000000
790786.000000
791723.000000
792702.000000
793667.000000
794604.000000
795604.000000
796583.000000
797549.000000
798541.000000
799473.000000
800420.000000
801400.000000
802342.000000
803281.000000
804276.000000
805249.000000
806212.000000
807216.000000
808167.000000
809136.000000
810119.000000
811054.000000
812016.000000
812991.000000
813901.000000
814866.000000
815823.000000
816767.000000
817745.000000
818689.000000
819640.000000
820632.000000
821595.000000
822544.000000
823535.000000
824472.000000
825418.000000
826388.000000
827308.000000
828254.000000
829217.000000
830129.000000
831088.000000
832040.000000
832964.000000
833925.000000
834861.000000
835735.000000
836658.000000
837576.000000
838419.000000
839438.000000
840403.000000
841332.000000
842339.000000
843314.000000
844239.000000
845202.000000
846137.000000
847003.000000
847973.000000
848922.000000
849825.000000
850809.000000
851780.000000
852657.000000
853570.000000
854610.000000
855623.000000
856506.000000
857388.000000
858448.000000
859438.000000
860366.000000
861327.000000
862338.000000
863269.000000
864174.000000
865148.000000
866159.000000
867113.000000
868095.000000
869048.000000
869928.000000
870872.000000
871830.000000
872714.000000
873649.000000
874657.000000
875534.000000
876434.000000
877348.000000
878198.000000
879170.000000
880211.000000
881099.000000
882040.000000
883028.000000
883912.000000
884811.000000
885704.000000
886554.000000
887458.000000
888450.000000
889403.000000
890387.000000
891398.000000
892287.000000
893216.000000
894119.000000
894970.000000
895864.000000
896742.000000
897599.000000
898493.000000
899424.000000
900306.000000
901272.000000
902271.000000
903219.000000
904257.000000
905284.000000
906269.000000
907278.000000
908272.000000
909184.000000
910121.000000
911102.000000
912036.000000
913004.000000
913995.000000
914891.000000
915881.000000
916855.000000
917803.000000
918882.000000
919882.000000
920812.000000
921835.000000
922811.000000
923743.000000
924646.000000
925542.000000
926411.000000
927451.000000
928531.000000
929489.000000
930579.000000
931536.000000
932533.000000
933542.000000
934440.000000
935377.000000
936327.000000
937160.000000
938050.000000
938997.000000
939897.000000
940947.000000
941998.000000
942960.000000
943996.000000
944946.000000
945894.000000
946872.000000
947772.000000
948683.000000
949623.000000
950522.000000
951476.000000
952523.000000
953472.000000
954536.000000
955561.000000
956512.000000
957547.000000
958453.000000
959375.000000
960341.000000
961244.000000
962199.000000
963213.000000
964168.000000
965169.000000
966146.000000
967079.000000
968050.000000
968938.000000
969833.000000
970827.000000
971790.000000
972660.000000
973488.000000
974307.000000
975489.000000
976568.000000
977637.000000
978639.000000
979692.000000
980726.000000
981710.000000
982706.000000
983686.000000
984637.000000
985630.000000
986632.000000
987623.000000
988666.000000
989675.000000
990690.000000
991700.000000
992635.000000
993618.000000
994602.000000
995523.000000
996500.000000
997546.000000
998539.000000
999531.000000
1000609.000000
1001664.000000
1002710.000000
1003768.000000
1004749.000000
1005779.000000
1006773.000000
1007696.000000
1008605.000000
1009515.000000
1010607.000000
1011633.000000
1012747.000000
1013794.000000
1014858.000000
1015923.000000
1016918.000000
1017944.000000
1018941.000000
1019901.000000
1020899.000000
1021879.000000
1022819.000000
1023822.000000
1024816.000000
1025776.000000
1026800.000000
1027794.000000
1028759.000000
1029763.000000
1030735.000000
1031690.000000
1032668.000000
1033603.000000
1034561.000000
1035554.000000
1036506.000000
1037525.000000
1038534.000000
1039497.000000
1040505.000000
1041482.000000
1042450.000000
1043450.000000
1044391.000000
1045382.000000
1046353.000000
1047289.000000
1048279.000000
1049233.000000
1050159.000000
1051074.000000
1052063.000000
1052972.000000
1054021.000000
1055007.000000
1055964.000000
1056986.000000
1057915.000000
1058831.000000
1059786.000000
1060657.000000
1061563.000000
1062552.000000
1063519.000000
1064515.000000
1065598.000000
1066531.000000
1067544.000000
1068500.000000
1069433.000000
1070403.000000
1071345.000000
1072323.000000
1073407.000000
1074358.000000
1075376.000000
1076373.000000
1077339.000000
1078358.000000
1079343.000000
1080268.000000
1081101.000000
1082069.000000
1083093.000000
1084075.000000
1085018.000000
1085988.000000
1086996.000000
1087967.000000
1088945.000000
1089963.000000
1090946.000000
1091931.000000
1092953.000000
1093937.000000
1094909.000000
1095908.000000
1096886.000000
1097857.000000
1098848.000000
1099800.000000
1100803.000000
1101817.000000
1102773.000000
1103780.000000
1104777.000000
1105735.000000
1106706.000000
1107585.000000
1108442.000000
1109450.000000
1110506.000000
1111668.000000
1112893.000000
1113945.000000
1114979.000000
1116012.000000
1116944.000000
1117951.000000
1118926.000000
1119822.000000
1120774.000000
1121666.000000
1122540.000000
1123457.000000
1124368.000000
1125249.000000
1126214.000000
1127131.000000
1128060.000000
1129088.000000
1129962.000000
1130872.000000
1131794.000000
1132641.000000
1133528.000000
1134450.000000
1135326.000000
1136181.000000
1137013.000000
1137841.000000
1139001.000000
1140128.000000
1141210.000000
1142214.000000
1143173.000000
1144230.000000
1145305.000000
1146368.000000
1147407.000000
1148435.000000
1149410.000000
1150409.000000
1151411.000000
1152414.000000
1153389.000000
1154285.000000
1155112.000000
1155994.000000
1156890.000000
1157935.000000
1158975.000000
1159970.000000
1160979.000000
1161929.000000
1162874.000000
1163838.000000
1164819.000000
1165746.000000
1166755.000000
1167809.000000
1168806.000000
1169779.000000
1170730.000000
1171715.000000
1172750.000000
1173669.000000
1174683.000000
1175771.000000
1176784.000000
1177796.000000
1178846.000000
1179847.000000
1180871.000000
1181884.000000
1182840.000000
1183826.000000
1184772.000000
1185672.000000
1186655.000000
1187653.000000
1188607.000000
1189579.000000
1190576.000000
1191497.000000
1192442.000000
1193335.000000
1194177.000000
1195022.000000
