Peaks (s)
537.000000
1286.000000
2000.000000
2711.000000
3474.000000
4246.000000
5007.000000
5746.000000
6500.000000
7294.000000
8028.000000
8758.000000
9476.000000
10245.000000
11028.000000
11780.000000
12546.000000
13337.000000
14110.000000
14882.000000
15595.000000
16300.000000
17030.000000
17790.000000
18533.000000
19300.000000
20099.000000
20878.000000
21642.000000
22381.000000
23098.000000
23770.000000
24456.000000
25139.000000
25816.000000
26519.000000
27256.000000
27978.000000
28664.000000
29347.000000
30078.000000
30870.000000
31627.000000
32359.000000
33112.000000
33894.000000
34672.000000
35413.000000
36131.000000
36864.000000
37663.000000
38521.000000
39304.000000
40063.000000
40880.000000
41721.000000
42487.000000
43230.000000
43996.000000
44798.000000
45550.000000
46291.000000
47104.000000
47974.000000
48790.000000
49587.000000
50464.000000
51321.000000
52086.000000
52828.000000
53634.000000
54436.000000
55183.000000
55962.000000
57019.000000
57935.000000
58724.000000
59520.000000
60339.000000
61130.000000
61890.000000
62675.000000
63500.000000
64307.000000
65086.000000
65896.000000
66753.000000
67597.000000
68376.000000
69175.000000
69998.000000
70781.000000
71532.000000
72320.000000
73186.000000
74021.000000
74788.000000
75567.000000
76342.000000
77120.000000
77889.000000
78677.000000
79522.000000
80373.000000
81187.000000
82136.000000
83067.000000
83903.000000
84656.000000
85408.000000
86157.000000
86929.000000
87689.000000
88516.000000
89528.000000
90437.000000
91204.000000
91935.000000
92647.000000
93343.000000
94045.000000
94778.000000
95595.000000
96406.000000
97145.000000
97896.000000
98680.000000
99476.000000
100220.000000
100957.000000
101701.000000
102499.000000
103286.000000
104046.000000
104885.000000
105725.000000
106490.000000
107229.000000
107992.000000
108754.000000
109513.000000
110250.000000
110965.000000
111705.000000
112499.000000
113253.000000
113958.000000
114645.000000
115339.000000
116051.000000
116755.000000
117448.000000
118166.000000
118975.000000
119754.000000
120473.000000
121191.000000
121912.000000
122629.000000
123312.000000
123978.000000
124635.000000
125279.000000
125909.000000
126530.000000
127213.000000
127912.000000
128633.000000
129386.000000
130120.000000
130816.000000
131493.000000
132186.000000
132880.000000
133551.000000
134212.000000
134877.000000
135554.000000
136264.000000
136960.000000
137669.000000
138403.000000
139125.000000
139821.000000
140506.000000
141193.000000
141897.000000
142593.000000
143285.000000
143989.000000
144706.000000
145416.000000
146103.000000
146807.000000
147555.000000
148311.000000
149015.000000
149704.000000
150392.000000
151073.000000
151747.000000
152425.000000
153136.000000
153932.000000
154690.000000
155404.000000
156096.000000
156799.000000
157510.000000
158194.000000
158870.000000
159573.000000
160355.000000
161140.000000
161890.000000
162611.000000
163351.000000
164118.000000
164879.000000
165607.000000
166316.000000
167061.000000
167814.000000
168530.000000
169229.000000
169948.000000
170683.000000
171399.000000
172109.000000
172854.000000
173608.000000
174326.000000
175018.000000
175732.000000
176522.000000
177288.000000
178000.000000
178714.000000
179448.000000
180185.000000
180906.000000
181617.000000
182339.000000
183073.000000
183783.000000
184465.000000
185159.000000
185893.000000
186615.000000
187325.000000
188083.000000
188913.000000
189750.000000
190493.000000
191233.000000
191976.000000
192681.000000
193378.000000
194086.000000
194807.000000
195530.000000
196245.000000
196982.000000
197725.000000
198434.000000
199141.000000
199880.000000
200654.000000
201396.000000
202107.000000
202831.000000
203576.000000
204306.000000
205009.000000
205717.000000
206458.000000
207194.000000
207902.000000
208620.000000
209353.000000
210087.000000
210808.000000
211558.000000
212367.000000
213154.000000
213923.000000
214669.000000
215412.000000
216194.000000
216924.000000
217626.000000
218327.000000
219063.000000
219839.000000
220586.000000
221336.000000
222123.000000
222921.000000
223663.000000
224393.000000
225133.000000
225845.000000
226533.000000
227243.000000
227977.000000
228735.000000
229487.000000
230271.000000
231039.000000
231771.000000
232481.000000
233204.000000
233951.000000
234679.000000
235383.000000
236080.000000
236806.000000
237563.000000
238304.000000
239028.000000
239792.000000
240581.000000
241329.000000
242069.000000
242818.000000
243558.000000
244270.000000
244996.000000
245768.000000
246553.000000
247307.000000
248066.000000
248833.000000
249639.000000
250406.000000
251161.000000
251971.000000
252796.000000
253587.000000
254344.000000
255117.000000
255946.000000
256806.000000
257585.000000
258313.000000
259055.000000
259906.000000
260730.000000
261477.000000
262233.000000
263063.000000
263856.000000
264586.000000
265306.000000
266043.000000
266765.000000
267476.000000
268174.000000
268871.000000
269571.000000
270419.000000
271283.000000
272036.000000
272747.000000
273484.000000
274296.000000
275157.000000
275931.000000
276673.000000
277458.000000
278309.000000
279181.000000
279948.000000
280735.000000
281685.000000
282554.000000
283305.000000
284042.000000
284826.000000
285747.000000
286542.000000
287280.000000
288031.000000
288857.000000
289677.000000
290435.000000
291186.000000
291968.000000
292748.000000
293491.000000
294220.000000
294982.000000
295787.000000
296583.000000
297337.000000
298055.000000
298805.000000
299681.000000
300461.000000
301183.000000
301891.000000
302630.000000
303394.000000
304136.000000
304873.000000
305662.000000
306455.000000
307219.000000
307953.000000
308684.000000
309428.000000
310155.000000
310848.000000
311537.000000
312254.000000
313041.000000
313789.000000
314512.000000
315201.000000
315897.000000
316635.000000
317352.000000
318050.000000
318785.000000
319576.000000
320325.000000
321050.000000
321803.000000
322539.000000
323270.000000
323962.000000
324637.000000
325305.000000
325977.000000
326678.000000
327385.000000
328069.000000
328774.000000
329509.000000
330248.000000
330950.000000
331655.000000
332377.000000
333104.000000
333796.000000
334492.000000
335200.000000
335933.000000
336661.000000
337393.000000
338170.000000
338992.000000
339749.000000
340491.000000
341247.000000
341977.000000
342679.000000
343366.000000
344069.000000
345128.000000
346089.000000
346918.000000
347699.000000
348507.000000
349340.000000
350143.000000
350904.000000
351652.000000
352451.000000
353314.000000
354161.000000
354951.000000
355736.000000
356550.000000
357344.000000
358118.000000
358842.000000
359561.000000
360255.000000
360997.000000
361728.000000
362452.000000
363291.000000
364149.000000
364898.000000
365623.000000
366367.000000
367124.000000
367854.000000
368553.000000
369263.000000
370016.000000
370820.000000
371584.000000
372329.000000
373159.000000
374023.000000
374779.000000
375497.000000
376230.000000
376998.000000
377759.000000
378499.000000
379309.000000
380212.000000
381007.000000
381748.000000
382486.000000
383222.000000
383937.000000
384643.000000
385377.000000
386148.000000
386902.000000
387626.000000
388383.000000
389173.000000
389946.000000
390740.000000
391474.000000
392162.000000
392827.000000
393485.000000
394135.000000
395139.000000
395926.000000
396688.000000
397492.000000
398317.000000
399078.000000
399817.000000
400554.000000
401284.000000
402022.000000
402731.000000
403433.000000
404190.000000
404970.000000
405707.000000
406429.000000
407188.000000
407958.000000
408724.000000
409467.000000
410285.000000
411115.000000
411863.000000
412574.000000
413292.000000
414029.000000
414781.000000
415528.000000
416268.000000
417127.000000
418044.000000
418822.000000
419537.000000
420276.000000
421033.000000
421764.000000
422467.000000
423174.000000
423927.000000
424724.000000
425472.000000
426213.000000
426985.000000
427787.000000
428561.000000
429320.000000
430062.000000
430791.000000
431521.000000
432270.000000
433046.000000
433802.000000
434526.000000
435274.000000
436083.000000
436899.000000
437629.000000
438347.000000
439089.000000
439856.000000
440587.000000
441333.000000
442132.000000
442937.000000
443705.000000
444473.000000
445341.000000
446128.000000
446837.000000
447523.000000
448210.000000
448957.000000
449811.000000
450582.000000
451335.000000
452135.000000
452907.000000
453647.000000
454377.000000
455129.000000
455879.000000
456601.000000
457331.000000
458068.000000
458819.000000
459531.000000
460266.000000
461029.000000
461773.000000
462511.000000
463269.000000
464101.000000
464836.000000
465532.000000
466226.000000
467042.000000
467920.000000
468708.000000
469452.000000
470248.000000
471074.000000
471849.000000
472576.000000
473323.000000
474085.000000
474838.000000
475563.000000
476294.000000
477086.000000
477889.000000
478655.000000
479431.000000
480251.000000
481084.000000
481831.000000
482541.000000
483291.000000
484071.000000
484826.000000
485548.000000
486315.000000
487206.000000
488061.000000
488799.000000
489502.000000
490219.000000
490959.000000
491675.000000
492401.000000
493220.000000
494127.000000
494892.000000
495616.000000
496337.000000
497058.000000
497768.000000
498487.000000
499244.000000
500039.000000
500786.000000
501536.000000
502313.000000
503074.000000
503804.000000
504545.000000
505327.000000
506091.000000
506823.000000
507547.000000
508291.000000
509037.000000
509778.000000
510528.000000
511256.000000
511960.000000
512709.000000
513540.000000
514327.000000
515054.000000
515756.000000
516474.000000
517250.000000
518015.000000
518730.000000
519453.000000
520198.000000
520971.000000
521705.000000
522457.000000
523236.000000
524025.000000
524769.000000
525494.000000
526252.000000
527015.000000
527765.000000
528465.000000
529148.000000
529856.000000
530847.000000
531764.000000
532535.000000
533282.000000
534125.000000
534969.000000
535732.000000
536445.000000
537158.000000
537900.000000
538697.000000
539477.000000
540259.000000
541256.000000
542194.000000
542951.000000
543663.000000
544374.000000
545089.000000
545809.000000
546528.000000
547279.000000
548087.000000
548869.000000
549624.000000
550417.000000
551211.000000
551956.000000
552687.000000
553433.000000
554214.000000
554954.000000
555676.000000
556445.000000
557200.000000
557919.000000
558615.000000
559320.000000
560078.000000
560873.000000
561633.000000
562359.000000
563131.000000
563980.000000
564869.000000
565636.000000
566379.000000
567148.000000
567917.000000
568686.000000
569432.000000
570210.000000
571050.000000
571841.000000
572616.000000
573398.000000
574257.000000
575124.000000
575883.000000
576602.000000
577373.000000
578261.000000
579056.000000
579787.000000
580517.000000
581327.000000
582149.000000
582944.000000
583741.000000
584600.000000
585436.000000
586197.000000
586911.000000
587632.000000
588425.000000
589218.000000
589991.000000
590743.000000
591517.000000
592342.000000
593109.000000
593837.000000
594614.000000
595421.000000
596244.000000
597022.000000
597781.000000
598551.000000
599358.000000
600124.000000
600887.000000
601719.000000
602604.000000
603392.000000
604175.000000
605006.000000
605786.000000
606531.000000
607313.000000
608127.000000
608920.000000
609681.000000
610666.000000
611629.000000
612404.000000
613136.000000
613884.000000
614629.000000
615355.000000
616110.000000
616976.000000
617793.000000
618523.000000
619220.000000
619925.000000
620690.000000
621533.000000
622424.000000
623288.000000
624254.000000
625158.000000
625940.000000
626692.000000
627571.000000
628527.000000
629396.000000
630164.000000
