Peaks (s)
491.000000
1329.000000
2205.000000
3100.000000
3934.000000
4797.000000
5709.000000
6646.000000
7501.000000
8302.000000
9151.000000
10062.000000
11001.000000
11853.000000
12725.000000
13575.000000
14383.000000
15220.000000
16139.000000
17040.000000
17892.000000
18822.000000
19766.000000
20671.000000
21530.000000
22465.000000
23406.000000
24323.000000
25223.000000
26135.000000
27028.000000
27871.000000
28672.000000
29490.000000
30343.000000
31274.000000
32148.000000
32990.000000
33902.000000
34825.000000
35751.000000
36611.000000
37505.000000
38378.000000
39232.000000
40078.000000
40956.000000
41828.000000
42716.000000
43626.000000
44495.000000
45306.000000
46099.000000
46890.000000
47708.000000
48563.000000
49450.000000
50277.000000
51155.000000
52150.000000
53024.000000
53939.000000
54857.000000
55757.000000
56651.000000
57568.000000
58498.000000
59425.000000
60347.000000
61283.000000
62198.000000
63125.000000
63987.000000
64802.000000
65647.000000
66515.000000
67369.000000
68221.000000
69148.000000
70003.000000
70871.000000
71798.000000
72734.000000
73603.000000
74485.000000
75404.000000
76260.000000
77157.000000
78049.000000
78952.000000
79843.000000
80730.000000
81570.000000
82414.000000
83296.000000
84139.000000
84984.000000
85839.000000
86662.000000
87442.000000
88210.000000
89000.000000
89841.000000
90721.000000
91564.000000
92404.000000
93302.000000
94167.000000
95064.000000
95979.000000
96857.000000
97754.000000
98657.000000
99572.000000
100437.000000
101333.000000
102225.000000
103091.000000
104011.000000
104943.000000
105864.000000
106743.000000
107630.000000
108523.000000
109364.000000
110198.000000
111109.000000
112049.000000
112919.000000
113793.000000
114757.000000
115703.000000
116587.000000
117517.000000
118447.000000
119370.000000
120228.000000
121067.000000
121864.000000
122636.000000
123463.000000
124279.000000
125081.000000
125915.000000
126812.000000
127712.000000
128542.000000
129419.000000
130303.000000
131167.000000
132014.000000
132913.000000
133815.000000
134669.000000
135560.000000
136436.000000
137290.000000
138136.000000
139028.000000
139952.000000
140818.000000
141715.000000
142650.000000
143593.000000
144444.000000
145324.000000
146230.000000
146772.000000
147979.000000
149203.000000
150232.000000
151055.000000
151922.000000
152865.000000
153950.000000
155007.000000
156110.000000
157049.000000
158014.000000
159052.000000
160279.000000
161169.000000
162064.000000
162984.000000
163865.000000
164790.000000
165793.000000
166815.000000
167704.000000
168659.000000
169688.000000
170576.000000
171515.000000
172412.000000
173252.000000
174094.000000
175000.000000
175923.000000
176840.000000
177699.000000
178240.000000
179452.000000
180643.000000
181459.000000
182254.000000
183066.000000
183954.000000
184895.000000
185930.000000
186967.000000
187973.000000
188925.000000
189972.000000
191006.000000
192011.000000
193009.000000
193926.000000
194809.000000
195729.000000
196665.000000
197503.000000
198361.000000
199309.000000
200163.000000
201018.000000
201915.000000
202763.000000
203608.000000
204552.000000
205496.000000
206399.000000
207265.000000
208168.000000
209089.000000
209986.000000
210845.000000
211756.000000
212698.000000
213557.000000
214471.000000
215391.000000
216331.000000
217192.000000
218106.000000
219040.000000
219982.000000
220876.000000
221762.000000
222700.000000
223628.000000
224494.000000
225403.000000
226327.000000
227265.000000
228115.000000
229024.000000
229935.000000
230783.000000
231639.000000
232537.000000
233428.000000
234278.000000
235163.000000
236001.000000
236841.000000
237664.000000
238524.000000
239417.000000
240345.000000
241208.000000
242076.000000
242980.000000
243894.000000
244758.000000
245649.000000
246158.000000
247368.000000
248464.000000
249979.000000
250718.000000
251817.000000
252734.000000
253689.000000
254704.000000
255716.000000
256611.000000
257556.000000
258541.000000
259504.000000
260462.000000
261432.000000
262362.000000
263300.000000
264165.000000
265033.000000
265962.000000
266833.000000
267667.000000
268579.000000
269490.000000
270336.000000
271235.000000
272156.000000
273014.000000
273918.000000
274844.000000
275781.000000
276674.000000
277613.000000
278558.000000
279536.000000
280454.000000
281350.000000
282262.000000
283158.000000
283994.000000
284861.000000
285400.000000
286641.000000
287449.000000
288207.000000
288966.000000
289749.000000
290816.000000
291669.000000
292564.000000
293538.000000
294543.000000
295460.000000
296435.000000
297426.000000
298367.000000
299277.000000
300224.000000
301190.000000
302118.000000
303037.000000
303885.000000
304780.000000
305746.000000
306679.000000
307536.000000
308409.000000
309319.000000
310246.000000
311105.000000
312020.000000
312957.000000
313804.000000
314680.000000
315587.000000
316434.000000
317364.000000
318292.000000
319200.000000
320057.000000
320953.000000
321871.000000
322780.000000
323657.000000
324522.000000
325420.000000
326336.000000
327222.000000
328051.000000
328895.000000
329764.000000
330666.000000
331517.000000
332382.000000
333272.000000
334161.000000
335055.000000
335564.000000
336796.000000
337921.000000
338713.000000
339466.000000
340222.000000
341034.000000
342193.000000
343067.000000
344072.000000
345153.000000
346101.000000
347148.000000
348105.000000
349054.000000
350044.000000
350961.000000
351956.000000
352952.000000
353881.000000
354785.000000
355773.000000
356731.000000
357660.000000
358575.000000
359520.000000
360450.000000
361310.000000
362220.000000
363169.000000
364101.000000
364962.000000
365887.000000
366820.000000
367676.000000
368567.000000
369442.000000
370263.000000
371066.000000
371904.000000
372731.000000
373586.000000
374491.000000
375338.000000
376209.000000
377120.000000
378063.000000
378929.000000
379843.000000
380744.000000
381611.000000
382493.000000
383402.000000
384270.000000
385114.000000
386006.000000
386900.000000
387736.000000
388634.000000
389470.000000
390284.000000
391157.000000
392064.000000
392923.000000
393800.000000
394669.000000
395517.000000
396390.000000
397251.000000
398064.000000
398826.000000
399586.000000
400356.000000
401182.000000
402207.000000
403255.000000
404092.000000
404940.000000
405489.000000
406719.000000
407891.000000
408704.000000
409494.000000
410271.000000
411059.000000
411900.000000
412853.000000
413792.000000
414775.000000
415730.000000
416626.000000
417581.000000
418542.000000
419444.000000
420306.000000
421239.000000
422183.000000
423119.000000
423973.000000
424886.000000
425795.000000
426717.000000
427616.000000
428454.000000
429347.000000
430258.000000
431187.000000
432122.000000
433042.000000
433886.000000
434785.000000
435694.000000
436623.000000
437533.000000
438399.000000
439314.000000
440260.000000
441194.000000
442130.000000
443068.000000
443923.000000
444783.000000
445658.000000
446564.000000
447429.000000
448261.000000
449170.000000
450125.000000
450985.000000
451863.000000
452807.000000
453751.000000
454621.000000
455539.000000
456449.000000
457358.000000
458260.000000
459163.000000
460001.000000
460902.000000
461819.000000
462748.000000
463597.000000
464448.000000
465347.000000
466268.000000
467125.000000
468016.000000
468931.000000
469793.000000
470606.000000
471427.000000
472320.000000
473282.000000
474217.000000
475064.000000
475950.000000
476853.000000
477719.000000
478532.000000
479338.000000
480156.000000
480990.000000
481838.000000
482707.000000
483585.000000
484491.000000
485320.000000
486161.000000
487004.000000
487842.000000
488664.000000
489496.000000
490350.000000
491207.000000
492028.000000
492900.000000
493800.000000
494666.000000
495519.000000
496391.000000
497303.000000
498138.000000
499009.000000
499872.000000
500689.000000
501523.000000
502393.000000
503273.000000
504113.000000
505002.000000
505933.000000
506840.000000
507747.000000
508578.000000
509466.000000
510357.000000
511252.000000
512099.000000
512949.000000
513797.000000
514651.000000
515490.000000
516398.000000
517298.000000
518162.000000
519019.000000
519921.000000
520796.000000
521644.000000
522550.000000
523463.000000
524339.000000
525263.000000
526205.000000
527165.000000
528083.000000
529008.000000
529940.000000
530845.000000
531738.000000
532575.000000
533434.000000
534311.000000
535239.000000
536117.000000
536952.000000
537887.000000
538830.000000
539685.000000
540539.000000
541461.000000
542337.000000
543173.000000
543694.000000
544918.000000
545949.000000
546715.000000
547493.000000
548273.000000
549227.000000
550200.000000
551165.000000
552090.000000
553086.000000
554109.000000
555116.000000
556097.000000
557034.000000
557940.000000
558871.000000
559750.000000
560634.000000
561556.000000
562437.000000
563346.000000
564292.000000
565189.000000
566119.000000
567072.000000
568045.000000
569022.000000
569985.000000
570928.000000
571803.000000
572748.000000
573691.000000
574645.000000
575510.000000
576411.000000
577342.000000
578204.000000
579066.000000
579952.000000
580804.000000
581716.000000
582665.000000
583545.000000
584426.000000
585360.000000
586285.000000
587149.000000
588067.000000
588959.000000
589808.000000
590713.000000
591621.000000
592522.000000
593390.000000
594261.000000
595155.000000
596075.000000
596953.000000
597823.000000
598722.000000
599627.000000
600521.000000
601354.000000
602212.000000
603027.000000
603818.000000
604692.000000
605553.000000
606382.000000
607257.000000
608167.000000
609035.000000
609892.000000
610767.000000
611622.000000
612487.000000
613296.000000
614103.000000
614947.000000
615850.000000
616395.000000
617644.000000
618487.000000
619290.000000
620106.000000
620937.000000
621816.000000
622699.000000
623522.000000
624423.000000
625348.000000
626186.000000
626988.000000
627853.000000
628779.000000
629711.000000
630617.000000
631541.000000
632466.000000
633411.000000
634334.000000
635246.000000
636154.000000
637077.000000
638013.000000
638930.000000
639863.000000
640718.000000
641584.000000
642511.000000
643350.000000
644172.000000
645102.000000
646147.000000
647052.000000
647950.000000
648941.000000
649920.000000
650865.000000
651759.000000
652679.000000
653616.000000
654540.000000
655464.000000
656345.000000
657254.000000
658170.000000
659096.000000
659967.000000
660826.000000
661681.000000
662484.000000
663259.000000
664077.000000
664886.000000
665727.000000
666586.000000
667532.000000
668381.000000
669224.000000
670122.000000
671032.000000
671875.000000
672750.000000
673669.000000
674606.000000
675483.000000
676369.000000
676937.000000
678189.000000
679308.000000
680110.000000
680880.000000
681649.000000
682543.000000
683810.000000
684808.000000
685898.000000
687039.000000
688017.000000
688997.000000
689936.000000
690893.000000
691733.000000
692588.000000
693519.000000
694678.000000
695715.000000
696654.000000
697599.000000
698522.000000
699508.000000
700495.000000
701459.000000
702380.000000
703322.000000
704195.000000
705054.000000
705959.000000
706877.000000
707700.000000
708540.000000
709388.000000
710217.000000
711045.000000
711969.000000
712816.000000
713700.000000
714620.000000
715563.000000
716499.000000
717437.000000
718361.000000
719274.000000
720191.000000
721109.000000
721996.000000
722822.000000
723667.000000
724528.000000
725410.000000
725957.000000
727201.000000
728121.000000
728916.000000
729738.000000
730573.000000
731513.000000
732385.000000
733274.000000
734212.000000
735197.000000
736171.000000
737147.000000
738065.000000
738983.000000
739847.000000
740734.000000
741641.000000
742588.000000
743456.000000
744353.000000
745279.000000
746156.000000
747015.000000
747921.000000
748810.000000
749655.000000
750553.000000
751482.000000
752350.000000
753220.000000
754095.000000
754984.000000
755817.000000
756664.000000
757472.000000
758262.000000
759057.000000
759824.000000
760606.000000
761470.000000
762567.000000
763485.000000
764388.000000
765288.000000
766120.000000
766925.000000
767693.000000
768489.000000
769335.000000
770262.000000
771142.000000
772012.000000
772916.000000
773821.000000
774728.000000
775646.000000
776552.000000
777395.000000
778245.000000
779069.000000
779906.000000
780718.000000
781559.000000
782478.000000
783426.000000
784267.000000
785162.000000
786086.000000
786936.000000
787830.000000
788767.000000
789690.000000
790622.000000
791440.000000
792275.000000
793089.000000
793865.000000
794689.000000
795670.000000
796524.000000
797400.000000
798307.000000
798850.000000
800100.000000
801241.000000
802057.000000
802832.000000
803607.000000
804409.000000
805317.000000
806273.000000
807224.000000
808184.000000
809170.000000
810082.000000
810981.000000
811972.000000
812901.000000
813783.000000
814704.000000
815740.000000
816670.000000
817571.000000
818513.000000
819472.000000
820394.000000
821322.000000
822255.000000
823144.000000
824032.000000
824864.000000
825736.000000
826655.000000
827544.000000
828464.000000
829380.000000
830231.000000
831086.000000
831993.000000
832898.000000
833747.000000
834610.000000
835490.000000
836429.000000
837387.000000
838317.000000
839180.000000
840097.000000
841020.000000
841934.000000
842851.000000
843709.000000
844588.000000
845466.000000
846360.000000
847189.000000
848000.000000
848836.000000
849662.000000
850552.000000
851509.000000
852390.000000
853229.000000
854141.000000
855083.000000
855948.000000
856817.000000
857720.000000
858635.000000
859500.000000
860381.000000
861292.000000
862187.000000
863034.000000
863891.000000
864761.000000
865628.000000
866466.000000
867323.000000
868209.000000
869026.000000
869845.000000
870695.000000
871594.000000
872425.000000
873310.000000
874210.000000
875109.000000
875999.000000
876867.000000
877705.000000
878590.000000
879503.000000
880408.000000
881314.000000
882208.000000
883106.000000
883959.000000
884792.000000
885677.000000
886561.000000
887404.000000
888280.000000
889203.000000
890078.000000
890951.000000
891853.000000
892775.000000
893648.000000
894549.000000
895455.000000
896302.000000
897153.000000
898063.000000
898980.000000
899853.000000
