Peaks (s)
1028.000000
2260.000000
3456.000000
4527.000000
5620.000000
6779.000000
7913.000000
9029.000000
10143.000000
11281.000000
12415.000000
13571.000000
14704.000000
15806.000000
16897.000000
18014.000000
19190.000000
20313.000000
21354.000000
22333.000000
23377.000000
24533.000000
25698.000000
26892.000000
27957.000000
28994.000000
30063.000000
31194.000000
32300.000000
33317.000000
34267.000000
35284.000000
36462.000000
37523.000000
38455.000000
39380.000000
40531.000000
41648.000000
42671.000000
43696.000000
44832.000000
46033.000000
47100.000000
48113.000000
49182.000000
50391.000000
51525.000000
52577.000000
53647.000000
54835.000000
56022.000000
57087.000000
58053.000000
58960.000000
60116.000000
61361.000000
62536.000000
63416.000000
64332.000000
65570.000000
66766.000000
67809.000000
68792.000000
70006.000000
71205.000000
72305.000000
73260.000000
74246.000000
75475.000000
76655.000000
77720.000000
78692.000000
79716.000000
80985.000000
82149.000000
83169.000000
84235.000000
85426.000000
86507.000000
87457.000000
88495.000000
89736.000000
90952.000000
91999.000000
93047.000000
94225.000000
95478.000000
96683.000000
97776.000000
98770.000000
99883.000000
101121.000000
102327.000000
103427.000000
104441.000000
105556.000000
106755.000000
107892.000000
108939.000000
109946.000000
111083.000000
112256.000000
113299.000000
114291.000000
115504.000000
116717.000000
117874.000000
118924.000000
119983.000000
121183.000000
122369.000000
123482.000000
124535.000000
125682.000000
126850.000000
127951.000000
128962.000000
130071.000000
131342.000000
132471.000000
133505.000000
134722.000000
135961.000000
137088.000000
138288.000000
139526.000000
140636.000000
141649.000000
142779.000000
143995.000000
145122.000000
146159.000000
147295.000000
148486.000000
149691.000000
150764.000000
151889.000000
153079.000000
154113.000000
155119.000000
156209.000000
157221.000000
158346.000000
159501.000000
160578.000000
161700.000000
162903.000000
163993.000000
165108.000000
166155.000000
167119.000000
168065.000000
169094.000000
170163.000000
171183.000000
172134.000000
173205.000000
174317.000000
175296.000000
176246.000000
177435.000000
178586.000000
179608.000000
180712.000000
181916.000000
183037.000000
184056.000000
185045.000000
186146.000000
187300.000000
188462.000000
189587.000000
190644.000000
191571.000000
192597.000000
193798.000000
195002.000000
196148.000000
197208.000000
198201.000000
199245.000000
200249.000000
201104.000000
201982.000000
202905.000000
203803.000000
204768.000000
205929.000000
207029.000000
208100.000000
209082.000000
210040.000000
211312.000000
212536.000000
213774.000000
214885.000000
215866.000000
216887.000000
218096.000000
219341.000000
220534.000000
221666.000000
222811.000000
223845.000000
224819.000000
225948.000000
227175.000000
228340.000000
229389.000000
230527.000000
231726.000000
232938.000000
234045.000000
235037.000000
236106.000000
237411.000000
238635.000000
239803.000000
240857.000000
241808.000000
242795.000000
244045.000000
245293.000000
246470.000000
247623.000000
248701.000000
249684.000000
250618.000000
251697.000000
252899.000000
254040.000000
254962.000000
255847.000000
256986.000000
257967.000000
258987.000000
260051.000000
261049.000000
262065.000000
263163.000000
264227.000000
265228.000000
266351.000000
267465.000000
268495.000000
269537.000000
270673.000000
271755.000000
272765.000000
273880.000000
275018.000000
276069.000000
277213.000000
278367.000000
279398.000000
280471.000000
281588.000000
282668.000000
283752.000000
284893.000000
285950.000000
286929.000000
288054.000000
289178.000000
290201.000000
291299.000000
292445.000000
293509.000000
294494.000000
295423.000000
296514.000000
297682.000000
298786.000000
299791.000000
300792.000000
301928.000000
302977.000000
303932.000000
305086.000000
306231.000000
307265.000000
308377.000000
309518.000000
310567.000000
311567.000000
312680.000000
313763.000000
314794.000000
315833.000000
316996.000000
318132.000000
319201.000000
320229.000000
321254.000000
322405.000000
323479.000000
324452.000000
325451.000000
326613.000000
327730.000000
328811.000000
329865.000000
330822.000000
331675.000000
332647.000000
333616.000000
334619.000000
335770.000000
336912.000000
337997.000000
339009.000000
339998.000000
341155.000000
342322.000000
343449.000000
344507.000000
345488.000000
346641.000000
347830.000000
348934.000000
350057.000000
351111.000000
352069.000000
353020.000000
354208.000000
355475.000000
356759.000000
357925.000000
358844.000000
359767.000000
361020.000000
362166.000000
363150.000000
364185.000000
365402.000000
366605.000000
367758.000000
368806.000000
369828.000000
371077.000000
372311.000000
373482.000000
374585.000000
375719.000000
377016.000000
378265.000000
379447.000000
380644.000000
381848.000000
383005.000000
384036.000000
385015.000000
386211.000000
387490.000000
388706.000000
389812.000000
390889.000000
392031.000000
393224.000000
394281.000000
395434.000000
396533.000000
397640.000000
398728.000000
400010.000000
401233.000000
402333.000000
403500.000000
404662.000000
405738.000000
406819.000000
407897.000000
408891.000000
409912.000000
411013.000000
412080.000000
413130.000000
414286.000000
415423.000000
416483.000000
417571.000000
418754.000000
419880.000000
420949.000000
421943.000000
422886.000000
424032.000000
425233.000000
426306.000000
427405.000000
428601.000000
429709.000000
430762.000000
431915.000000
433059.000000
434091.000000
435139.000000
436278.000000
437405.000000
438399.000000
439507.000000
440655.000000
441749.000000
442874.000000
444019.000000
445115.000000
446247.000000
447382.000000
448430.000000
449382.000000
450372.000000
451547.000000
452719.000000
453767.000000
454852.000000
456027.000000
457114.000000
458071.000000
458987.000000
460148.000000
461314.000000
462433.000000
463434.000000
464408.000000
465536.000000
466652.000000
467753.000000
468742.000000
469712.000000
470870.000000
471970.000000
472955.000000
474030.000000
475209.000000
476326.000000
477347.000000
478397.000000
479516.000000
480598.000000
481614.000000
482737.000000
483865.000000
484869.000000
485854.000000
487016.000000
488081.000000
489058.000000
490246.000000
491372.000000
492379.000000
493506.000000
494671.000000
495734.000000
496843.000000
497975.000000
499047.000000
500091.000000
501305.000000
502438.000000
503484.000000
504408.000000
505317.000000
506533.000000
507749.000000
508983.000000
510208.000000
511329.000000
512469.000000
513646.000000
514791.000000
515955.000000
517180.000000
518337.000000
519494.000000
520669.000000
521849.000000
523164.000000
524417.000000
525581.000000
526780.000000
527884.000000
529036.000000
530234.000000
531386.000000
532633.000000
533786.000000
534820.000000
535964.000000
537170.000000
538281.000000
539476.000000
540675.000000
541789.000000
542963.000000
544121.000000
545230.000000
546242.000000
547337.000000
548535.000000
549666.000000
550693.000000
551802.000000
552978.000000
554027.000000
554983.000000
556060.000000
557280.000000
558358.000000
559353.000000
560562.000000
561731.000000
562852.000000
563939.000000
565101.000000
566224.000000
567294.000000
568330.000000
569414.000000
570515.000000
571584.000000
572592.000000
573770.000000
574916.000000
575921.000000
576954.000000
578096.000000
579105.000000
580214.000000
581447.000000
582530.000000
583624.000000
584792.000000
585934.000000
586971.000000
588119.000000
589269.000000
590303.000000
591346.000000
592524.000000
593591.000000
594598.000000
595736.000000
596915.000000
597952.000000
598998.000000
600144.000000
601165.000000
602090.000000
603126.000000
604213.000000
605238.000000
606356.000000
607493.000000
608544.000000
609658.000000
610795.000000
611843.000000
612860.000000
613963.000000
615158.000000
616282.000000
617291.000000
618230.000000
619348.000000
620540.000000
621767.000000
622903.000000
623937.000000
625105.000000
626240.000000
627367.000000
628575.000000
629807.000000
630982.000000
632043.000000
633222.000000
634428.000000
635618.000000
636764.000000
637783.000000
638880.000000
640144.000000
641406.000000
642636.000000
643778.000000
644912.000000
646123.000000
647306.000000
648464.000000
649563.000000
650599.000000
651739.000000
652895.000000
653948.000000
654997.000000
656179.000000
657330.000000
658384.000000
659372.000000
660482.000000
661619.000000
662714.000000
663756.000000
664901.000000
666000.000000
667031.000000
668118.000000
669283.000000
670328.000000
671312.000000
672467.000000
673652.000000
674749.000000
675930.000000
677064.000000
678084.000000
679200.000000
680321.000000
681352.000000
682481.000000
683648.000000
684706.000000
685845.000000
687013.000000
688067.000000
689265.000000
690401.000000
691453.000000
692560.000000
693664.000000
694747.000000
695795.000000
696936.000000
698170.000000
699327.000000
700405.000000
701509.000000
702625.000000
703683.000000
704668.000000
705712.000000
706805.000000
707941.000000
709014.000000
710074.000000
711249.000000
712413.000000
713490.000000
714579.000000
715701.000000
716819.000000
717849.000000
718878.000000
720055.000000
721104.000000
721995.000000
722850.000000
724156.000000
725306.000000
726312.000000
727464.000000
728635.000000
729781.000000
730895.000000
731917.000000
732877.000000
733922.000000
735064.000000
736237.000000
737403.000000
738442.000000
739593.000000
740767.000000
741867.000000
742826.000000
743986.000000
745141.000000
746150.000000
747376.000000
748555.000000
749584.000000
750681.000000
751860.000000
752943.000000
753890.000000
754863.000000
756013.000000
757115.000000
758094.000000
759087.000000
760215.000000
761286.000000
762303.000000
763354.000000
764490.000000
765551.000000
766562.000000
767650.000000
768753.000000
769764.000000
770788.000000
771953.000000
773066.000000
774075.000000
775199.000000
776237.000000
777160.000000
778156.000000
779298.000000
780390.000000
781599.000000
782804.000000
783920.000000
785139.000000
786337.000000
787430.000000
788459.000000
789593.000000
790720.000000
791745.000000
792839.000000
793987.000000
795044.000000
796165.000000
797291.000000
798345.000000
799453.000000
800639.000000
801774.000000
802813.000000
803892.000000
805045.000000
806133.000000
807119.000000
808148.000000
809237.000000
810385.000000
811531.000000
812602.000000
813648.000000
814813.000000
815983.000000
817065.000000
818180.000000
819414.000000
820627.000000
821745.000000
822940.000000
824123.000000
825223.000000
826313.000000
827470.000000
828633.000000
829697.000000
830730.000000
831854.000000
832968.000000
834002.000000
835114.000000
836244.000000
837323.000000
838459.000000
839591.000000
840663.000000
841659.000000
842770.000000
843982.000000
845103.000000
846172.000000
847359.000000
848505.000000
849673.000000
850770.000000
851834.000000
852832.000000
853766.000000
854693.000000
855839.000000
857004.000000
858162.000000
859272.000000
860320.000000
861322.000000
862248.000000
863147.000000
864078.000000
865287.000000
866460.000000
867617.000000
868818.000000
869915.000000
870938.000000
871894.000000
872823.000000
873854.000000
875039.000000
876217.000000
877346.000000
878416.000000
879415.000000
880401.000000
881569.000000
882743.000000
883809.000000
884948.000000
886091.000000
887167.000000
888269.000000
889391.000000
890421.000000
891466.000000
892596.000000
893754.000000
894804.000000
895923.000000
897081.000000
898132.000000
899243.000000
900366.000000
901429.000000
902529.000000
903691.000000
904805.000000
905876.000000
906988.000000
908167.000000
909280.000000
910377.000000
911565.000000
912706.000000
913839.000000
915151.000000
916342.000000
917487.000000
918657.000000
919838.000000
920946.000000
922088.000000
923355.000000
924512.000000
925623.000000
926830.000000
928001.000000
929030.000000
930051.000000
931214.000000
932367.000000
933451.000000
934501.000000
935753.000000
937008.000000
938138.000000
939323.000000
940522.000000
941646.000000
942731.000000
943962.000000
945187.000000
946274.000000
947408.000000
948572.000000
949721.000000
950837.000000
952021.000000
953217.000000
954315.000000
955358.000000
956524.000000
957614.000000
958683.000000
959812.000000
960985.000000
962065.000000
963201.000000
964359.000000
965417.000000
966546.000000
967667.000000
968714.000000
969809.000000
970940.000000
971989.000000
973038.000000
974195.000000
975268.000000
976353.000000
977495.000000
978579.000000
979629.000000
980798.000000
981949.000000
983055.000000
984132.000000
985187.000000
986321.000000
987464.000000
988589.000000
989642.000000
990697.000000
991776.000000
992843.000000
993871.000000
994888.000000
996034.000000
997190.000000
998251.000000
999329.000000
1000436.000000
1001519.000000
1002552.000000
1003608.000000
1004756.000000
1005858.000000
1006895.000000
1007929.000000
1009072.000000
1010200.000000
1011248.000000
1012353.000000
1013539.000000
1014711.000000
1015878.000000
1017109.000000
1018266.000000
1019420.000000
1020611.000000
1021710.000000
1022743.000000
1023882.000000
1025032.000000
1026120.000000
1027195.000000
1028339.000000
1029518.000000
1030611.000000
1031752.000000
1032904.000000
1033982.000000
1035007.000000
1036126.000000
1037306.000000
1038387.000000
1039439.000000
1040579.000000
1041749.000000
1042821.000000
1043955.000000
1045150.000000
1046235.000000
1047233.000000
1048309.000000
1049425.000000
1050501.000000
1051516.000000
1052639.000000
1053732.000000
1054822.000000
1055832.000000
1056824.000000
1057938.000000
1059085.000000
1060139.000000
1061226.000000
1062371.000000
1063405.000000
1064391.000000
1065455.000000
1066558.000000
1067584.000000
1068646.000000
1069765.000000
1070798.000000
1071782.000000
1072927.000000
1074056.000000
1075150.000000
1076255.000000
1077439.000000
1078505.000000
1079621.000000
1080863.000000
1081988.000000
1083024.000000
1084154.000000
1085309.000000
1086412.000000
1087452.000000
1088602.000000
1089772.000000
1090866.000000
1092049.000000
1093285.000000
1094464.000000
1095568.000000
1096625.000000
1097745.000000
1098914.000000
1100091.000000
1101217.000000
1102333.000000
1103399.000000
1104511.000000
1105743.000000
1106855.000000
1107878.000000
1108977.000000
1110161.000000
1111322.000000
1112392.000000
1113590.000000
1114833.000000
1115951.000000
1116983.000000
1118158.000000
1119449.000000
1120658.000000
1121741.000000
1122786.000000
1123943.000000
1125138.000000
1126274.000000
1127409.000000
1128591.000000
1129744.000000
1130803.000000
1131873.000000
1133059.000000
1134267.000000
1135342.000000
1136467.000000
1137732.000000
1138894.000000
1139989.000000
1141156.000000
1142309.000000
1143381.000000
1144525.000000
1145750.000000
1146886.000000
1147947.000000
1149045.000000
1150206.000000
1151359.000000
1152394.000000
1153519.000000
1154686.000000
1155809.000000
1156835.000000
1157812.000000
1158947.000000
1160092.000000
1161247.000000
1162316.000000
1163410.000000
1164594.000000
1165734.000000
1166831.000000
1167971.000000
1169170.000000
1170294.000000
1171379.000000
1172553.000000
1173750.000000
1174886.000000
1175966.000000
1176958.000000
1178023.000000
1179161.000000
1180264.000000
1181285.000000
1182245.000000
1183233.000000
1184254.000000
1185301.000000
1186313.000000
1187302.000000
1188237.000000
1189356.000000
1190523.000000
1191606.000000
1192578.000000
1193503.000000
1194590.000000
1195708.000000
1196725.000000
1197718.000000
1198882.000000
1200024.000000
1201052.000000
1202006.000000
1202977.000000
1204123.000000
1205287.000000
1206320.000000
1207297.000000
1208388.000000
1209500.000000
1210540.000000
1211547.000000
1212723.000000
1213892.000000
1214992.000000
1216000.000000
1217074.000000
1218202.000000
1219303.000000
1220327.000000
1221344.000000
1222495.000000
1223610.000000
1224633.000000
1225683.000000
1226812.000000
1227919.000000
1228882.000000
1229896.000000
1231015.000000
1232056.000000
1233024.000000
1234090.000000
1235236.000000
1236289.000000
1237259.000000
1238374.000000
1239509.000000
1240542.000000
1241530.000000
1242525.000000
1243649.000000
1244790.000000
1245874.000000
1246891.000000
1247973.000000
1249100.000000
1250217.000000
1251347.000000
1252482.000000
1253542.000000
1254490.000000
1255517.000000
1256657.000000
1257785.000000
1258868.000000
1260011.000000
1261121.000000
1262041.000000
1262944.000000
1263874.000000
1264709.000000
1265833.000000
1266897.000000
1268083.000000
1269246.000000
1270294.000000
1271407.000000
1272565.000000
1273648.000000
1274691.000000
1275828.000000
1276975.000000
1278063.000000
1279051.000000
1280185.000000
1281360.000000
1282499.000000
1283592.000000
1284612.000000
1285681.000000
1286842.000000
1288004.000000
1289079.000000
1290099.000000
1291224.000000
1292334.000000
1293386.000000
1294403.000000
1295400.000000
1296586.000000
1297742.000000
1298920.000000
1300011.000000
1300984.000000
1302031.000000
1303162.000000
1304246.000000
1305233.000000
1306327.000000
1307586.000000
1308783.000000
1309939.000000
1310981.000000
1312112.000000
1313291.000000
1314376.000000
1315433.000000
1316617.000000
1317798.000000
1318870.000000
1319979.000000
1321187.000000
1322335.000000
1323400.000000
1324502.000000
1325670.000000
1326828.000000
1327904.000000
1328987.000000
1330138.000000
1331316.000000
1332477.000000
1333624.000000
1334695.000000
1335669.000000
1336689.000000
1337854.000000
1338993.000000
1340059.000000
1341113.000000
1342249.000000
1343348.000000
1344390.000000
1345555.000000
1346692.000000
1347724.000000
1348595.000000
1349466.000000
1350696.000000
1351736.000000
1352692.000000
1353797.000000
1354965.000000
1356073.000000
1357103.000000
1358055.000000
1359062.000000
1360179.000000
1361300.000000
1362386.000000
1363362.000000
1364308.000000
1365348.000000
1366479.000000
1367545.000000
1368705.000000
1369864.000000
1370851.000000
1371789.000000
1373071.000000
1374358.000000
1375514.000000
1376688.000000
1377949.000000
1379187.000000
1380294.000000
1381390.000000
1382576.000000
1383708.000000
1384756.000000
1385887.000000
1387163.000000
1388328.000000
1389402.000000
1390492.000000
1391668.000000
1392887.000000
1394005.000000
1395092.000000
1396212.000000
1397397.000000
1398567.000000
1399658.000000
1400810.000000
1401929.000000
1402979.000000
1404014.000000
1405149.000000
1406379.000000
1407547.000000
1408618.000000
1409620.000000
1410661.000000
1411796.000000
1412898.000000
1413983.000000
1414977.000000
1415946.000000
1417021.000000
1418181.000000
1419262.000000
1420276.000000
1421342.000000
1422489.000000
1423613.000000
1424697.000000
1425695.000000
1426657.000000
1427721.000000
1428859.000000
1429928.000000
1430908.000000
1431982.000000
1433107.000000
1434194.000000
1435206.000000
1436150.000000
1437149.000000
1438263.000000
1439335.000000
1440360.000000
1441290.000000
1442180.000000
1443047.000000
1444044.000000
1445266.000000
1446485.000000
1447677.000000
1448820.000000
1449875.000000
1450830.000000
1451717.000000
1452641.000000
1453815.000000
1454971.000000
1456092.000000
1457205.000000
1458255.000000
1459242.000000
1460147.000000
1461056.000000
1462145.000000
1463293.000000
1464420.000000
1465504.000000
1466543.000000
1467519.000000
1468486.000000
1469601.000000
1470728.000000
1471858.000000
1472953.000000
1474026.000000
1475127.000000
1476219.000000
1477231.000000
1478167.000000
1479090.000000
1480044.000000
1481284.000000
1482434.000000
1483578.000000
1484675.000000
1485675.000000
1486606.000000
1487728.000000
1488848.000000
1489924.000000
1490946.000000
1491892.000000
1492842.000000
1494051.000000
1495186.000000
1496303.000000
1497315.000000
1498269.000000
1499264.000000
1500435.000000
1501603.000000
1502761.000000
1503823.000000
1504782.000000
1505732.000000
1506921.000000
1508125.000000
1509227.000000
1510329.000000
1511416.000000
1512502.000000
1513552.000000
1514625.000000
1515816.000000
1517002.000000
1518117.000000
1519241.000000
1520320.000000
1521323.000000
1522280.000000
1523284.000000
1524365.000000
1525495.000000
1526551.000000
1527430.000000
1528266.000000
1529096.000000
1529914.000000
1530949.000000
1531861.000000
1532702.000000
1533584.000000
1534593.000000
1535730.000000
1536831.000000
1537878.000000
1538808.000000
1539914.000000
1541064.000000
1542175.000000
1543338.000000
1544619.000000
1545777.000000
1546820.000000
1548026.000000
1549223.000000
1550315.000000
1551320.000000
1552519.000000
1553780.000000
1554993.000000
1556152.000000
1557192.000000
1558118.000000
1559046.000000
1560120.000000
1561434.000000
1562680.000000
1563910.000000
1565123.000000
1566301.000000
1567464.000000
1568560.000000
1569585.000000
1570549.000000
1571508.000000
1572746.000000
1573951.000000
1575149.000000
1576268.000000
1577378.000000
1578465.000000
1579506.000000
1580446.000000
1581345.000000
1582509.000000
1583730.000000
1584942.000000
1586128.000000
1587220.000000
1588162.000000
1589141.000000
1590337.000000
1591514.000000
1592617.000000
1593647.000000
1594562.000000
1595467.000000
1596576.000000
1597933.000000
1599198.000000
1600444.000000
1601699.000000
1602830.000000
1603821.000000
1604750.000000
1605768.000000
1606951.000000
1608090.000000
1609196.000000
1610267.000000
1611274.000000
1612212.000000
1613179.000000
1614394.000000
1615599.000000
1616799.000000
1617925.000000
1618997.000000
1620076.000000
1621172.000000
1622332.000000
1623492.000000
1624631.000000
1625750.000000
1626800.000000
1627798.000000
1628906.000000
1630088.000000
1631235.000000
1632294.000000
1633284.000000
1634317.000000
1635438.000000
1636662.000000
1637775.000000
1638853.000000
1639990.000000
1641161.000000
1642271.000000
1643292.000000
1644354.000000
1645461.000000
1646558.000000
1647570.000000
1648666.000000
1649818.000000
1650858.000000
1651877.000000
1652973.000000
1654110.000000
1655226.000000
1656242.000000
1657182.000000
1658155.000000
1659154.000000
1660180.000000
1661207.000000
1662424.000000
1663569.000000
1664625.000000
1665604.000000
1666693.000000
1667877.000000
1668983.000000
1670033.000000
1671170.000000
1672311.000000
1673377.000000
1674390.000000
1675438.000000
1676490.000000
1677533.000000
1678579.000000
1679538.000000
1680491.000000
1681509.000000
1682638.000000
1683806.000000
1684945.000000
1685993.000000
1687040.000000
1688264.000000
1689448.000000
1690537.000000
1691640.000000
1692796.000000
1693892.000000
1694980.000000
1696183.000000
1697382.000000
1698518.000000
1699565.000000
1700721.000000
1701869.000000
1702928.000000
1703993.000000
1705138.000000
1706265.000000
1707336.000000
1708490.000000
1709631.000000
1710706.000000
1711903.000000
1713026.000000
1714073.000000
1715205.000000
1716365.000000
1717458.000000
1718623.000000
1719751.000000
1720789.000000
1722002.000000
1723120.000000
1724151.000000
1725166.000000
1726301.000000
1727464.000000
1728632.000000
1729758.000000
1730812.000000
1731847.000000
1732975.000000
1734172.000000
1735294.000000
1736320.000000
1737389.000000
1738571.000000
1739746.000000
1740852.000000
1741880.000000
1742820.000000
1743772.000000
1744941.000000
1746137.000000
1747293.000000
1748390.000000
1749394.000000
1750355.000000
1751316.000000
1752162.000000
1753003.000000
1754072.000000
1755083.000000
1756243.000000
1757377.000000
1758420.000000
1759522.000000
1760656.000000
1761714.000000
1762801.000000
1763966.000000
1765121.000000
1766206.000000
1767355.000000
1768595.000000
1769813.000000
1770981.000000
1772073.000000
1773272.000000
1774485.000000
1775692.000000
1776817.000000
1777899.000000
1778967.000000
1780268.000000
1781532.000000
1782769.000000
1783940.000000
1785171.000000
1786460.000000
1787693.000000
1788843.000000
1789926.000000
1791046.000000
1792335.000000
1793569.000000
1794762.000000
1795817.000000
1796848.000000
1798096.000000
