Peaks (s)
925.000000
1621.000000
2335.000000
3149.000000
4151.000000
5170.000000
6110.000000
6928.000000
7743.000000
8572.000000
9414.000000
10244.000000
11112.000000
12020.000000
12904.000000
13780.000000
14661.000000
15494.000000
16298.000000
17112.000000
17924.000000
18728.000000
19607.000000
20459.000000
21304.000000
22191.000000
23047.000000
23881.000000
24731.000000
25568.000000
26406.000000
27240.000000
28056.000000
28853.000000
29618.000000
30394.000000
31177.000000
31929.000000
32680.000000
33444.000000
34194.000000
34956.000000
35713.000000
36470.000000
37231.000000
37975.000000
38710.000000
39477.000000
40275.000000
41057.000000
41783.000000
42501.000000
43224.000000
43950.000000
44720.000000
45629.000000
46471.000000
47320.000000
48145.000000
48933.000000
49746.000000
50592.000000
51382.000000
52229.000000
53085.000000
53898.000000
54794.000000
55720.000000
56606.000000
57494.000000
58319.000000
59175.000000
60029.000000
60822.000000
61675.000000
62640.000000
63551.000000
64424.000000
65261.000000
66068.000000
66904.000000
67716.000000
68503.000000
69327.000000
70133.000000
70940.000000
71751.000000
72525.000000
73320.000000
74126.000000
74905.000000
75720.000000
76544.000000
77318.000000
78139.000000
78939.000000
79711.000000
80510.000000
81307.000000
82053.000000
82810.000000
83613.000000
84400.000000
85170.000000
86005.000000
86871.000000
87689.000000
88499.000000
89313.000000
90086.000000
90913.000000
91766.000000
92559.000000
93360.000000
94193.000000
94988.000000
95783.000000
96592.000000
97383.000000
98162.000000
98958.000000
99729.000000
100503.000000
101294.000000
102057.000000
102841.000000
103628.000000
104395.000000
105212.000000
106009.000000
106772.000000
107564.000000
108360.000000
109131.000000
109934.000000
110726.000000
111498.000000
112319.000000
113163.000000
113961.000000
114774.000000
115645.000000
116441.000000
117264.000000
118125.000000
118974.000000
119835.000000
120722.000000
121553.000000
122433.000000
123294.000000
124106.000000
124958.000000
125766.000000
126615.000000
127517.000000
128352.000000
129205.000000
130037.000000
130834.000000
131695.000000
132536.000000
133333.000000
134169.000000
135007.000000
135787.000000
136603.000000
137409.000000
138206.000000
139200.000000
140178.000000
141100.000000
141950.000000
142721.000000
143521.000000
144336.000000
145143.000000
145986.000000
146796.000000
147619.000000
148456.000000
149255.000000
150090.000000
150888.000000
151647.000000
152420.000000
153183.000000
153976.000000
154811.000000
155619.000000
156450.000000
157313.000000
158130.000000
158976.000000
159799.000000
160589.000000
161415.000000
162217.000000
163017.000000
163840.000000
164630.000000
165431.000000
166235.000000
167025.000000
167867.000000
168677.000000
169517.000000
170385.000000
171175.000000
171976.000000
172776.000000
173587.000000
174456.000000
175262.000000
176071.000000
176888.000000
177678.000000
178541.000000
179404.000000
180246.000000
181130.000000
181963.000000
182776.000000
183648.000000
184476.000000
185280.000000
186204.000000
187052.000000
187856.000000
188652.000000
189424.000000
190231.000000
191064.000000
191840.000000
192672.000000
193578.000000
194383.000000
195223.000000
196026.000000
196810.000000
197644.000000
198483.000000
199319.000000
200214.000000
201045.000000
201908.000000
202768.000000
203582.000000
204428.000000
205203.000000
205959.000000
206745.000000
207546.000000
208370.000000
209393.000000
210385.000000
211360.000000
212192.000000
212982.000000
213773.000000
214529.000000
215306.000000
216115.000000
216897.000000
217736.000000
218573.000000
219413.000000
220302.000000
221119.000000
221969.000000
222809.000000
223582.000000
224405.000000
225281.000000
226102.000000
226976.000000
227916.000000
228828.000000
229749.000000
230575.000000
231372.000000
232184.000000
232987.000000
233823.000000
234767.000000
235651.000000
236566.000000
237467.000000
238290.000000
239112.000000
239946.000000
240844.000000
241715.000000
242525.000000
243374.000000
244250.000000
245135.000000
246042.000000
246876.000000
247705.000000
248504.000000
249294.000000
250143.000000
250979.000000
251800.000000
252629.000000
253442.000000
254314.000000
255192.000000
256030.000000
256878.000000
257674.000000
258475.000000
259327.000000
260137.000000
261022.000000
261867.000000
262659.000000
263492.000000
264266.000000
265056.000000
265891.000000
266702.000000
267529.000000
268349.000000
269157.000000
270027.000000
270863.000000
271684.000000
272503.000000
273286.000000
274085.000000
274833.000000
275565.000000
276274.000000
276956.000000
277684.000000
278621.000000
279708.000000
280687.000000
281660.000000
282524.000000
283315.000000
284175.000000
285045.000000
285887.000000
286804.000000
287703.000000
288719.000000
289744.000000
290652.000000
291504.000000
292290.000000
293137.000000
294235.000000
295239.000000
296252.000000
297129.000000
298080.000000
299008.000000
299891.000000
300801.000000
301632.000000
302484.000000
303425.000000
304324.000000
305254.000000
306142.000000
307008.000000
308014.000000
308997.000000
310013.000000
310973.000000
311914.000000
312773.000000
313586.000000
314454.000000
315313.000000
316161.000000
317100.000000
317989.000000
318930.000000
319836.000000
320690.000000
321503.000000
322266.000000
323021.000000
323796.000000
324580.000000
325435.000000
326357.000000
327243.000000
328158.000000
329018.000000
329863.000000
330728.000000
331522.000000
332360.000000
333221.000000
334034.000000
334917.000000
335731.000000
336542.000000
337383.000000
338188.000000
339022.000000
339864.000000
340657.000000
341477.000000
342295.000000
343080.000000
343908.000000
344736.000000
345526.000000
346360.000000
347189.000000
348009.000000
348884.000000
349712.000000
350558.000000
351454.000000
352261.000000
353104.000000
353967.000000
354791.000000
355689.000000
356517.000000
357359.000000
358217.000000
358996.000000
359791.000000
360622.000000
361414.000000
362242.000000
363107.000000
363923.000000
364774.000000
365638.000000
366441.000000
367306.000000
368156.000000
368936.000000
369782.000000
370649.000000
371459.000000
372304.000000
373123.000000
373903.000000
374685.000000
375547.000000
376318.000000
377161.000000
378014.000000
378844.000000
379676.000000
380500.000000
381319.000000
382175.000000
382983.000000
383859.000000
384712.000000
385520.000000
386389.000000
387191.000000
387987.000000
388768.000000
389532.000000
390324.000000
391182.000000
391983.000000
392844.000000
393731.000000
394570.000000
395413.000000
396204.000000
397008.000000
397851.000000
398659.000000
399536.000000
400462.000000
401290.000000
402144.000000
402995.000000
403764.000000
404589.000000
405430.000000
406221.000000
406959.000000
407694.000000
408488.000000
409672.000000
410706.000000
411540.000000
412324.000000
413131.000000
413910.000000
414670.000000
415412.000000
416141.000000
416891.000000
417776.000000
418989.000000
420069.000000
421019.000000
421789.000000
422505.000000
423247.000000
424069.000000
424961.000000
425855.000000
426635.000000
427430.000000
428364.000000
429457.000000
430490.000000
431380.000000
432212.000000
433062.000000
433957.000000
434797.000000
435648.000000
436557.000000
437454.000000
438322.000000
439245.000000
440223.000000
441186.000000
442136.000000
442995.000000
443823.000000
444675.000000
445472.000000
446341.000000
447467.000000
448481.000000
449474.000000
450329.000000
451135.000000
451950.000000
452752.000000
453604.000000
454492.000000
455384.000000
456328.000000
457249.000000
458099.000000
458916.000000
459721.000000
460500.000000
461322.000000
462149.000000
462942.000000
463776.000000
464590.000000
465392.000000
466216.000000
467011.000000
467805.000000
468631.000000
469409.000000
470180.000000
470964.000000
471720.000000
472527.000000
473320.000000
474081.000000
474856.000000
475621.000000
476389.000000
477174.000000
477942.000000
478714.000000
479537.000000
480313.000000
481105.000000
481919.000000
482702.000000
483497.000000
484314.000000
485092.000000
485886.000000
486668.000000
487436.000000
488206.000000
488964.000000
489712.000000
490497.000000
491302.000000
492139.000000
492959.000000
493772.000000
494616.000000
495448.000000
496268.000000
497127.000000
497943.000000
498776.000000
499611.000000
500415.000000
501250.000000
502051.000000
502865.000000
503686.000000
504444.000000
505221.000000
506006.000000
506763.000000
507586.000000
508385.000000
509158.000000
509973.000000
510776.000000
511547.000000
512356.000000
513134.000000
513915.000000
514725.000000
515517.000000
516320.000000
517137.000000
517938.000000
518706.000000
519509.000000
520302.000000
521078.000000
521888.000000
522696.000000
523492.000000
524358.000000
525170.000000
525983.000000
526819.000000
527595.000000
528388.000000
529212.000000
530020.000000
530829.000000
531677.000000
532465.000000
533248.000000
534075.000000
534938.000000
535768.000000
536658.000000
537670.000000
538570.000000
539432.000000
540253.000000
541015.000000
541779.000000
542576.000000
543347.000000
544158.000000
545007.000000
545836.000000
546761.000000
547727.000000
548730.000000
549762.000000
550656.000000
551503.000000
552322.000000
553104.000000
553969.000000
555055.000000
556074.000000
557093.000000
558007.000000
558842.000000
559629.000000
560395.000000
561173.000000
562014.000000
562881.000000
563774.000000
564706.000000
565598.000000
566538.000000
567396.000000
568189.000000
568998.000000
569793.000000
570601.000000
571432.000000
572233.000000
573055.000000
573865.000000
574643.000000
575443.000000
576238.000000
577017.000000
577834.000000
578586.000000
579315.000000
580013.000000
580702.000000
581437.000000
582241.000000
583383.000000
584357.000000
585269.000000
586054.000000
586801.000000
587585.000000
588373.000000
589152.000000
589991.000000
590830.000000
591678.000000
592552.000000
593361.000000
594179.000000
594997.000000
595791.000000
596623.000000
597412.000000
598220.000000
599043.000000
599820.000000
600630.000000
601460.000000
602246.000000
603053.000000
603853.000000
604617.000000
605410.000000
606207.000000
606982.000000
607791.000000
608603.000000
609395.000000
610205.000000
610975.000000
611778.000000
612591.000000
613380.000000
614188.000000
614968.000000
615731.000000
616560.000000
617354.000000
618157.000000
618994.000000
619804.000000
620641.000000
621472.000000
622255.000000
623071.000000
623932.000000
624724.000000
625549.000000
626342.000000
627132.000000
627952.000000
628759.000000
629584.000000
630443.000000
631217.000000
632005.000000
632796.000000
633583.000000
634459.000000
635283.000000
636080.000000
636918.000000
637722.000000
638508.000000
639365.000000
640202.000000
640969.000000
641765.000000
642560.000000
643314.000000
644067.000000
644835.000000
645581.000000
646370.000000
647147.000000
647903.000000
648696.000000
649494.000000
650268.000000
651092.000000
651869.000000
652618.000000
653374.000000
654138.000000
654891.000000
655687.000000
656494.000000
657261.000000
658046.000000
658890.000000
659678.000000
660470.000000
661263.000000
662030.000000
662829.000000
663651.000000
664431.000000
665261.000000
666099.000000
666922.000000
667803.000000
668674.000000
669481.000000
670322.000000
671149.000000
671957.000000
672778.000000
673553.000000
674328.000000
675115.000000
675868.000000
676641.000000
677429.000000
678172.000000
678953.000000
679731.000000
680490.000000
681279.000000
682061.000000
682818.000000
683598.000000
684359.000000
685131.000000
685906.000000
686654.000000
687430.000000
688215.000000
688965.000000
689749.000000
690550.000000
691299.000000
692070.000000
692866.000000
693639.000000
694417.000000
695206.000000
695956.000000
696743.000000
697576.000000
698332.000000
699093.000000
699890.000000
700643.000000
701416.000000
702204.000000
702959.000000
703741.000000
704552.000000
705328.000000
706138.000000
706955.000000
707738.000000
708538.000000
709349.000000
710110.000000
710895.000000
711687.000000
712442.000000
713221.000000
714048.000000
714826.000000
715636.000000
716470.000000
717264.000000
718082.000000
718919.000000
719727.000000
720588.000000
721469.000000
722271.000000
723141.000000
723982.000000
724775.000000
725592.000000
726450.000000
727216.000000
727991.000000
728793.000000
729591.000000
730389.000000
731249.000000
732053.000000
732882.000000
733737.000000
734525.000000
735336.000000
736159.000000
736951.000000
737786.000000
738581.000000
739388.000000
740220.000000
741012.000000
741841.000000
742634.000000
743413.000000
744228.000000
745043.000000
745831.000000
746660.000000
747453.000000
748254.000000
749076.000000
749854.000000
750664.000000
751465.000000
752233.000000
753026.000000
753804.000000
754555.000000
755313.000000
756074.000000
756805.000000
757570.000000
758359.000000
759134.000000
759950.000000
760775.000000
761534.000000
762348.000000
763136.000000
763921.000000
764731.000000
765508.000000
766282.000000
767114.000000
767912.000000
768706.000000
769502.000000
770265.000000
771102.000000
771971.000000
772783.000000
773637.000000
774522.000000
775380.000000
776303.000000
777145.000000
777974.000000
778795.000000
779558.000000
780337.000000
781104.000000
781860.000000
782610.000000
783399.000000
784188.000000
784959.000000
785748.000000
786529.000000
787286.000000
788060.000000
788841.000000
789591.000000
790390.000000
791173.000000
791909.000000
792626.000000
793338.000000
794070.000000
795234.000000
796265.000000
797129.000000
797873.000000
798587.000000
799409.000000
800333.000000
801276.000000
802212.000000
803137.000000
804038.000000
804959.000000
805869.000000
806704.000000
807573.000000
808506.000000
809463.000000
810342.000000
811243.000000
812092.000000
812919.000000
813802.000000
814776.000000
815691.000000
816602.000000
817462.000000
818276.000000
819099.000000
819935.000000
820754.000000
821670.000000
822533.000000
823358.000000
824216.000000
825038.000000
825842.000000
826685.000000
827528.000000
828342.000000
829204.000000
830059.000000
830854.000000
831716.000000
832586.000000
833398.000000
834248.000000
835126.000000
835948.000000
836812.000000
837646.000000
838469.000000
839318.000000
840135.000000
840940.000000
841753.000000
842588.000000
843380.000000
844195.000000
845004.000000
845777.000000
846593.000000
847408.000000
848196.000000
849006.000000
849809.000000
850611.000000
851459.000000
852271.000000
853048.000000
853854.000000
854638.000000
855426.000000
856256.000000
857038.000000
857821.000000
858628.000000
859406.000000
860201.000000
860988.000000
861751.000000
862548.000000
863334.000000
864100.000000
864875.000000
865628.000000
866396.000000
867198.000000
867958.000000
868703.000000
869467.000000
870232.000000
870978.000000
871763.000000
872547.000000
873323.000000
874132.000000
874921.000000
875715.000000
876542.000000
877327.000000
878138.000000
878976.000000
879761.000000
880570.000000
881441.000000
882243.000000
883042.000000
883868.000000
884658.000000
885471.000000
886327.000000
887146.000000
888006.000000
888818.000000
889601.000000
890422.000000
891219.000000
892032.000000
892871.000000
893680.000000
894536.000000
895419.000000
896237.000000
897070.000000
897913.000000
898711.000000
899552.000000
900369.000000
901150.000000
901972.000000
902749.000000
903544.000000
904370.000000
905176.000000
905991.000000
906815.000000
907618.000000
908463.000000
909268.000000
910069.000000
910899.000000
911746.000000
912574.000000
913455.000000
914266.000000
915052.000000
915855.000000
916646.000000
917418.000000
918238.000000
919045.000000
919864.000000
920703.000000
921484.000000
922263.000000
923052.000000
923817.000000
924568.000000
925360.000000
926109.000000
926846.000000
927545.000000
928255.000000
929140.000000
930018.000000
930867.000000
931660.000000
932498.000000
933301.000000
934095.000000
934938.000000
935726.000000
936534.000000
937358.000000
938140.000000
938952.000000
939760.000000
940540.000000
941373.000000
942179.000000
942993.000000
943880.000000
944777.000000
945655.000000
946494.000000
947288.000000
948108.000000
948901.000000
949674.000000
950492.000000
951333.000000
952107.000000
952906.000000
953731.000000
954499.000000
955312.000000
956127.000000
956917.000000
957733.000000
958583.000000
959375.000000
960202.000000
961026.000000
961825.000000
962669.000000
963478.000000
964261.000000
965065.000000
965856.000000
966624.000000
967424.000000
968232.000000
969044.000000
969931.000000
970934.000000
971815.000000
972676.000000
973515.000000
974311.000000
975149.000000
976035.000000
976872.000000
977766.000000
978675.000000
979575.000000
980481.000000
981311.000000
982137.000000
982985.000000
983785.000000
984625.000000
985453.000000
986241.000000
987070.000000
987888.000000
988719.000000
989570.000000
990367.000000
991192.000000
992047.000000
992849.000000
993691.000000
994507.000000
995296.000000
996148.000000
996971.000000
997794.000000
998650.000000
999449.000000
1000304.000000
1001150.000000
1001963.000000
1002799.000000
1003605.000000
1004392.000000
1005216.000000
1006019.000000
1006849.000000
1007684.000000
1008475.000000
1009292.000000
1010118.000000
1010916.000000
1011765.000000
1012567.000000
1013348.000000
1014191.000000
1015027.000000
1015849.000000
1016723.000000
1017560.000000
1018385.000000
1019248.000000
1020053.000000
1020888.000000
1021747.000000
1022553.000000
1023375.000000
1024225.000000
1025021.000000
1025866.000000
1026735.000000
1027553.000000
1028431.000000
1029323.000000
1030149.000000
1031041.000000
1031963.000000
1032847.000000
1033843.000000
1034833.000000
1035779.000000
1036740.000000
1037604.000000
1038468.000000
1039327.000000
1040158.000000
1041051.000000
1041932.000000
1042768.000000
1043644.000000
1044481.000000
1045312.000000
1046182.000000
1047004.000000
1047790.000000
1048657.000000
1049623.000000
1050493.000000
1051355.000000
1052144.000000
1052905.000000
1053674.000000
1054453.000000
1055235.000000
1056074.000000
1056889.000000
1057711.000000
1058552.000000
1059355.000000
1060161.000000
1061011.000000
1061827.000000
1062663.000000
1063550.000000
1064402.000000
1065251.000000
1066126.000000
1066954.000000
1067802.000000
1068674.000000
1069474.000000
1070305.000000
1071117.000000
1071900.000000
1072746.000000
1073570.000000
1074358.000000
1075199.000000
1076008.000000
1076820.000000
1077667.000000
1078486.000000
1079300.000000
1080171.000000
1080978.000000
1081808.000000
1082666.000000
1083455.000000
1084255.000000
1085089.000000
1085910.000000
1086696.000000
1087526.000000
1088399.000000
1089184.000000
1089988.000000
1090853.000000
1091727.000000
1092539.000000
1093391.000000
1094264.000000
1095061.000000
1095874.000000
1096727.000000
1097554.000000
1098447.000000
1099394.000000
1100264.000000
1101125.000000
1102076.000000
1102944.000000
1103808.000000
1104869.000000
1105836.000000
1106752.000000
1107657.000000
1108485.000000
1109323.000000
1110231.000000
1111146.000000
1112110.000000
1113157.000000
1114067.000000
1114893.000000
1115737.000000
1116590.000000
1117425.000000
1118354.000000
1119449.000000
1120500.000000
1121549.000000
1122495.000000
1123338.000000
1124173.000000
1125006.000000
1125818.000000
1126681.000000
1127787.000000
1128815.000000
1129843.000000
1130780.000000
1131626.000000
1132490.000000
1133429.000000
1134329.000000
1135279.000000
1136185.000000
1137053.000000
1137904.000000
1138714.000000
1139512.000000
1140380.000000
1141216.000000
1142074.000000
1143020.000000
1143895.000000
1144751.000000
1145625.000000
1146449.000000
1147295.000000
1148214.000000
1149089.000000
1149978.000000
1150920.000000
1151793.000000
1152650.000000
1153501.000000
1154303.000000
1155161.000000
1156090.000000
1156988.000000
1157910.000000
1158801.000000
1159629.000000
1160470.000000
1161305.000000
1162096.000000
1162932.000000
1163793.000000
1164663.000000
1165684.000000
1166630.000000
1167539.000000
1168402.000000
1169175.000000
1169976.000000
1170836.000000
1171648.000000
1172476.000000
1173471.000000
1174475.000000
1175488.000000
1176367.000000
1177160.000000
1177949.000000
1178753.000000
1179521.000000
1180309.000000
1181480.000000
1182506.000000
1183415.000000
1184364.000000
1185229.000000
1186083.000000
1187026.000000
1188030.000000
1188949.000000
1189909.000000
1190779.000000
1191671.000000
1192620.000000
1193471.000000
1194354.000000
1195277.000000
1196119.000000
1196972.000000
1197900.000000
1198730.000000
1199522.000000
1200334.000000
1201191.000000
1202026.000000
1202894.000000
1203819.000000
1204731.000000
1205655.000000
1206510.000000
1207384.000000
1208303.000000
1209156.000000
1210055.000000
1210971.000000
1211822.000000
1212744.000000
1213666.000000
1214502.000000
1215360.000000
1216281.000000
1217122.000000
1217975.000000
1218880.000000
1219716.000000
1220562.000000
1221486.000000
1222360.000000
1223244.000000
1224195.000000
1225068.000000
1225902.000000
1226801.000000
1227777.000000
1228658.000000
1229581.000000
1230573.000000
1231499.000000
1232471.000000
1233429.000000
1234309.000000
1235245.000000
1236262.000000
1237152.000000
1237994.000000
1238918.000000
1239907.000000
1240806.000000
1241732.000000
1242690.000000
1243614.000000
1244582.000000
1245481.000000
1246312.000000
1247181.000000
1248091.000000
1249010.000000
1249922.000000
1250822.000000
1251640.000000
1252462.000000
1253348.000000
1254304.000000
1255302.000000
1256309.000000
1257268.000000
