Peaks (s)
1423.000000
2631.000000
3741.000000
4669.000000
5661.000000
6911.000000
8030.000000
9004.000000
10211.000000
11348.000000
12367.000000
13467.000000
14530.000000
15422.000000
16454.000000
17676.000000
18598.000000
19703.000000
20910.000000
21929.000000
23042.000000
24167.000000
25167.000000
26282.000000
27348.000000
28381.000000
29348.000000
30361.000000
31369.000000
32269.000000
33521.000000
34609.000000
35533.000000
36586.000000
37666.000000
38599.000000
39500.000000
40530.000000
41689.000000
42835.000000
43939.000000
44999.000000
45943.000000
46929.000000
47888.000000
49037.000000
50064.000000
50938.000000
51841.000000
52921.000000
53984.000000
54863.000000
55707.000000
56619.000000
57868.000000
58912.000000
59891.000000
60989.000000
62103.000000
63098.000000
64290.000000
65446.000000
66413.000000
67562.000000
68664.000000
69648.000000
70765.000000
71877.000000
72858.000000
73957.000000
75052.000000
76073.000000
77066.000000
78092.000000
79114.000000
80027.000000
81115.000000
82194.000000
83138.000000
84227.000000
85297.000000
86307.000000
87275.000000
88338.000000
89410.000000
90414.000000
91413.000000
92461.000000
93552.000000
94618.000000
95554.000000
96490.000000
97352.000000
98611.000000
99729.000000
100674.000000
101578.000000
102573.000000
103572.000000
104518.000000
105789.000000
106830.000000
107883.000000
109025.000000
110045.000000
111105.000000
112117.000000
112999.000000
113963.000000
114995.000000
115937.000000
116904.000000
118129.000000
119243.000000
120330.000000
121389.000000
122328.000000
123248.000000
124177.000000
125393.000000
126499.000000
127448.000000
128324.000000
129139.000000
130056.000000
131283.000000
132365.000000
133276.000000
134091.000000
134913.000000
136207.000000
137356.000000
138385.000000
139300.000000
140264.000000
141401.000000
142481.000000
143527.000000
144453.000000
145482.000000
146557.000000
147643.000000
148617.000000
149616.000000
150599.000000
151520.000000
152386.000000
153439.000000
154574.000000
155513.000000
156384.000000
157277.000000
158515.000000
159665.000000
160756.000000
161726.000000
162751.000000
163652.000000
164687.000000
165937.000000
166924.000000
167974.000000
169040.000000
170014.000000
170902.000000
171812.000000
173068.000000
174245.000000
175278.000000
176217.000000
177457.000000
178615.000000
179735.000000
180833.000000
181756.000000
182629.000000
183651.000000
184842.000000
185792.000000
186708.000000
187732.000000
188810.000000
189748.000000
190638.000000
191643.000000
192777.000000
193709.000000
194609.000000
195603.000000
196639.000000
197549.000000
198494.000000
199738.000000
200778.000000
201655.000000
202554.000000
203820.000000
204911.000000
205841.000000
206772.000000
207941.000000
209061.000000
210003.000000
210912.000000
212170.000000
213269.000000
214203.000000
215167.000000
216251.000000
217214.000000
218184.000000
219206.000000
220161.000000
221107.000000
222185.000000
223207.000000
224154.000000
225220.000000
226220.000000
227096.000000
227984.000000
229207.000000
230189.000000
231097.000000
232081.000000
233117.000000
234006.000000
234965.000000
236037.000000
236933.000000
237831.000000
238883.000000
240005.000000
240903.000000
241777.000000
242756.000000
243995.000000
245089.000000
246094.000000
247035.000000
248058.000000
249280.000000
250417.000000
251512.000000
252453.000000
253388.000000
254336.000000
255617.000000
256728.000000
257680.000000
258608.000000
259523.000000
260791.000000
261942.000000
263040.000000
263980.000000
264883.000000
265780.000000
266968.000000
267877.000000
268696.000000
269232.000000
270537.000000
271720.000000
272884.000000
274059.000000
275186.000000
276276.000000
277122.000000
277934.000000
278771.000000
280077.000000
281274.000000
282406.000000
283503.000000
284521.000000
285405.000000
286258.000000
287444.000000
288602.000000
289659.000000
290569.000000
291500.000000
292502.000000
293405.000000
294360.000000
295508.000000
296459.000000
297465.000000
298502.000000
299416.000000
300391.000000
301472.000000
302413.000000
303427.000000
304475.000000
305412.000000
306574.000000
307649.000000
308520.000000
309404.000000
310511.000000
311502.000000
312379.000000
313228.000000
314507.000000
315649.000000
316693.000000
317740.000000
318849.000000
319942.000000
320988.000000
322119.000000
323266.000000
324356.000000
325450.000000
326555.000000
327571.000000
328570.000000
329729.000000
330690.000000
331815.000000
332817.000000
333668.000000
334586.000000
335841.000000
336954.000000
337910.000000
338839.000000
339691.000000
340999.000000
342158.000000
343285.000000
344264.000000
345381.000000
346486.000000
347469.000000
348528.000000
349478.000000
350629.000000
351860.000000
353032.000000
354089.000000
355037.000000
356018.000000
357301.000000
358445.000000
359578.000000
360729.000000
361723.000000
362776.000000
363668.000000
364904.000000
366062.000000
367130.000000
368134.000000
369228.000000
370389.000000
371439.000000
372470.000000
373577.000000
374639.000000
375674.000000
376779.000000
377879.000000
378891.000000
379758.000000
380654.000000
381964.000000
383157.000000
384212.000000
385260.000000
386480.000000
387606.000000
388620.000000
389598.000000
390855.000000
392044.000000
393159.000000
394095.000000
394932.000000
395787.000000
397096.000000
398313.000000
399377.000000
400394.000000
401557.000000
402722.000000
403801.000000
404926.000000
406103.000000
407179.000000
408217.000000
409333.000000
410416.000000
411421.000000
412519.000000
413613.000000
414605.000000
415668.000000
416619.000000
417488.000000
418269.000000
419082.000000
420433.000000
421611.000000
422567.000000
423499.000000
424755.000000
425942.000000
426886.000000
427846.000000
428990.000000
429954.000000
430886.000000
432144.000000
433344.000000
434341.000000
435333.000000
436544.000000
437666.000000
438657.000000
439685.000000
440865.000000
441893.000000
443053.000000
444012.000000
444899.000000
445858.000000
446750.000000
447709.000000
449072.000000
450269.000000
451329.000000
452520.000000
453647.000000
454617.000000
455539.000000
456849.000000
458080.000000
459234.000000
460326.000000
461506.000000
462621.000000
463653.000000
464719.000000
465871.000000
466967.000000
467952.000000
469100.000000
470185.000000
471068.000000
472009.000000
473258.000000
474348.000000
475269.000000
476265.000000
477388.000000
478345.000000
479431.000000
480602.000000
481614.000000
482758.000000
483910.000000
484832.000000
485900.000000
487047.000000
487996.000000
489089.000000
490240.000000
491169.000000
492143.000000
493238.000000
494205.000000
495395.000000
496503.000000
497486.000000
498544.000000
499582.000000
500522.000000
501583.000000
502633.000000
503566.000000
504609.000000
505750.000000
506729.000000
507838.000000
508945.000000
509837.000000
510704.000000
511963.000000
513098.000000
514219.000000
515319.000000
516361.000000
517397.000000
518531.000000
519751.000000
520928.000000
521979.000000
522905.000000
523815.000000
525142.000000
526342.000000
527541.000000
528626.000000
529572.000000
530476.000000
531767.000000
532938.000000
534054.000000
535110.000000
536056.000000
537057.000000
538308.000000
539470.000000
540480.000000
541329.000000
542182.000000
543500.000000
544707.000000
545857.000000
546874.000000
547738.000000
548622.000000
549905.000000
551085.000000
552060.000000
552958.000000
553899.000000
555219.000000
556431.000000
557583.000000
558533.000000
559386.000000
560344.000000
561620.000000
562774.000000
563800.000000
565006.000000
566141.000000
567149.000000
568046.000000
568948.000000
570216.000000
571378.000000
572488.000000
573407.000000
574251.000000
575179.000000
576472.000000
577675.000000
578662.000000
579689.000000
580846.000000
582004.000000
582962.000000
583869.000000
585110.000000
586301.000000
587364.000000
588412.000000
589513.000000
590617.000000
591604.000000
592688.000000
593733.000000
594648.000000
595582.000000
596625.000000
597808.000000
598806.000000
599769.000000
600937.000000
602017.000000
602960.000000
604143.000000
605297.000000
606314.000000
607393.000000
608463.000000
609392.000000
610394.000000
611402.000000
612296.000000
613261.000000
614523.000000
615493.000000
616548.000000
617658.000000
618620.000000
619748.000000
620863.000000
621792.000000
622844.000000
624002.000000
624996.000000
626165.000000
627227.000000
628117.000000
629021.000000
630048.000000
631028.000000
632080.000000
633264.000000
634231.000000
635251.000000
636444.000000
637446.000000
638588.000000
639674.000000
640592.000000
641598.000000
642730.000000
643672.000000
644758.000000
645868.000000
646842.000000
648123.000000
649222.000000
650223.000000
651409.000000
652420.000000
653365.000000
654535.000000
655576.000000
656522.000000
657760.000000
658831.000000
659839.000000
660959.000000
661996.000000
663122.000000
664345.000000
665368.000000
666563.000000
667699.000000
668704.000000
669844.000000
670975.000000
671948.000000
673125.000000
674233.000000
675284.000000
676416.000000
677527.000000
678548.000000
679719.000000
680806.000000
681773.000000
682853.000000
683980.000000
684972.000000
686149.000000
687295.000000
688285.000000
689392.000000
690407.000000
691285.000000
692530.000000
693665.000000
694706.000000
695823.000000
696945.000000
698007.000000
699136.000000
700235.000000
701175.000000
702095.000000
703070.000000
703989.000000
704914.000000
706244.000000
707526.000000
708696.000000
709710.000000
710951.000000
712099.000000
713106.000000
714244.000000
715370.000000
716402.000000
717528.000000
718610.000000
719662.000000
720786.000000
721839.000000
722864.000000
724003.000000
725032.000000
725928.000000
726706.000000
727437.000000
728187.000000
729545.000000
730719.000000
731883.000000
733008.000000
734144.000000
735174.000000
736049.000000
736903.000000
738180.000000
739376.000000
740527.000000
741509.000000
742380.000000
743317.000000
744451.000000
745512.000000
746500.000000
747391.000000
748281.000000
749554.000000
750688.000000
751636.000000
752606.000000
753607.000000
754556.000000
755443.000000
756438.000000
757676.000000
758796.000000
759807.000000
760948.000000
761971.000000
762852.000000
763780.000000
764741.000000
765601.000000
766440.000000
767725.000000
768912.000000
770017.000000
770953.000000
771877.000000
772976.000000
774084.000000
775112.000000
776009.000000
776946.000000
778002.000000
779069.000000
779986.000000
780937.000000
782088.000000
783073.000000
783971.000000
784937.000000
786140.000000
787133.000000
788027.000000
789010.000000
790221.000000
791274.000000
792185.000000
793020.000000
793935.000000
795230.000000
796406.000000
797392.000000
798347.000000
799630.000000
800787.000000
801779.000000
802842.000000
803931.000000
804936.000000
805858.000000
806857.000000
808096.000000
809215.000000
810151.000000
811214.000000
812361.000000
813369.000000
814305.000000
815385.000000
816519.000000
817517.000000
818715.000000
819808.000000
820731.000000
821702.000000
822678.000000
823601.000000
824828.000000
826014.000000
827066.000000
828201.000000
829214.000000
830210.000000
831456.000000
832578.000000
833610.000000
834677.000000
835735.000000
836671.000000
837688.000000
838871.000000
839892.000000
841060.000000
842101.000000
843201.000000
844379.000000
845376.000000
846427.000000
847565.000000
848481.000000
849492.000000
850701.000000
851692.000000
852648.000000
853930.000000
855160.000000
856268.000000
857375.000000
858520.000000
859613.000000
860653.000000
861763.000000
862843.000000
863802.000000
864742.000000
865765.000000
866691.000000
867816.000000
869026.000000
869965.000000
871121.000000
872267.000000
873192.000000
874269.000000
875387.000000
876318.000000
877348.000000
878521.000000
879513.000000
880650.000000
881786.000000
882728.000000
883717.000000
884811.000000
885755.000000
886717.000000
887870.000000
888980.000000
890002.000000
891131.000000
892183.000000
893112.000000
894121.000000
895200.000000
896132.000000
897168.000000
898305.000000
899264.000000
900356.000000
901552.000000
902504.000000
903551.000000
904671.000000
905659.000000
906723.000000
907789.000000
908709.000000
909779.000000
910921.000000
911915.000000
913028.000000
914231.000000
915270.000000
916432.000000
917515.000000
918434.000000
919391.000000
920743.000000
921893.000000
923083.000000
924275.000000
925426.000000
926453.000000
927412.000000
928360.000000
929720.000000
930836.000000
931915.000000
933141.000000
934324.000000
935368.000000
936354.000000
937635.000000
938828.000000
939905.000000
941017.000000
942226.000000
943400.000000
944468.000000
945650.000000
946815.000000
947901.000000
948851.000000
949677.000000
950603.000000
951864.000000
952964.000000
953904.000000
954817.000000
956049.000000
957292.000000
958388.000000
959289.000000
960170.000000
961468.000000
962569.000000
963586.000000
964681.000000
965819.000000
966857.000000
967860.000000
968883.000000
970053.000000
971096.000000
972150.000000
973272.000000
974386.000000
975476.000000
976508.000000
977418.000000
978251.000000
979220.000000
980507.000000
981512.000000
982425.000000
983318.000000
984618.000000
985822.000000
986779.000000
987640.000000
988632.000000
989876.000000
990913.000000
991793.000000
992721.000000
993932.000000
995125.000000
996140.000000
997021.000000
997975.000000
999227.000000
1000372.000000
1001343.000000
1002198.000000
1003134.000000
1004368.000000
1005475.000000
1006418.000000
1007298.000000
1008514.000000
1009654.000000
1010687.000000
1011592.000000
1012572.000000
1013783.000000
1014860.000000
1015947.000000
1017019.000000
1017941.000000
1018808.000000
1019837.000000
1021017.000000
1022107.000000
1023120.000000
1024299.000000
1025405.000000
1026431.000000
1027587.000000
1028680.000000
1029683.000000
1030776.000000
1031881.000000
1032822.000000
1033917.000000
1035052.000000
1036065.000000
1037145.000000
1038312.000000
1039322.000000
1040345.000000
1041507.000000
1042501.000000
1043715.000000
1044908.000000
1045911.000000
1047037.000000
1048154.000000
1049084.000000
1049951.000000
1051256.000000
1052395.000000
1053459.000000
1054622.000000
1055810.000000
1056911.000000
1058036.000000
1059168.000000
1060244.000000
1061293.000000
1062448.000000
1063541.000000
1064546.000000
1065654.000000
1066785.000000
1067783.000000
1068754.000000
1069868.000000
1070940.000000
1071860.000000
1072732.000000
1074031.000000
1075175.000000
1076310.000000
1077289.000000
1078132.000000
1078946.000000
1079836.000000
1081200.000000
1082424.000000
1083479.000000
1084360.000000
1085195.000000
1086186.000000
1087467.000000
1088702.000000
1089865.000000
1091014.000000
1092038.000000
1092941.000000
1093791.000000
1094691.000000
1095988.000000
1097221.000000
1098401.000000
1099529.000000
1100496.000000
1101356.000000
1102190.000000
1103143.000000
1104455.000000
1105698.000000
1106890.000000
1107886.000000
1108780.000000
1109633.000000
1110600.000000
1111877.000000
1113032.000000
1114011.000000
1114968.000000
1116201.000000
1117344.000000
1118302.000000
1119150.000000
1120021.000000
1121333.000000
1122547.000000
1123607.000000
1124836.000000
1126055.000000
1127130.000000
1128141.000000
1129333.000000
1130377.000000
1131314.000000
1132497.000000
1133707.000000
1134668.000000
1135573.000000
1136735.000000
1137999.000000
1139106.000000
1140298.000000
1141388.000000
1142399.000000
1143641.000000
1144827.000000
1145809.000000
1146687.000000
1147960.000000
1149141.000000
1150205.000000
1151114.000000
1152087.000000
1153353.000000
1154474.000000
1155538.000000
1156752.000000
1157894.000000
1158908.000000
1160123.000000
1161242.000000
1162238.000000
1163057.000000
1163888.000000
1165217.000000
1166414.000000
1167467.000000
1168443.000000
1169692.000000
1170870.000000
1171973.000000
1172920.000000
1173893.000000
1175020.000000
1176090.000000
1177035.000000
1178226.000000
1179344.000000
1180303.000000
1181447.000000
1182588.000000
1183555.000000
1184632.000000
1185785.000000
1186703.000000
1187675.000000
1188930.000000
1190021.000000
1191017.000000
1192226.000000
1193397.000000
1194506.000000
