Peaks (s)
1527.000000
2512.000000
3484.000000
4469.000000
5480.000000
6488.000000
7506.000000
8489.000000
9481.000000
10478.000000
11473.000000
12426.000000
13363.000000
14314.000000
15286.000000
16244.000000
17190.000000
18168.000000
19170.000000
20165.000000
21141.000000
22116.000000
23097.000000
24072.000000
25012.000000
25956.000000
26943.000000
27927.000000
28899.000000
29851.000000
30829.000000
31822.000000
32794.000000
33761.000000
34739.000000
35712.000000
36655.000000
37596.000000
38554.000000
39515.000000
40454.000000
41372.000000
42294.000000
43204.000000
44134.000000
45063.000000
45983.000000
46924.000000
47897.000000
48855.000000
49818.000000
50809.000000
51811.000000
52801.000000
53795.000000
54796.000000
55774.000000
56738.000000
57727.000000
58714.000000
59682.000000
60642.000000
61614.000000
62594.000000
63546.000000
64500.000000
65475.000000
66444.000000
67392.000000
68365.000000
69351.000000
70312.000000
71273.000000
72234.000000
73194.000000
74147.000000
75121.000000
76087.000000
77023.000000
77973.000000
78936.000000
79866.000000
80803.000000
81756.000000
82688.000000
83618.000000
84573.000000
85533.000000
86471.000000
87408.000000
88352.000000
89307.000000
90237.000000
91186.000000
92138.000000
93067.000000
93993.000000
94950.000000
95916.000000
96854.000000
97793.000000
98761.000000
99721.000000
100653.000000
101604.000000
102556.000000
103492.000000
104425.000000
105396.000000
106358.000000
107301.000000
108256.000000
109219.000000
110151.000000
111093.000000
112034.000000
112957.000000
113885.000000
114827.000000
115778.000000
116704.000000
117644.000000
118598.000000
119555.000000
120485.000000
121432.000000
122386.000000
123305.000000
124229.000000
125186.000000
126134.000000
127070.000000
128034.000000
129016.000000
129970.000000
130919.000000
131877.000000
132848.000000
133793.000000
134753.000000
135723.000000
136688.000000
137627.000000
138564.000000
139472.000000
140395.000000
141305.000000
142237.000000
143185.000000
144110.000000
145046.000000
145995.000000
146917.000000
147837.000000
148796.000000
149767.000000
150714.000000
151658.000000
152629.000000
153598.000000
154542.000000
155511.000000
156501.000000
157458.000000
158399.000000
159373.000000
160341.000000
161290.000000
162263.000000
163224.000000
164168.000000
165127.000000
166108.000000
167059.000000
168007.000000
168971.000000
169936.000000
170875.000000
171828.000000
172789.000000
173747.000000
174686.000000
175653.000000
176623.000000
177584.000000
178531.000000
179471.000000
180416.000000
181335.000000
182265.000000
183211.000000
184137.000000
185056.000000
185992.000000
186926.000000
187843.000000
188783.000000
189730.000000
190673.000000
191592.000000
192526.000000
193491.000000
194434.000000
195384.000000
196354.000000
197308.000000
198235.000000
199184.000000
200148.000000
201092.000000
202027.000000
202993.000000
203972.000000
204918.000000
205859.000000
206824.000000
207784.000000
208725.000000
209682.000000
210643.000000
211558.000000
212474.000000
213412.000000
214346.000000
215262.000000
216190.000000
217124.000000
218039.000000
218950.000000
219879.000000
220815.000000
221734.000000
222661.000000
223601.000000
224519.000000
225430.000000
226379.000000
227327.000000
228234.000000
229163.000000
230107.000000
231032.000000
231940.000000
232878.000000
233817.000000
234727.000000
235639.000000
236577.000000
237488.000000
238398.000000
239322.000000
240234.000000
241097.000000
241976.000000
242900.000000
243825.000000
244733.000000
245679.000000
246636.000000
247565.000000
248493.000000
249445.000000
250387.000000
251306.000000
252252.000000
253218.000000
254163.000000
255098.000000
256075.000000
257056.000000
258011.000000
258969.000000
259955.000000
260930.000000
261885.000000
262862.000000
263854.000000
264808.000000
265749.000000
266726.000000
267713.000000
268663.000000
269650.000000
270629.000000
271600.000000
272544.000000
273494.000000
274470.000000
275417.000000
276354.000000
277322.000000
278283.000000
279218.000000
280172.000000
281141.000000
282087.000000
283046.000000
284014.000000
284953.000000
285878.000000
286825.000000
287763.000000
288685.000000
289622.000000
290598.000000
291573.000000
292531.000000
293496.000000
294481.000000
295444.000000
296410.000000
297379.000000
298375.000000
299343.000000
300308.000000
301279.000000
302209.000000
303133.000000
304037.000000
304932.000000
305819.000000
306724.000000
307668.000000
308617.000000
309553.000000
310508.000000
311486.000000
312440.000000
313405.000000
314399.000000
315374.000000
316323.000000
317300.000000
318297.000000
319255.000000
320216.000000
321192.000000
322148.000000
323101.000000
324067.000000
325028.000000
325971.000000
326926.000000
327894.000000
328853.000000
329801.000000
330777.000000
331771.000000
332731.000000
333693.000000
334682.000000
335665.000000
336620.000000
337594.000000
338556.000000
339473.000000
340381.000000
341344.000000
342335.000000
343296.000000
344250.000000
345223.000000
346230.000000
347192.000000
348160.000000
349147.000000
350136.000000
351093.000000
352067.000000
353036.000000
353990.000000
354949.000000
355934.000000
356927.000000
357880.000000
358845.000000
359834.000000
360811.000000
361766.000000
362747.000000
363732.000000
364728.000000
365695.000000
366665.000000
367652.000000
368631.000000
369597.000000
370543.000000
371506.000000
372478.000000
373435.000000
374362.000000
375320.000000
376285.000000
377258.000000
378206.000000
379168.000000
380166.000000
381158.000000
382125.000000
383103.000000
384117.000000
385130.000000
386108.000000
387087.000000
388084.000000
389096.000000
390062.000000
391019.000000
391994.000000
392985.000000
393935.000000
394886.000000
395872.000000
396865.000000
397829.000000
398801.000000
399777.000000
400731.000000
401684.000000
402668.000000
403651.000000
404598.000000
405545.000000
406514.000000
407472.000000
408406.000000
409364.000000
410364.000000
411337.000000
412289.000000
413239.000000
414213.000000
415184.000000
416112.000000
417044.000000
417981.000000
418912.000000
419839.000000
420787.000000
421728.000000
422651.000000
423540.000000
424429.000000
425310.000000
426231.000000
427162.000000
428070.000000
428977.000000
429929.000000
430873.000000
431789.000000
432716.000000
433676.000000
434644.000000
435565.000000
436508.000000
437481.000000
438421.000000
439351.000000
440324.000000
441297.000000
442243.000000
443191.000000
444162.000000
445140.000000
446086.000000
447029.000000
447993.000000
448949.000000
449870.000000
450820.000000
451813.000000
452780.000000
453722.000000
454689.000000
455634.000000
456570.000000
457499.000000
458393.000000
459321.000000
460235.000000
461152.000000
462096.000000
463043.000000
463980.000000
464919.000000
465881.000000
466861.000000
467807.000000
468735.000000
469683.000000
470642.000000
471594.000000
472522.000000
473474.000000
474435.000000
475348.000000
476277.000000
477206.000000
478142.000000
479055.000000
479981.000000
480925.000000
481877.000000
482780.000000
483709.000000
484646.000000
485584.000000
486497.000000
487445.000000
488414.000000
489368.000000
490293.000000
491238.000000
492205.000000
493146.000000
494061.000000
494996.000000
495956.000000
496890.000000
497810.000000
498741.000000
499693.000000
500647.000000
501563.000000
502493.000000
503433.000000
504350.000000
505245.000000
506151.000000
507105.000000
508069.000000
509030.000000
509990.000000
510974.000000
511966.000000
512936.000000
513901.000000
514886.000000
515892.000000
516870.000000
517856.000000
518841.000000
519790.000000
520459.000000
521724.000000
522762.000000
523724.000000
524686.000000
525668.000000
526645.000000
527596.000000
528556.000000
529551.000000
530527.000000
531485.000000
532460.000000
533455.000000
534421.000000
535392.000000
536384.000000
537384.000000
538350.000000
539320.000000
540337.000000
541349.000000
542347.000000
543326.000000
544311.000000
545297.000000
546259.000000
547222.000000
548223.000000
549248.000000
550242.000000
551233.000000
552222.000000
553214.000000
554174.000000
555137.000000
556135.000000
557135.000000
558106.000000
559078.000000
560079.000000
561084.000000
562060.000000
563030.000000
564040.000000
565064.000000
566029.000000
566984.000000
567946.000000
568907.000000
569824.000000
570706.000000
571593.000000
572509.000000
573475.000000
574470.000000
575416.000000
576381.000000
577371.000000
578354.000000
579338.000000
580310.000000
581294.000000
582304.000000
583295.000000
584256.000000
585223.000000
586203.000000
587185.000000
588151.000000
589118.000000
590105.000000
591076.000000
592028.000000
592975.000000
593943.000000
594922.000000
595888.000000
596829.000000
597770.000000
598710.000000
599645.000000
600567.000000
601489.000000
602426.000000
603387.000000
604317.000000
605235.000000
606172.000000
607117.000000
608057.000000
608990.000000
609948.000000
610900.000000
611840.000000
612780.000000
613731.000000
614697.000000
615662.000000
616599.000000
617575.000000
618558.000000
619561.000000
620531.000000
621515.000000
622518.000000
623521.000000
624490.000000
625474.000000
626468.000000
627463.000000
628435.000000
629416.000000
630428.000000
631432.000000
632410.000000
633391.000000
634380.000000
635354.000000
636306.000000
637269.000000
638249.000000
639190.000000
640140.000000
641107.000000
642084.000000
643041.000000
644001.000000
644928.000000
645852.000000
646781.000000
647703.000000
648658.000000
649634.000000
650597.000000
651544.000000
652516.000000
653507.000000
654454.000000
655407.000000
656366.000000
657351.000000
658309.000000
659258.000000
660241.000000
661243.000000
662232.000000
663209.000000
664198.000000
665188.000000
666143.000000
667111.000000
668095.000000
669065.000000
670016.000000
670968.000000
671938.000000
672921.000000
673875.000000
674816.000000
675785.000000
676773.000000
677742.000000
678708.000000
679696.000000
680683.000000
681628.000000
682598.000000
683592.000000
684579.000000
685542.000000
686508.000000
687493.000000
688464.000000
689430.000000
690406.000000
691376.000000
692323.000000
693260.000000
694218.000000
695172.000000
696123.000000
697065.000000
698030.000000
698982.000000
699922.000000
700839.000000
701774.000000
702732.000000
703705.000000
704655.000000
705633.000000
706623.000000
707590.000000
708549.000000
709542.000000
710536.000000
711498.000000
712462.000000
713451.000000
714436.000000
715384.000000
716342.000000
717325.000000
718316.000000
719283.000000
720248.000000
721237.000000
722249.000000
723224.000000
724197.000000
725197.000000
726186.000000
727141.000000
728103.000000
729067.000000
730045.000000
730998.000000
731942.000000
732912.000000
733903.000000
734860.000000
735806.000000
736790.000000
737762.000000
738709.000000
739690.000000
740683.000000
741647.000000
742598.000000
743569.000000
744556.000000
745535.000000
746491.000000
747466.000000
748438.000000
749402.000000
750314.000000
751207.000000
752130.000000
753078.000000
754030.000000
754950.000000
755865.000000
756832.000000
757790.000000
758709.000000
759656.000000
760612.000000
761554.000000
762472.000000
763396.000000
764336.000000
765283.000000
766218.000000
767183.000000
768159.000000
769097.000000
770049.000000
771027.000000
771996.000000
772942.000000
773916.000000
774884.000000
775833.000000
776780.000000
777758.000000
778736.000000
779688.000000
780646.000000
781615.000000
782607.000000
783562.000000
784507.000000
785477.000000
786463.000000
787417.000000
788363.000000
789321.000000
790301.000000
791283.000000
792241.000000
793185.000000
794154.000000
795125.000000
796048.000000
796973.000000
797922.000000
798872.000000
799794.000000
800725.000000
801685.000000
802645.000000
803579.000000
804524.000000
805488.000000
806442.000000
807365.000000
808300.000000
809237.000000
810166.000000
811074.000000
812015.000000
812964.000000
813893.000000
814815.000000
815758.000000
816679.000000
817574.000000
818443.000000
819348.000000
820285.000000
821195.000000
822100.000000
823032.000000
823982.000000
824916.000000
825850.000000
826809.000000
827793.000000
828751.000000
829705.000000
830686.000000
831660.000000
832603.000000
833532.000000
834500.000000
835452.000000
836400.000000
837331.000000
838287.000000
839248.000000
840186.000000
841117.000000
842076.000000
843037.000000
843974.000000
844909.000000
845877.000000
846856.000000
847853.000000
848805.000000
849770.000000
850751.000000
851745.000000
852730.000000
853701.000000
854679.000000
855650.000000
856584.000000
857556.000000
858528.000000
859466.000000
860417.000000
861399.000000
862385.000000
863341.000000
864296.000000
865265.000000
866214.000000
867140.000000
868077.000000
869018.000000
869971.000000
870910.000000
871859.000000
872834.000000
873799.000000
874751.000000
875724.000000
876694.000000
877662.000000
878622.000000
879602.000000
880596.000000
881562.000000
882533.000000
883520.000000
884474.000000
885427.000000
886396.000000
887367.000000
888322.000000
889280.000000
890242.000000
891187.000000
892132.000000
893094.000000
894043.000000
894971.000000
895916.000000
896887.000000
897843.000000
