ECG (ms)
644.000000
1450.000000
2298.000000
3379.000000
4307.000000
5176.000000
6029.000000
6958.000000
8070.000000
9003.000000
9823.000000
10602.000000
11484.000000
12663.000000
13703.000000
14710.000000
15624.000000
16509.000000
17469.000000
18458.000000
19417.000000
20279.000000
21098.000000
21999.000000
22999.000000
24009.000000
24923.000000
25771.000000
26634.000000
27534.000000
28506.000000
29317.000000
30070.000000
30857.000000
31789.000000
32918.000000
33921.000000
34822.000000
35659.000000
36532.000000
37350.000000
38139.000000
38910.000000
39701.000000
40605.000000
41727.000000
42688.000000
43464.000000
44190.000000
44957.000000
45739.000000
46552.000000
47356.000000
48197.000000
49128.000000
50257.000000
51182.000000
51973.000000
52802.000000
53648.000000
54549.000000
55426.000000
56227.000000
57048.000000
57926.000000
58834.000000
59650.000000
60471.000000
61411.000000
62399.000000
63178.000000
63887.000000
64634.000000
65450.000000
66235.000000
67081.000000
68095.000000
69190.000000
70040.000000
70811.000000
71633.000000
72512.000000
73574.000000
74461.000000
75354.000000
76475.000000
77357.000000
78185.000000
79057.000000
80077.000000
81134.000000
82075.000000
82949.000000
83824.000000
84624.000000
85478.000000
86384.000000
87262.000000
88114.000000
88966.000000
89812.000000
90644.000000
91420.000000
92258.000000
93146.000000
93994.000000
94804.000000
95653.000000
96568.000000
97612.000000
98472.000000
99264.000000
100082.000000
100921.000000
101725.000000
102509.000000
103369.000000
104266.000000
105100.000000
105904.000000
106739.000000
107583.000000
108385.000000
109134.000000
109923.000000
110769.000000
111694.000000
112597.000000
113451.000000
114295.000000
115165.000000
115970.000000
116728.000000
117509.000000
118259.000000
118955.000000
119674.000000
120403.000000
121141.000000
122062.000000
123105.000000
123992.000000
124766.000000
125525.000000
126295.000000
127093.000000
127858.000000
128598.000000
129434.000000
130348.000000
131425.000000
132296.000000
133052.000000
133837.000000
134701.000000
135833.000000
136789.000000
137594.000000
138498.000000
139631.000000
140579.000000
141362.000000
142179.000000
143030.000000
143898.000000
144745.000000
145650.000000
146790.000000
147811.000000
148662.000000
149429.000000
150238.000000
151109.000000
152196.000000
153037.000000
153866.000000
154726.000000
155641.000000
156526.000000
157345.000000
158198.000000
159057.000000
159845.000000
160627.000000
161463.000000
162317.000000
163112.000000
163870.000000
164685.000000
165505.000000
166301.000000
167060.000000
167848.000000
168682.000000
169551.000000
170364.000000
171143.000000
171939.000000
172758.000000
173540.000000
174280.000000
175021.000000
175825.000000
176648.000000
177510.000000
178320.000000
179068.000000
179838.000000
180612.000000
181418.000000
182200.000000
182942.000000
183661.000000
184338.000000
185062.000000
186077.000000
187153.000000
188136.000000
188941.000000
189720.000000
190541.000000
191414.000000
192291.000000
193101.000000
194009.000000
195120.000000
196069.000000
196853.000000
197657.000000
198503.000000
199568.000000
200647.000000
201698.000000
202722.000000
203700.000000
204599.000000
205467.000000
206302.000000
207088.000000
207939.000000
208931.000000
210040.000000
210931.000000
211790.000000
212710.000000
213597.000000
214441.000000
215253.000000
216159.000000
217277.000000
218174.000000
218986.000000
219823.000000
220729.000000
221634.000000
222514.000000
223448.000000
224485.000000
225599.000000
226684.000000
227730.000000
228641.000000
229460.000000
230284.000000
231133.000000
232016.000000
232916.000000
234085.000000
235142.000000
236142.000000
236982.000000
237886.000000
238854.000000
239952.000000
240895.000000
241772.000000
242670.000000
243551.000000
244410.000000
245298.000000
246286.000000
247410.000000
248475.000000
249411.000000
250192.000000
250987.000000
251836.000000
252764.000000
253693.000000
254552.000000
255579.000000
256764.000000
257797.000000
258641.000000
259421.000000
260309.000000
261367.000000
262475.000000
263430.000000
264264.000000
265099.000000
265900.000000
266680.000000
267534.000000
268488.000000
269574.000000
270416.000000
271234.000000
272019.000000
272767.000000
273482.000000
274245.000000
275201.000000
276273.000000
277173.000000
278074.000000
279149.000000
280037.000000
280823.000000
281616.000000
282436.000000
283273.000000
284072.000000
284895.000000
285755.000000
286677.000000
287623.000000
288502.000000
289434.000000
290564.000000
291553.000000
292376.000000
293213.000000
294100.000000
295031.000000
295887.000000
296773.000000
297800.000000
298963.000000
299964.000000
300841.000000
301736.000000
302747.000000
303850.000000
304781.000000
305686.000000
306623.000000
307516.000000
308394.000000
309388.000000
310546.000000
311572.000000
312481.000000
313424.000000
314279.000000
315116.000000
316029.000000
317242.000000
318260.000000
319173.000000
320085.000000
321073.000000
322137.000000
323046.000000
324027.000000
325187.000000
326195.000000
327074.000000
327943.000000
328848.000000
329913.000000
330866.000000
331836.000000
332982.000000
333937.000000
334742.000000
335562.000000
336487.000000
337456.000000
338300.000000
339163.000000
340084.000000
340981.000000
341817.000000
342694.000000
343628.000000
344506.000000
345324.000000
346149.000000
346996.000000
347844.000000
348646.000000
349414.000000
350219.000000
351099.000000
352086.000000
352912.000000
353673.000000
354463.000000
355292.000000
356177.000000
357067.000000
357873.000000
358716.000000
359600.000000
360489.000000
361319.000000
362102.000000
362890.000000
363716.000000
364601.000000
365449.000000
366215.000000
367033.000000
367786.000000
368490.000000
369262.000000
370030.000000
370768.000000
371591.000000
372446.000000
373306.000000
374126.000000
374939.000000
375778.000000
376626.000000
377404.000000
378148.000000
378916.000000
379696.000000
380449.000000
381183.000000
381973.000000
382825.000000
383698.000000
384488.000000
385305.000000
386158.000000
387040.000000
387847.000000
388680.000000
389549.000000
390428.000000
391241.000000
392038.000000
392881.000000
393775.000000
394664.000000
395466.000000
396235.000000
397049.000000
397913.000000
398769.000000
399567.000000
400403.000000
401289.000000
402227.000000
403077.000000
403891.000000
404743.000000
405635.000000
406528.000000
407338.000000
408191.000000
409117.000000
410202.000000
411169.000000
412039.000000
412919.000000
413781.000000
414625.000000
415463.000000
416456.000000
417623.000000
418610.000000
419537.000000
420532.000000
421457.000000
422372.000000
423283.000000
424193.000000
425218.000000
426130.000000
427010.000000
427942.000000
428843.000000
429754.000000
430666.000000
431576.000000
432687.000000
433568.000000
434379.000000
435251.000000
436187.000000
437104.000000
438045.000000
439225.000000
440309.000000
441314.000000
442202.000000
443099.000000
443987.000000
444846.000000
445705.000000
446628.000000
447729.000000
448664.000000
449520.000000
450423.000000
451316.000000
452169.000000
453065.000000
454195.000000
455261.000000
456096.000000
456892.000000
457749.000000
458662.000000
459853.000000
460865.000000
461754.000000
462672.000000
463622.000000
464703.000000
465612.000000
466576.000000
467508.000000
468454.000000
469297.000000
470100.000000
470931.000000
471809.000000
472754.000000
473602.000000
474437.000000
475351.000000
476460.000000
477369.000000
478219.000000
479078.000000
479958.000000
480867.000000
481695.000000
482568.000000
483477.000000
484354.000000
485161.000000
485936.000000
486742.000000
487615.000000
488493.000000
489315.000000
490042.000000
490757.000000
491447.000000
492285.000000
493492.000000
494617.000000
495709.000000
496774.000000
497737.000000
498747.000000
499704.000000
500564.000000
501377.000000
502190.000000
503150.000000
504286.000000
505294.000000
506116.000000
506878.000000
507726.000000
508654.000000
509809.000000
510860.000000
511695.000000
512514.000000
513429.000000
514598.000000
515595.000000
516448.000000
517271.000000
518219.000000
519426.000000
520449.000000
521304.000000
522172.000000
523154.000000
524294.000000
525224.000000
526053.000000
526959.000000
527923.000000
528816.000000
529658.000000
530611.000000
531826.000000
532889.000000
533882.000000
534744.000000
535623.000000
536548.000000
537440.000000
538421.000000
539624.000000
540661.000000
541649.000000
542549.000000
543393.000000
544201.000000
545064.000000
546180.000000
547363.000000
548399.000000
549332.000000
550258.000000
551198.000000
552220.000000
553119.000000
554077.000000
554996.000000
555903.000000
556734.000000
557616.000000
558553.000000
559429.000000
560234.000000
561126.000000
562066.000000
562957.000000
563795.000000
564660.000000
565525.000000
566357.000000
567171.000000
568071.000000
569016.000000
569865.000000
570672.000000
571526.000000
572416.000000
573276.000000
574083.000000
574911.000000
575816.000000
576803.000000
577647.000000
578444.000000
579275.000000
580145.000000
580967.000000
581776.000000
582663.000000
583627.000000
584575.000000
585465.000000
586403.000000
587325.000000
588244.000000
589096.000000
589963.000000
590883.000000
591785.000000
592606.000000
593471.000000
594379.000000
595303.000000
596188.000000
597013.000000
597886.000000
598844.000000
