ECG (ms)
105.000000
1233.000000
2164.000000
3117.000000
4041.000000
4966.000000
5635.000000
6674.000000
7613.000000
8582.000000
9529.000000
10392.000000
11252.000000
12164.000000
13097.000000
14049.000000
14986.000000
15976.000000
16927.000000
17883.000000
18857.000000
19845.000000
20788.000000
21743.000000
22746.000000
23689.000000
24579.000000
25404.000000
26324.000000
27343.000000
28392.000000
29389.000000
30414.000000
31463.000000
32496.000000
33456.000000
34412.000000
35377.000000
36331.000000
37249.000000
38249.000000
39284.000000
40241.000000
41207.000000
42207.000000
43156.000000
44053.000000
45035.000000
45999.000000
46887.000000
47778.000000
48779.000000
49765.000000
50648.000000
51563.000000
52551.000000
53523.000000
54409.000000
55367.000000
56313.000000
57177.000000
58113.000000
59041.000000
59874.000000
60773.000000
61795.000000
62720.000000
63685.000000
64719.000000
65630.000000
66573.000000
67522.000000
68396.000000
69240.000000
70206.000000
71120.000000
71939.000000
72831.000000
73792.000000
74664.000000
75591.000000
76533.000000
77379.000000
78275.000000
79198.000000
80036.000000
80952.000000
81893.000000
82762.000000
83662.000000
84609.000000
85480.000000
86366.000000
87352.000000
88277.000000
89137.000000
90076.000000
91033.000000
91901.000000
92810.000000
93760.000000
94672.000000
95576.000000
96595.000000
97581.000000
98516.000000
99525.000000
100517.000000
101417.000000
102343.000000
103293.000000
104196.000000
105146.000000
106154.000000
107086.000000
108010.000000
108999.000000
109970.000000
110842.000000
111716.000000
112692.000000
113585.000000
114429.000000
115370.000000
116311.000000
117145.000000
118073.000000
119030.000000
119886.000000
120722.000000
121589.000000
122428.000000
123278.000000
124243.000000
125206.000000
126108.000000
127063.000000
128011.000000
128885.000000
129827.000000
130747.000000
131561.000000
132469.000000
133497.000000
134439.000000
135425.000000
136435.000000
137358.000000
138345.000000
139348.000000
140298.000000
141245.000000
142240.000000
143160.000000
144091.000000
145071.000000
145977.000000
146877.000000
147890.000000
148880.000000
149776.000000
150700.000000
151668.000000
152565.000000
153519.000000
154504.000000
155454.000000
156467.000000
157471.000000
158428.000000
159479.000000
160491.000000
161430.000000
162370.000000
163321.000000
164201.000000
165098.000000
166065.000000
166977.000000
167895.000000
168892.000000
169860.000000
170719.000000
171603.000000
172533.000000
173483.000000
174515.000000
175509.000000
176395.000000
177161.000000
177937.000000
178933.000000
179821.000000
180793.000000
181811.000000
182771.000000
183670.000000
184573.000000
185394.000000
186240.000000
187103.000000
188042.000000
189033.000000
189983.000000
190898.000000
191742.000000
192494.000000
193256.000000
194070.000000
195081.000000
196012.000000
197017.000000
198020.000000
198933.000000
199943.000000
200993.000000
201948.000000
202950.000000
203965.000000
204900.000000
205888.000000
206884.000000
207822.000000
208816.000000
209881.000000
210888.000000
211898.000000
212884.000000
213778.000000
214713.000000
215750.000000
216720.000000
217656.000000
218665.000000
219677.000000
220616.000000
221579.000000
222555.000000
223446.000000
224351.000000
225314.000000
226205.000000
227096.000000
228048.000000
228957.000000
229774.000000
230650.000000
231626.000000
232505.000000
233426.000000
234390.000000
235290.000000
236213.000000
237207.000000
238097.000000
239008.000000
239989.000000
240904.000000
241904.000000
242962.000000
243955.000000
244923.000000
245928.000000
246895.000000
247825.000000
248830.000000
249823.000000
250779.000000
251803.000000
252814.000000
253778.000000
254798.000000
255757.000000
256609.000000
257477.000000
258435.000000
259338.000000
260337.000000
261360.000000
262322.000000
263305.000000
264120.000000
264928.000000
265732.000000
266617.000000
267583.000000
268485.000000
269322.000000
270190.000000
271084.000000
271906.000000
272736.000000
273677.000000
274654.000000
275565.000000
276576.000000
277595.000000
278534.000000
279551.000000
280527.000000
281426.000000
282394.000000
283426.000000
284354.000000
285205.000000
286074.000000
287034.000000
287929.000000
288942.000000
289984.000000
290941.000000
291907.000000
292879.000000
293788.000000
294706.000000
295702.000000
296663.000000
297565.000000
298527.000000
299456.000000
300360.000000
301361.000000
302354.000000
303256.000000
304151.000000
305037.000000
305880.000000
306779.000000
307794.000000
308780.000000
309707.000000
310701.000000
311664.000000
312558.000000
313502.000000
314441.000000
315300.000000
316269.000000
317221.000000
318097.000000
319095.000000
320116.000000
321060.000000
322049.000000
323037.000000
323964.000000
324988.000000
325986.000000
326915.000000
327857.000000
328734.000000
329511.000000
330293.000000
331226.000000
332138.000000
333141.000000
334152.000000
335131.000000
336191.000000
337167.000000
338052.000000
338890.000000
339664.000000
340399.000000
341202.000000
342032.000000
342911.000000
343961.000000
344886.000000
345777.000000
346723.000000
347648.000000
348491.000000
349244.000000
349951.000000
350686.000000
351867.000000
352987.000000
354083.000000
355085.000000
356078.000000
357113.000000
358102.000000
359008.000000
359966.000000
360948.000000
361878.000000
362808.000000
363749.000000
364605.000000
365519.000000
366437.000000
367344.000000
368346.000000
369306.000000
370164.000000
371055.000000
371992.000000
372916.000000
373843.000000
374864.000000
375862.000000
376808.000000
377801.000000
378803.000000
379732.000000
380692.000000
381685.000000
382619.000000
383512.000000
384505.000000
385506.000000
386432.000000
387404.000000
388374.000000
389317.000000
390320.000000
391314.000000
392259.000000
393266.000000
394267.000000
395207.000000
396168.000000
397149.000000
398038.000000
398938.000000
399917.000000
400857.000000
401792.000000
402771.000000
403725.000000
404667.000000
405656.000000
406538.000000
407388.000000
408318.000000
409235.000000
410071.000000
411017.000000
411980.000000
412833.000000
413716.000000
414645.000000
415478.000000
416292.000000
417288.000000
418255.000000
419115.000000
420012.000000
420926.000000
421751.000000
422673.000000
423699.000000
424632.000000
425593.000000
426567.000000
427405.000000
428157.000000
428881.000000
429764.000000
430723.000000
431687.000000
432748.000000
433751.000000
434730.000000
435774.000000
436781.000000
437686.000000
438679.000000
439695.000000
440612.000000
441501.000000
442431.000000
443381.000000
444318.000000
445400.000000
446430.000000
447401.000000
448460.000000
449501.000000
450470.000000
451473.000000
452487.000000
453405.000000
454365.000000
455356.000000
456280.000000
457223.000000
458196.000000
459187.000000
460097.000000
461043.000000
462053.000000
462999.000000
463922.000000
464914.000000
465863.000000
466793.000000
467783.000000
468758.000000
469681.000000
470666.000000
471656.000000
472581.000000
473537.000000
474528.000000
475458.000000
476406.000000
477379.000000
478281.000000
479235.000000
480245.000000
481176.000000
482087.000000
483074.000000
484063.000000
484995.000000
486027.000000
487052.000000
488017.000000
489053.000000
490057.000000
491035.000000
492055.000000
493038.000000
493928.000000
494926.000000
495977.000000
496921.000000
497899.000000
498933.000000
499894.000000
500901.000000
501943.000000
502917.000000
503897.000000
504895.000000
505823.000000
506784.000000
507760.000000
508668.000000
509542.000000
510585.000000
511629.000000
512573.000000
513609.000000
514626.000000
515568.000000
516537.000000
517505.000000
518402.000000
519362.000000
520350.000000
521252.000000
522200.000000
523242.000000
524225.000000
525131.000000
526119.000000
527081.000000
527990.000000
528967.000000
529941.000000
530816.000000
531712.000000
532663.000000
533572.000000
534475.000000
535483.000000
536470.000000
537345.000000
538306.000000
539334.000000
540301.000000
541181.000000
542117.000000
543147.000000
544148.000000
545152.000000
546186.000000
547162.000000
548060.000000
548860.000000
549591.000000
550334.000000
551127.000000
551856.000000
552650.000000
553587.000000
554581.000000
555391.000000
556135.000000
556863.000000
557652.000000
558864.000000
560006.000000
561113.000000
562199.000000
563182.000000
564173.000000
565175.000000
566147.000000
567075.000000
567977.000000
568918.000000
569887.000000
570781.000000
571684.000000
572542.000000
573309.000000
574093.000000
574951.000000
575772.000000
576635.000000
577627.000000
578596.000000
579516.000000
580491.000000
581464.000000
582427.000000
583400.000000
584405.000000
585321.000000
586189.000000
587105.000000
588093.000000
589044.000000
590012.000000
591007.000000
591956.000000
592862.000000
593852.000000
594841.000000
595727.000000
596626.000000
597529.000000
598424.000000
599257.000000
600177.000000
601132.000000
601987.000000
602832.000000
603714.000000
604537.000000
605337.000000
606272.000000
607273.000000
608165.000000
609051.000000
609948.000000
610770.000000
611573.000000
612462.000000
613353.000000
614140.000000
614982.000000
615885.000000
616670.000000
617390.000000
618263.000000
619320.000000
620319.000000
621288.000000
622305.000000
623275.000000
624121.000000
624983.000000
625922.000000
626820.000000
627694.000000
628678.000000
629640.000000
630550.000000
631592.000000
632608.000000
633498.000000
634381.000000
635322.000000
636162.000000
636983.000000
637949.000000
638919.000000
639806.000000
640736.000000
641704.000000
642562.000000
643492.000000
644468.000000
645367.000000
646306.000000
647277.000000
648141.000000
648938.000000
649678.000000
650397.000000
651337.000000
652317.000000
653255.000000
654277.000000
655272.000000
656176.000000
657119.000000
658076.000000
658925.000000
659784.000000
