ECG (ms)
239.000000
1095.000000
2023.000000
2992.000000
3881.000000
4740.000000
5614.000000
6506.000000
7367.000000
8265.000000
9107.000000
9966.000000
10822.000000
11728.000000
12621.000000
13462.000000
14295.000000
15207.000000
16098.000000
16962.000000
17861.000000
18758.000000
19602.000000
20427.000000
21274.000000
22168.000000
23056.000000
23904.000000
24764.000000
25687.000000
26633.000000
27507.000000
28414.000000
29296.000000
30137.000000
31014.000000
31962.000000
32929.000000
33841.000000
34734.000000
35639.000000
36536.000000
37474.000000
38396.000000
39273.000000
40158.000000
41034.000000
41938.000000
42802.000000
43743.000000
44658.000000
45495.000000
46354.000000
47217.000000
48102.000000
48964.000000
49820.000000
50767.000000
51746.000000
52671.000000
53588.000000
54491.000000
55394.000000
56339.000000
57266.000000
58168.000000
59038.000000
59923.000000
60803.000000
61695.000000
62610.000000
63643.000000
64546.000000
65395.000000
66311.000000
67209.000000
68093.000000
68940.000000
69821.000000
70706.000000
71595.000000
72499.000000
73451.000000
74379.000000
75243.000000
76178.000000
77089.000000
77977.000000
78877.000000
79757.000000
80663.000000
81555.000000
82513.000000
83487.000000
84354.000000
85240.000000
86127.000000
86999.000000
87879.000000
88824.000000
89758.000000
90613.000000
91514.000000
92422.000000
93307.000000
94168.000000
95041.000000
95955.000000
96828.000000
97762.000000
98692.000000
99580.000000
100455.000000
101385.000000
102303.000000
103156.000000
103997.000000
104919.000000
105824.000000
106696.000000
107590.000000
108540.000000
109437.000000
110313.000000
111215.000000
112073.000000
112907.000000
113749.000000
114655.000000
115545.000000
116400.000000
117229.000000
118117.000000
119012.000000
119869.000000
120731.000000
121576.000000
122458.000000
123325.000000
124256.000000
125186.000000
126056.000000
126920.000000
127820.000000
128718.000000
129564.000000
130409.000000
131314.000000
132207.000000
133055.000000
133883.000000
134756.000000
135625.000000
136476.000000
137344.000000
138231.000000
139129.000000
140015.000000
140965.000000
141927.000000
142807.000000
143654.000000
144572.000000
145472.000000
146339.000000
147200.000000
148030.000000
148883.000000
149739.000000
150590.000000
151456.000000
152301.000000
153184.000000
154110.000000
155084.000000
155973.000000
156827.000000
157743.000000
158645.000000
159522.000000
160401.000000
161308.000000
162199.000000
163085.000000
163979.000000
164860.000000
165707.000000
166566.000000
167384.000000
168182.000000
169006.000000
169850.000000
170716.000000
171561.000000
172395.000000
173243.000000
174154.000000
175067.000000
175937.000000
176802.000000
177667.000000
178551.000000
179410.000000
180341.000000
181260.000000
182113.000000
182965.000000
183870.000000
184763.000000
185627.000000
186495.000000
187341.000000
188208.000000
189056.000000
189946.000000
190812.000000
191643.000000
192473.000000
193315.000000
194194.000000
195053.000000
195871.000000
196694.000000
197591.000000
198476.000000
199354.000000
200199.000000
201046.000000
201875.000000
202734.000000
203586.000000
204479.000000
205383.000000
206227.000000
207059.000000
207925.000000
208788.000000
209655.000000
210481.000000
211277.000000
212098.000000
212928.000000
213776.000000
214650.000000
215510.000000
216390.000000
217319.000000
218279.000000
219246.000000
220150.000000
221091.000000
222041.000000
222957.000000
223913.000000
224841.000000
225685.000000
226576.000000
227451.000000
228324.000000
229172.000000
230084.000000
231077.000000
231990.000000
232919.000000
233833.000000
234710.000000
235593.000000
236548.000000
237490.000000
238351.000000
239272.000000
240184.000000
241062.000000
241967.000000
242911.000000
243800.000000
244681.000000
245598.000000
246471.000000
247315.000000
248236.000000
249216.000000
250090.000000
250950.000000
251856.000000
252758.000000
253614.000000
254450.000000
255364.000000
256267.000000
257138.000000
258036.000000
258900.000000
259780.000000
260667.000000
261610.000000
262566.000000
263432.000000
264332.000000
265224.000000
266077.000000
266993.000000
267930.000000
268824.000000
269717.000000
270634.000000
271525.000000
272371.000000
273289.000000
274208.000000
275109.000000
275989.000000
276889.000000
277769.000000
278651.000000
279595.000000
280563.000000
281425.000000
282250.000000
283143.000000
284021.000000
284887.000000
285733.000000
286615.000000
287540.000000
288457.000000
289413.000000
290385.000000
291270.000000
292163.000000
293047.000000
293916.000000
294799.000000
295697.000000
296565.000000
297462.000000
298457.000000
299444.000000
300370.000000
301251.000000
302190.000000
303125.000000
304027.000000
304964.000000
305907.000000
306798.000000
307717.000000
308634.000000
309534.000000
310380.000000
311246.000000
312169.000000
313141.000000
314058.000000
314947.000000
315812.000000
316661.000000
317536.000000
318417.000000
319304.000000
320156.000000
321012.000000
321926.000000
322840.000000
323729.000000
324664.000000
325547.000000
326397.000000
327246.000000
328168.000000
329064.000000
329931.000000
330825.000000
331760.000000
332646.000000
333514.000000
334419.000000
335315.000000
336165.000000
337068.000000
337988.000000
338898.000000
339792.000000
340696.000000
341562.000000
342424.000000
343346.000000
344322.000000
345208.000000
346076.000000
346970.000000
347864.000000
348736.000000
349673.000000
350564.000000
351403.000000
352260.000000
353195.000000
354157.000000
355031.000000
355899.000000
356763.000000
357617.000000
358484.000000
359372.000000
360218.000000
361054.000000
361939.000000
362849.000000
363742.000000
364585.000000
365474.000000
366386.000000
367291.000000
368156.000000
369045.000000
369921.000000
370791.000000
371645.000000
372555.000000
373467.000000
374298.000000
375164.000000
376040.000000
376913.000000
377745.000000
378587.000000
379482.000000
380352.000000
381184.000000
382016.000000
382882.000000
383759.000000
384618.000000
385506.000000
386349.000000
387211.000000
388077.000000
388988.000000
389915.000000
390758.000000
391656.000000
392550.000000
393417.000000
394258.000000
395113.000000
395998.000000
396847.000000
397671.000000
398509.000000
399383.000000
400237.000000
401099.000000
401954.000000
402798.000000
403650.000000
404532.000000
405415.000000
406281.000000
407113.000000
407980.000000
408879.000000
409767.000000
410617.000000
411484.000000
412380.000000
413275.000000
414139.000000
415024.000000
415910.000000
416781.000000
417691.000000
418645.000000
419503.000000
420347.000000
421237.000000
422118.000000
422956.000000
423802.000000
424729.000000
425687.000000
426559.000000
427445.000000
428361.000000
429243.000000
430118.000000
430979.000000
431873.000000
432747.000000
433668.000000
434604.000000
435469.000000
436357.000000
437246.000000
438127.000000
438964.000000
439811.000000
440714.000000
441607.000000
442445.000000
443260.000000
444143.000000
445038.000000
445914.000000
446852.000000
447760.000000
448654.000000
449540.000000
450453.000000
451338.000000
452168.000000
453031.000000
453927.000000
454824.000000
455673.000000
456537.000000
457454.000000
458395.000000
459264.000000
460141.000000
461045.000000
461944.000000
462893.000000
463876.000000
464774.000000
465679.000000
466600.000000
467499.000000
468451.000000
469426.000000
470286.000000
471187.000000
472099.000000
472991.000000
473916.000000
474867.000000
475788.000000
476741.000000
477653.000000
478543.000000
479451.000000
480408.000000
481385.000000
482284.000000
483209.000000
484117.000000
484995.000000
485909.000000
486769.000000
487637.000000
488557.000000
489530.000000
490440.000000
491295.000000
492227.000000
493147.000000
494056.000000
494980.000000
495871.000000
496772.000000
497733.000000
498722.000000
499615.000000
500474.000000
501389.000000
502272.000000
503102.000000
503958.000000
504904.000000
505838.000000
506781.000000
507708.000000
508634.000000
509540.000000
510479.000000
511377.000000
512257.000000
513199.000000
514168.000000
515052.000000
515939.000000
516860.000000
517777.000000
518665.000000
519561.000000
520436.000000
521321.000000
522203.000000
523140.000000
524080.000000
524946.000000
525878.000000
526799.000000
527689.000000
528583.000000
529478.000000
530374.000000
531306.000000
532296.000000
533223.000000
534138.000000
535065.000000
535973.000000
536963.000000
537943.000000
538834.000000
539728.000000
540618.000000
541491.000000
542366.000000
543271.000000
544146.000000
545044.000000
545983.000000
546920.000000
547814.000000
548727.000000
549655.000000
550568.000000
551438.000000
552311.000000
553188.000000
554054.000000
554934.000000
555844.000000
556723.000000
557565.000000
558420.000000
559346.000000
560260.000000
561142.000000
562022.000000
562939.000000
563841.000000
564737.000000
565623.000000
566510.000000
567386.000000
568321.000000
569301.000000
570177.000000
571057.000000
571947.000000
572831.000000
573701.000000
574608.000000
575488.000000
576337.000000
577215.000000
578136.000000
579044.000000
579925.000000
580813.000000
581713.000000
582594.000000
583512.000000
584440.000000
585311.000000
586176.000000
587046.000000
587900.000000
588760.000000
589661.000000
590554.000000
591408.000000
592258.000000
593174.000000
594057.000000
594894.000000
595748.000000
596625.000000
597502.000000
598330.000000
599142.000000
600019.000000
600388.000000
