ECG (ms)
154.000000
1193.000000
2210.000000
3165.000000
4422.000000
5538.000000
6531.000000
7505.000000
8643.000000
9723.000000
10734.000000
11686.000000
12702.000000
13806.000000
14844.000000
15782.000000
16730.000000
17713.000000
18692.000000
19613.000000
20583.000000
21646.000000
22702.000000
23719.000000
24646.000000
25623.000000
26600.000000
27567.000000
28485.000000
29559.000000
30716.000000
31797.000000
32757.000000
33649.000000
34543.000000
35566.000000
36597.000000
37533.000000
38516.000000
39553.000000
40620.000000
41610.000000
42571.000000
43586.000000
44620.000000
45636.000000
46542.000000
47419.000000
48354.000000
49368.000000
50318.000000
51243.000000
52179.000000
53086.000000
53933.000000
54785.000000
55713.000000
56619.000000
57437.000000
58265.000000
59115.000000
59966.000000
60882.000000
61888.000000
62938.000000
63935.000000
64817.000000
65661.000000
66504.000000
67379.000000
68304.000000
69259.000000
70275.000000
71358.000000
72447.000000
73383.000000
74341.000000
75365.000000
76402.000000
77294.000000
78248.000000
79392.000000
80503.000000
81386.000000
82340.000000
83373.000000
84373.000000
85253.000000
86237.000000
87357.000000
88406.000000
89284.000000
90243.000000
91290.000000
92357.000000
93279.000000
94297.000000
95464.000000
96543.000000
97435.000000
98347.000000
99295.000000
100233.000000
101094.000000
102035.000000
103138.000000
104207.000000
105107.000000
106104.000000
107212.000000
108255.000000
109179.000000
110158.000000
111167.000000
112141.000000
113020.000000
113959.000000
114925.000000
115904.000000
116796.000000
117758.000000
118697.000000
119533.000000
120413.000000
121310.000000
122141.000000
122962.000000
123880.000000
124834.000000
125770.000000
126791.000000
127798.000000
128761.000000
129648.000000
130501.000000
131445.000000
132442.000000
133407.000000
134313.000000
135201.000000
136171.000000
137226.000000
138303.000000
139201.000000
140220.000000
141376.000000
142408.000000
143337.000000
144274.000000
145290.000000
146375.000000
147355.000000
148296.000000
149293.000000
150335.000000
151347.000000
152316.000000
153327.000000
154348.000000
155347.000000
156261.000000
157186.000000
158099.000000
159056.000000
159984.000000
161009.000000
162072.000000
163075.000000
163998.000000
164996.000000
165980.000000
166948.000000
167864.000000
168849.000000
169923.000000
171006.000000
172001.000000
172936.000000
173903.000000
174865.000000
175728.000000
176609.000000
177570.000000
178559.000000
179462.000000
180488.000000
181608.000000
182712.000000
183708.000000
184609.000000
185537.000000
186488.000000
187433.000000
188288.000000
189234.000000
190327.000000
191361.000000
192269.000000
193184.000000
194097.000000
194971.000000
195809.000000
196694.000000
197630.000000
198587.000000
199542.000000
200422.000000
201312.000000
202235.000000
203193.000000
204137.000000
204982.000000
205843.000000
206733.000000
207716.000000
208637.000000
209583.000000
210615.000000
211642.000000
212529.000000
213434.000000
214409.000000
215463.000000
216387.000000
217292.000000
218180.000000
219056.000000
219917.000000
220759.000000
221701.000000
222705.000000
223709.000000
224604.000000
225510.000000
226465.000000
227427.000000
228318.000000
229226.000000
230188.000000
231198.000000
232138.000000
233050.000000
234018.000000
234998.000000
235900.000000
236762.000000
237676.000000
238673.000000
239656.000000
240507.000000
241405.000000
242474.000000
243540.000000
244446.000000
245365.000000
246305.000000
247245.000000
248111.000000
249045.000000
250082.000000
251116.000000
252016.000000
252891.000000
253841.000000
254887.000000
255885.000000
256794.000000
257797.000000
258841.000000
259902.000000
260852.000000
261840.000000
262854.000000
263916.000000
264974.000000
265911.000000
266894.000000
267928.000000
268985.000000
270040.000000
271149.000000
272169.000000
273150.000000
274017.000000
274840.000000
275705.000000
276588.000000
277490.000000
278326.000000
279222.000000
280076.000000
280898.000000
281745.000000
282701.000000
283584.000000
284541.000000
285590.000000
286614.000000
287558.000000
288450.000000
289352.000000
290329.000000
291335.000000
292292.000000
293147.000000
294060.000000
295055.000000
296093.000000
297081.000000
297972.000000
298962.000000
299995.000000
301027.000000
301961.000000
302796.000000
303686.000000
304660.000000
305799.000000
306860.000000
307815.000000
308852.000000
309839.000000
310775.000000
311605.000000
312440.000000
313281.000000
314141.000000
314990.000000
315792.000000
316652.000000
317606.000000
318550.000000
319488.000000
320322.000000
321087.000000
321851.000000
322648.000000
323501.000000
324420.000000
325283.000000
326134.000000
327047.000000
327962.000000
328887.000000
329743.000000
330666.000000
331667.000000
332678.000000
333695.000000
334599.000000
335537.000000
336506.000000
337553.000000
338581.000000
339473.000000
340385.000000
341330.000000
342351.000000
343291.000000
344215.000000
345167.000000
346114.000000
347066.000000
347959.000000
348893.000000
349772.000000
350656.000000
351505.000000
352390.000000
353334.000000
354313.000000
355204.000000
356086.000000
357017.000000
357969.000000
358853.000000
359752.000000
360714.000000
361732.000000
362668.000000
363545.000000
364486.000000
365610.000000
366692.000000
367612.000000
368581.000000
369604.000000
370670.000000
371621.000000
372611.000000
373716.000000
374788.000000
375725.000000
376685.000000
377685.000000
378672.000000
379558.000000
380461.000000
381416.000000
382398.000000
383302.000000
384223.000000
385231.000000
386185.000000
387067.000000
388027.000000
388974.000000
389869.000000
390701.000000
391571.000000
392480.000000
393395.000000
394257.000000
395073.000000
395946.000000
396813.000000
397665.000000
398560.000000
399399.000000
400261.000000
401157.000000
402063.000000
402901.000000
403664.000000
404413.000000
405207.000000
406141.000000
407316.000000
408353.000000
409291.000000
410156.000000
410999.000000
411910.000000
412831.000000
413769.000000
414726.000000
415696.000000
416688.000000
417703.000000
418703.000000
419675.000000
420630.000000
421545.000000
422440.000000
423336.000000
424263.000000
425202.000000
426140.000000
427098.000000
428011.000000
428872.000000
429694.000000
430565.000000
431514.000000
432542.000000
433472.000000
434311.000000
435221.000000
436184.000000
437164.000000
438067.000000
438929.000000
439862.000000
440838.000000
441855.000000
442771.000000
443706.000000
444667.000000
445756.000000
446672.000000
447604.000000
448642.000000
449766.000000
450852.000000
451755.000000
452704.000000
453748.000000
454801.000000
455780.000000
456832.000000
457873.000000
458875.000000
459834.000000
460790.000000
461863.000000
462967.000000
463983.000000
464913.000000
465812.000000
466764.000000
467804.000000
468827.000000
469742.000000
470670.000000
471702.000000
472714.000000
473678.000000
474549.000000
475496.000000
476478.000000
477445.000000
478315.000000
479202.000000
480123.000000
481072.000000
481980.000000
482839.000000
483806.000000
484821.000000
485734.000000
486542.000000
487348.000000
488142.000000
488940.000000
489754.000000
490538.000000
491295.000000
492032.000000
492794.000000
493568.000000
494394.000000
495217.000000
496112.000000
497017.000000
497901.000000
498797.000000
499694.000000
500581.000000
501436.000000
502245.000000
503077.000000
503989.000000
504911.000000
505798.000000
506787.000000
507861.000000
508854.000000
509757.000000
510651.000000
511492.000000
512352.000000
513202.000000
514056.000000
514901.000000
515737.000000
516694.000000
517688.000000
518621.000000
519516.000000
520491.000000
521438.000000
522322.000000
523143.000000
523916.000000
524656.000000
525355.000000
526113.000000
527067.000000
528153.000000
529113.000000
530059.000000
531015.000000
531998.000000
532930.000000
533843.000000
534697.000000
535548.000000
536427.000000
537314.000000
538257.000000
539190.000000
540116.000000
541052.000000
542004.000000
542936.000000
543846.000000
544671.000000
545478.000000
546290.000000
547129.000000
547965.000000
548810.000000
549705.000000
550534.000000
551323.000000
552063.000000
552768.000000
553318.000000
554088.000000
554762.000000
555443.000000
556489.000000
557408.000000
558330.000000
559259.000000
560175.000000
561113.000000
562093.000000
563083.000000
564062.000000
565048.000000
566063.000000
567069.000000
568041.000000
569014.000000
570011.000000
571012.000000
571981.000000
572945.000000
573877.000000
574772.000000
575558.000000
576332.000000
577116.000000
577918.000000
578690.000000
579556.000000
580592.000000
581560.000000
582463.000000
583274.000000
584110.000000
584943.000000
585794.000000
586681.000000
587518.000000
588371.000000
589294.000000
590233.000000
591130.000000
591936.000000
592764.000000
593614.000000
594461.000000
595252.000000
596086.000000
596968.000000
597874.000000
598795.000000
599676.000000
600657.000000
601636.000000
602598.000000
603538.000000
604401.000000
605311.000000
606232.000000
607153.000000
608069.000000
608924.000000
