ECG (ms)
357.000000
1285.000000
2513.000000
3766.000000
5071.000000
6309.000000
7481.000000
8701.000000
9907.000000
10988.000000
11979.000000
13017.000000
14244.000000
15398.000000
16567.000000
17774.000000
18928.000000
20098.000000
21198.000000
22222.000000
23405.000000
24546.000000
25628.000000
26791.000000
28012.000000
29261.000000
30542.000000
31773.000000
32774.000000
33850.000000
35032.000000
36071.000000
37224.000000
38467.000000
39600.000000
40762.000000
41963.000000
43096.000000
44173.000000
45385.000000
46594.000000
47650.000000
48796.000000
50026.000000
51118.000000
52059.000000
52944.000000
54028.000000
55269.000000
56521.000000
57676.000000
58879.000000
60040.000000
61057.000000
62149.000000
63155.000000
64157.000000
65158.000000
66122.000000
67060.000000
68044.000000
68965.000000
69932.000000
71104.000000
72330.000000
73561.000000
74770.000000
75972.000000
77079.000000
78104.000000
79264.000000
80522.000000
81794.000000
82947.000000
84181.000000
85458.000000
86772.000000
87946.000000
89185.000000
90452.000000
91676.000000
92709.000000
93679.000000
94982.000000
96276.000000
97512.000000
98767.000000
100051.000000
101231.000000
102350.000000
103589.000000
104843.000000
105917.000000
106870.000000
107902.000000
109200.000000
110476.000000
111700.000000
112901.000000
114156.000000
115370.000000
116438.000000
117500.000000
118788.000000
120070.000000
121351.000000
122637.000000
123921.000000
125193.000000
126389.000000
127574.000000
128670.000000
129807.000000
131057.000000
132323.000000
133457.000000
134654.000000
135922.000000
137096.000000
138202.000000
139436.000000
140689.000000
141846.000000
142815.000000
143786.000000
145063.000000
146320.000000
147580.000000
148809.000000
150069.000000
151335.000000
152563.000000
153717.000000
154963.000000
156217.000000
157333.000000
158515.000000
159788.000000
161029.000000
162109.000000
163004.000000
163908.000000
165174.000000
166417.000000
167661.000000
168908.000000
170164.000000
171424.000000
172681.000000
173889.000000
175088.000000
176330.000000
177549.000000
178655.000000
179803.000000
180988.000000
182181.000000
183365.000000
184500.000000
185541.000000
186501.000000
187657.000000
188894.000000
189992.000000
191156.000000
192348.000000
193401.000000
194387.000000
195471.000000
196630.000000
197737.000000
198828.000000
199958.000000
201090.000000
202108.000000
203141.000000
204294.000000
205390.000000
206395.000000
207497.000000
208702.000000
209860.000000
210905.000000
212017.000000
213198.000000
214340.000000
215368.000000
216371.000000
217422.000000
218532.000000
219514.000000
220403.000000
221358.000000
222210.000000
223021.000000
223892.000000
225128.000000
226347.000000
227571.000000
228787.000000
229965.000000
231107.000000
232091.000000
232955.000000
233789.000000
234661.000000
235817.000000
237042.000000
238281.000000
239526.000000
240755.000000
241973.000000
243190.000000
244405.000000
245464.000000
246463.000000
247633.000000
248821.000000
249992.000000
251095.000000
252206.000000
253305.000000
254428.000000
255499.000000
256592.000000
257504.000000
258378.000000
259654.000000
260908.000000
262185.000000
263479.000000
264685.000000
265919.000000
267089.000000
268145.000000
269387.000000
270607.000000
271726.000000
272900.000000
274161.000000
275400.000000
276475.000000
277674.000000
278903.000000
280036.000000
281152.000000
282440.000000
283705.000000
284946.000000
286201.000000
287441.000000
288644.000000
289861.000000
291139.000000
292376.000000
293534.000000
294738.000000
295934.000000
296991.000000
298074.000000
299294.000000
300511.000000
301660.000000
302910.000000
304198.000000
305354.000000
306487.000000
307664.000000
308837.000000
309815.000000
310681.000000
311508.000000
312417.000000
313672.000000
314908.000000
316159.000000
317404.000000
318654.000000
319888.000000
321069.000000
322231.000000
323404.000000
324471.000000
325460.000000
326539.000000
327777.000000
328975.000000
330093.000000
331299.000000
332483.000000
333698.000000
334776.000000
335829.000000
337069.000000
338320.000000
339520.000000
340781.000000
342078.000000
343301.000000
344437.000000
345668.000000
346872.000000
348028.000000
349238.000000
350488.000000
351609.000000
352823.000000
354079.000000
355278.000000
356551.000000
357826.000000
359098.000000
360318.000000
361558.000000
362810.000000
363973.000000
365221.000000
366494.000000
367731.000000
368967.000000
370171.000000
371274.000000
372303.000000
373571.000000
374820.000000
376069.000000
377329.000000
378587.000000
379839.000000
381040.000000
382276.000000
383358.000000
384523.000000
385768.000000
386935.000000
388175.000000
389426.000000
390612.000000
391765.000000
392982.000000
394166.000000
395206.000000
396290.000000
397484.000000
398684.000000
399769.000000
400729.000000
401850.000000
403111.000000
404336.000000
405413.000000
406532.000000
407706.000000
408762.000000
409858.000000
411061.000000
412174.000000
413285.000000
414425.000000
415408.000000
416401.000000
417501.000000
418664.000000
419758.000000
420947.000000
422094.000000
423165.000000
424129.000000
425106.000000
426093.000000
427126.000000
428042.000000
428932.000000
430178.000000
431411.000000
432634.000000
433779.000000
434806.000000
435864.000000
436990.000000
438149.000000
439166.000000
440192.000000
441349.000000
442495.000000
443596.000000
444827.000000
446019.000000
447092.000000
448230.000000
449408.000000
450527.000000
451536.000000
452640.000000
453880.000000
455066.000000
456099.000000
457155.000000
458191.000000
459138.000000
460130.000000
461273.000000
462490.000000
463567.000000
464676.000000
465858.000000
466981.000000
468124.000000
469332.000000
470507.000000
471586.000000
472742.000000
473942.000000
475061.000000
476194.000000
477328.000000
478413.000000
479380.000000
480386.000000
481640.000000
482868.000000
484007.000000
485188.000000
486391.000000
487534.000000
488720.000000
489896.000000
491006.000000
491939.000000
492798.000000
493719.000000
494989.000000
496248.000000
497483.000000
498663.000000
499824.000000
500940.000000
501965.000000
503077.000000
504327.000000
505538.000000
506664.000000
507626.000000
508643.000000
509819.000000
511003.000000
512090.000000
513187.000000
514364.000000
515559.000000
516651.000000
517814.000000
519035.000000
520165.000000
521139.000000
522182.000000
523420.000000
524553.000000
525643.000000
526838.000000
528006.000000
529077.000000
530190.000000
531369.000000
532524.000000
533603.000000
534773.000000
535943.000000
537099.000000
538210.000000
539314.000000
540475.000000
541591.000000
542542.000000
543403.000000
544322.000000
545523.000000
546763.000000
547979.000000
549155.000000
550335.000000
551520.000000
552638.000000
553654.000000
554762.000000
555927.000000
557101.000000
558178.000000
559155.000000
560220.000000
561377.000000
562572.000000
563729.000000
564986.000000
566220.000000
567394.000000
568606.000000
569792.000000
570838.000000
571906.000000
573089.000000
574257.000000
575447.000000
576681.000000
577884.000000
579028.000000
580205.000000
581352.000000
582497.000000
583652.000000
584831.000000
585917.000000
587081.000000
588286.000000
589360.000000
590343.000000
591445.000000
592696.000000
593864.000000
595070.000000
596299.000000
597466.000000
598539.000000
599695.000000
600872.000000
601917.000000
602960.000000
604089.000000
605311.000000
606388.000000
607242.000000
608038.000000
608797.000000
609543.000000
610790.000000
612032.000000
613240.000000
614441.000000
615616.000000
616723.000000
617776.000000
618825.000000
619907.000000
621012.000000
622103.000000
623156.000000
624205.000000
625286.000000
626281.000000
627325.000000
