ECG (ms)
89.000000
921.000000
1750.000000
2584.000000
3394.000000
4284.000000
5297.000000
6416.000000
7453.000000
8431.000000
9387.000000
10383.000000
11281.000000
12207.000000
13384.000000
14432.000000
15369.000000
16229.000000
17139.000000
18167.000000
19178.000000
20068.000000
20983.000000
22118.000000
23125.000000
24070.000000
24950.000000
25911.000000
26925.000000
27839.000000
28790.000000
29972.000000
30963.000000
31955.000000
33010.000000
33969.000000
34957.000000
35910.000000
36873.000000
38051.000000
39078.000000
40064.000000
41087.000000
42052.000000
43045.000000
44001.000000
45144.000000
46166.000000
47123.000000
48117.000000
49112.000000
50036.000000
51025.000000
52062.000000
53007.000000
54010.000000
54998.000000
55947.000000
56907.000000
57825.000000
58717.000000
59660.000000
60634.000000
61608.000000
62617.000000
63547.000000
64476.000000
65457.000000
66556.000000
67466.000000
68319.000000
69224.000000
70201.000000
71139.000000
72113.000000
73024.000000
74036.000000
74994.000000
75939.000000
76808.000000
77716.000000
78711.000000
79593.000000
80577.000000
81761.000000
82750.000000
83745.000000
84729.000000
85662.000000
86617.000000
87551.000000
88445.000000
89390.000000
90530.000000
91511.000000
92397.000000
93329.000000
94351.000000
95330.000000
96267.000000
97348.000000
98236.000000
99179.000000
100264.000000
101156.000000
102091.000000
103092.000000
104034.000000
104886.000000
105746.000000
106656.000000
107598.000000
108573.000000
109534.000000
110504.000000
111399.000000
112273.000000
113172.000000
114096.000000
114953.000000
115831.000000
116725.000000
117594.000000
118553.000000
119574.000000
120528.000000
121474.000000
122446.000000
123351.000000
124252.000000
125165.000000
126033.000000
126965.000000
127949.000000
128854.000000
129808.000000
130749.000000
131656.000000
132598.000000
133502.000000
134403.000000
135366.000000
136346.000000
137276.000000
138241.000000
139163.000000
140036.000000
140989.000000
141983.000000
142879.000000
143787.000000
144827.000000
145802.000000
146729.000000
147686.000000
148645.000000
149536.000000
150417.000000
151380.000000
152367.000000
153255.000000
154188.000000
155111.000000
155995.000000
157013.000000
157991.000000
158925.000000
159887.000000
160807.000000
161715.000000
162629.000000
163561.000000
164446.000000
165396.000000
166375.000000
167306.000000
168294.000000
169235.000000
170199.000000
171146.000000
172071.000000
173029.000000
174006.000000
174929.000000
175832.000000
176930.000000
177884.000000
178766.000000
179672.000000
180577.000000
181447.000000
182308.000000
183107.000000
183894.000000
184703.000000
185623.000000
186598.000000
187592.000000
188584.000000
189546.000000
190410.000000
191296.000000
192211.000000
193138.000000
194026.000000
194972.000000
195940.000000
196854.000000
197788.000000
198755.000000
199636.000000
200524.000000
201447.000000
202316.000000
203248.000000
204199.000000
205082.000000
206020.000000
206973.000000
207856.000000
208810.000000
209780.000000
210678.000000
211609.000000
212585.000000
213460.000000
214417.000000
215338.000000
216217.000000
217284.000000
218220.000000
219080.000000
219976.000000
220848.000000
221646.000000
222435.000000
223254.000000
224200.000000
225180.000000
226093.000000
227186.000000
228120.000000
229058.000000
229988.000000
230902.000000
231798.000000
232756.000000
233730.000000
234668.000000
235648.000000
236654.000000
237609.000000
238562.000000
239560.000000
240533.000000
241481.000000
242411.000000
243384.000000
244360.000000
245283.000000
246249.000000
247204.000000
248112.000000
249036.000000
250001.000000
250981.000000
251927.000000
252891.000000
254012.000000
254941.000000
255893.000000
256849.000000
257792.000000
258677.000000
259605.000000
260584.000000
261511.000000
262468.000000
263411.000000
264322.000000
265260.000000
266193.000000
267090.000000
268034.000000
268971.000000
269865.000000
270925.000000
271829.000000
272727.000000
273621.000000
274547.000000
275426.000000
276360.000000
277335.000000
278220.000000
279086.000000
280027.000000
281038.000000
281915.000000
282823.000000
283860.000000
284797.000000
285663.000000
286559.000000
287517.000000
288494.000000
289433.000000
290393.000000
291303.000000
292185.000000
293103.000000
294034.000000
294919.000000
295827.000000
296768.000000
297686.000000
298561.000000
299447.000000
300331.000000
301167.000000
302033.000000
302880.000000
303663.000000
304419.000000
305188.000000
306049.000000
307001.000000
307888.000000
308824.000000
309798.000000
310697.000000
311592.000000
312505.000000
313407.000000
314284.000000
315232.000000
316217.000000
317126.000000
318065.000000
319045.000000
319979.000000
320919.000000
321871.000000
322769.000000
323638.000000
324568.000000
325562.000000
326487.000000
327513.000000
328460.000000
329442.000000
330441.000000
331400.000000
332345.000000
333455.000000
334406.000000
335347.000000
336317.000000
337253.000000
338142.000000
339100.000000
340035.000000
340962.000000
342015.000000
342948.000000
343906.000000
344844.000000
345723.000000
346663.000000
347575.000000
348471.000000
349429.000000
350356.000000
351341.000000
352337.000000
353267.000000
354214.000000
355130.000000
356061.000000
357041.000000
357999.000000
358878.000000
359777.000000
360723.000000
361608.000000
362522.000000
363459.000000
364347.000000
365230.000000
366132.000000
367070.000000
367945.000000
368855.000000
369825.000000
370720.000000
371773.000000
372710.000000
373672.000000
374620.000000
375581.000000
376512.000000
377459.000000
378568.000000
379525.000000
380426.000000
381353.000000
382296.000000
383218.000000
384186.000000
385149.000000
386030.000000
386945.000000
387870.000000
388777.000000
389764.000000
390789.000000
391729.000000
392695.000000
393690.000000
394581.000000
395556.000000
396610.000000
397564.000000
398519.000000
399512.000000
400436.000000
401398.000000
402448.000000
403436.000000
404353.000000
405286.000000
406275.000000
407298.000000
408199.000000
409122.000000
410108.000000
411172.000000
412123.000000
413063.000000
414043.000000
415184.000000
416155.000000
417076.000000
418078.000000
419103.000000
420043.000000
421043.000000
422060.000000
423015.000000
423978.000000
424962.000000
425914.000000
426892.000000
427895.000000
428871.000000
429845.000000
430846.000000
431820.000000
432786.000000
433754.000000
434673.000000
435623.000000
436609.000000
437557.000000
438533.000000
439533.000000
440507.000000
441470.000000
442451.000000
443534.000000
444434.000000
445304.000000
446202.000000
447131.000000
447987.000000
448818.000000
449682.000000
450572.000000
451510.000000
452440.000000
453370.000000
454312.000000
455272.000000
456156.000000
457074.000000
458024.000000
458918.000000
459855.000000
460842.000000
461743.000000
462672.000000
463627.000000
464524.000000
465510.000000
466503.000000
467392.000000
468333.000000
469312.000000
470216.000000
471144.000000
472090.000000
472976.000000
473936.000000
474913.000000
475806.000000
476775.000000
477819.000000
478776.000000
479690.000000
480622.000000
481545.000000
482426.000000
483429.000000
484468.000000
485411.000000
486437.000000
487513.000000
488460.000000
489339.000000
490139.000000
490967.000000
491836.000000
492756.000000
493822.000000
494804.000000
495775.000000
496774.000000
497733.000000
498694.000000
499674.000000
500648.000000
501573.000000
502547.000000
503508.000000
504442.000000
505410.000000
506388.000000
507339.000000
508282.000000
509250.000000
510210.000000
511130.000000
512101.000000
513278.000000
514263.000000
515186.000000
516187.000000
517224.000000
518200.000000
519213.000000
520093.000000
521027.000000
522166.000000
523181.000000
524153.000000
525195.000000
526254.000000
527220.000000
528198.000000
529185.000000
530132.000000
531096.000000
532079.000000
533077.000000
534059.000000
535051.000000
536061.000000
537037.000000
537988.000000
539142.000000
540160.000000
541076.000000
542063.000000
543042.000000
544038.000000
545072.000000
546008.000000
546965.000000
548013.000000
549089.000000
550024.000000
550965.000000
551982.000000
552904.000000
553830.000000
554731.000000
555636.000000
556542.000000
557545.000000
558484.000000
559458.000000
560453.000000
561430.000000
562401.000000
563404.000000
564355.000000
565311.000000
566289.000000
567446.000000
568399.000000
569370.000000
570367.000000
571339.000000
572294.000000
573314.000000
574311.000000
575318.000000
576365.000000
577392.000000
578398.000000
579368.000000
580291.000000
581242.000000
582363.000000
583347.000000
584287.000000
585319.000000
586371.000000
587363.000000
588364.000000
589359.000000
590305.000000
591395.000000
592360.000000
593328.000000
594319.000000
595314.000000
596274.000000
597276.000000
598265.000000
599214.000000
600152.000000
601262.000000
602292.000000
603284.000000
604202.000000
605178.000000
606269.000000
607237.000000
608191.000000
609176.000000
610178.000000
611138.000000
612109.000000
613271.000000
614306.000000
615231.000000
616155.000000
617129.000000
618150.000000
619115.000000
620130.000000
621127.000000
622091.000000
623087.000000
624100.000000
625084.000000
626040.000000
627039.000000
628036.000000
629014.000000
629994.000000
631013.000000
631998.000000
632962.000000
633938.000000
634899.000000
635884.000000
636874.000000
637820.000000
638781.000000
639899.000000
640808.000000
641712.000000
