ECG (ms)
85.000000
1069.000000
1988.000000
2958.000000
3941.000000
4857.000000
5796.000000
6774.000000
7694.000000
8632.000000
9600.000000
10518.000000
11474.000000
12469.000000
13434.000000
14350.000000
15314.000000
16254.000000
17154.000000
18101.000000
19029.000000
19938.000000
20893.000000
21820.000000
22769.000000
23764.000000
24674.000000
25653.000000
26637.000000
27571.000000
28433.000000
29316.000000
30171.000000
31062.000000
31940.000000
32807.000000
33748.000000
34631.000000
35578.000000
36592.000000
37596.000000
38509.000000
39470.000000
40438.000000
41313.000000
42204.000000
43120.000000
44015.000000
44881.000000
45750.000000
46662.000000
47654.000000
48583.000000
49502.000000
50471.000000
51351.000000
52264.000000
53166.000000
54090.000000
55029.000000
55921.000000
56860.000000
57823.000000
58709.000000
59604.000000
60549.000000
61501.000000
62376.000000
63281.000000
64274.000000
65254.000000
66163.000000
67097.000000
68057.000000
68999.000000
69893.000000
70830.000000
71786.000000
72671.000000
73584.000000
74539.000000
75464.000000
76403.000000
77379.000000
78320.000000
79284.000000
80275.000000
81224.000000
82176.000000
83171.000000
84144.000000
85069.000000
86032.000000
86984.000000
87903.000000
88881.000000
89851.000000
90806.000000
91775.000000
92750.000000
93665.000000
94561.000000
95482.000000
96417.000000
97264.000000
98139.000000
99076.000000
100050.000000
100931.000000
101829.000000
102765.000000
103680.000000
104533.000000
105424.000000
106372.000000
107275.000000
108170.000000
109107.000000
110054.000000
110942.000000
111818.000000
112732.000000
113678.000000
114572.000000
115501.000000
116438.000000
117324.000000
118206.000000
119102.000000
119998.000000
120832.000000
121674.000000
122500.000000
123311.000000
124138.000000
125022.000000
125988.000000
126918.000000
127817.000000
128767.000000
129733.000000
130647.000000
131546.000000
132464.000000
133365.000000
134235.000000
135165.000000
136175.000000
137100.000000
138035.000000
139060.000000
140071.000000
140990.000000
141892.000000
142853.000000
143803.000000
144702.000000
145635.000000
146587.000000
147489.000000
148404.000000
149356.000000
150293.000000
151178.000000
152095.000000
152977.000000
153820.000000
154604.000000
155448.000000
156378.000000
157344.000000
158257.000000
159267.000000
160555.000000
161590.000000
162664.000000
163720.000000
164703.000000
165744.000000
166793.000000
167737.000000
168715.000000
169654.000000
170757.000000
171718.000000
172739.000000
173802.000000
174786.000000
175783.000000
176836.000000
177854.000000
178775.000000
179778.000000
180801.000000
181698.000000
182646.000000
183635.000000
184550.000000
185448.000000
186365.000000
187365.000000
188273.000000
189274.000000
190293.000000
191215.000000
192214.000000
193241.000000
194181.000000
195153.000000
196146.000000
197144.000000
198080.000000
199105.000000
200119.000000
201072.000000
202094.000000
203143.000000
204094.000000
205089.000000
206113.000000
207052.000000
208050.000000
209077.000000
210059.000000
211064.000000
212138.000000
213134.000000
214098.000000
215122.000000
216131.000000
217069.000000
217961.000000
218928.000000
219888.000000
220790.000000
221777.000000
222815.000000
223759.000000
224763.000000
225810.000000
226768.000000
227745.000000
228758.000000
229695.000000
230602.000000
231579.000000
232598.000000
233586.000000
234518.000000
235507.000000
236528.000000
237493.000000
238488.000000
239505.000000
240475.000000
241426.000000
242429.000000
243430.000000
244358.000000
245312.000000
246194.000000
247123.000000
248041.000000
248944.000000
249918.000000
250982.000000
251919.000000
252924.000000
253971.000000
254933.000000
255942.000000
256985.000000
257926.000000
258905.000000
259947.000000
260940.000000
261929.000000
263004.000000
264000.000000
265024.000000
266152.000000
267199.000000
268167.000000
269196.000000
270259.000000
271221.000000
272233.000000
273270.000000
274238.000000
275285.000000
276359.000000
277350.000000
278418.000000
279515.000000
280503.000000
281558.000000
282626.000000
283601.000000
284635.000000
285662.000000
286601.000000
287596.000000
288668.000000
289709.000000
290686.000000
291560.000000
292416.000000
293347.000000
294383.000000
295401.000000
296385.000000
297331.000000
298344.000000
299379.000000
300368.000000
301330.000000
302355.000000
303391.000000
304372.000000
305352.000000
306358.000000
307349.000000
308283.000000
309292.000000
310369.000000
311337.000000
312307.000000
313334.000000
314411.000000
315352.000000
316345.000000
317373.000000
318345.000000
319261.000000
320224.000000
321229.000000
322205.000000
323129.000000
324082.000000
325077.000000
326042.000000
326956.000000
327946.000000
328976.000000
329922.000000
330896.000000
331943.000000
332968.000000
333914.000000
334861.000000
335816.000000
336747.000000
337665.000000
338690.000000
339739.000000
340717.000000
341739.000000
342708.000000
343727.000000
344776.000000
345734.000000
346729.000000
347696.000000
348606.000000
349549.000000
350537.000000
351464.000000
352442.000000
353471.000000
354461.000000
355406.000000
356402.000000
357397.000000
358299.000000
359244.000000
360226.000000
361196.000000
362124.000000
363111.000000
364153.000000
365092.000000
366067.000000
367101.000000
368132.000000
369085.000000
370099.000000
371157.000000
372134.000000
373118.000000
374173.000000
375183.000000
376131.000000
377126.000000
378114.000000
379044.000000
380028.000000
381052.000000
382006.000000
382979.000000
383931.000000
384825.000000
385707.000000
386612.000000
387560.000000
388519.000000
389417.000000
390380.000000
391378.000000
392305.000000
393220.000000
394181.000000
395129.000000
396020.000000
396942.000000
397926.000000
398874.000000
399771.000000
400712.000000
401695.000000
402639.000000
403512.000000
404431.000000
405333.000000
406180.000000
407079.000000
407936.000000
408800.000000
409743.000000
410722.000000
411615.000000
412543.000000
413548.000000
414519.000000
415433.000000
416398.000000
417407.000000
418346.000000
419294.000000
420272.000000
421276.000000
422203.000000
423192.000000
424235.000000
425231.000000
426189.000000
427217.000000
428237.000000
429197.000000
430204.000000
431195.000000
432108.000000
432991.000000
433952.000000
434929.000000
435826.000000
436777.000000
437812.000000
438797.000000
439748.000000
440768.000000
441789.000000
442710.000000
443670.000000
444676.000000
445599.000000
446529.000000
447534.000000
448534.000000
449454.000000
450413.000000
451447.000000
452502.000000
453462.000000
454450.000000
455498.000000
456513.000000
457445.000000
458478.000000
459536.000000
460486.000000
461473.000000
462468.000000
463397.000000
464414.000000
465467.000000
466406.000000
467388.000000
468408.000000
469334.000000
470280.000000
471241.000000
472131.000000
473102.000000
474076.000000
474989.000000
475926.000000
476868.000000
477741.000000
478668.000000
479626.000000
480553.000000
481440.000000
482334.000000
483252.000000
484120.000000
485062.000000
485945.000000
486874.000000
487883.000000
488861.000000
489786.000000
490749.000000
491757.000000
492708.000000
493693.000000
494725.000000
495666.000000
496520.000000
497340.000000
498169.000000
499401.000000
500481.000000
501502.000000
502572.000000
503559.000000
504642.000000
505738.000000
506747.000000
507753.000000
508804.000000
509860.000000
510823.000000
511796.000000
512809.000000
513845.000000
514812.000000
515810.000000
516845.000000
517791.000000
518754.000000
519749.000000
520715.000000
521632.000000
522599.000000
523586.000000
524506.000000
525462.000000
526454.000000
527382.000000
528359.000000
529312.000000
530223.000000
531155.000000
532121.000000
533075.000000
533999.000000
534953.000000
535933.000000
536885.000000
537800.000000
538769.000000
539739.000000
540661.000000
541605.000000
542581.000000
543504.000000
544439.000000
545398.000000
546335.000000
547238.000000
548174.000000
549144.000000
550051.000000
551026.000000
552004.000000
552925.000000
553874.000000
554842.000000
555769.000000
556685.000000
557675.000000
558682.000000
559626.000000
560594.000000
561599.000000
562556.000000
563525.000000
564521.000000
565499.000000
566444.000000
567415.000000
568399.000000
569309.000000
570274.000000
571304.000000
572271.000000
573231.000000
574229.000000
575156.000000
576063.000000
577005.000000
577883.000000
578751.000000
579660.000000
580636.000000
581602.000000
582521.000000
583495.000000
584489.000000
585423.000000
586367.000000
587335.000000
588322.000000
589239.000000
590178.000000
591155.000000
592130.000000
593077.000000
594115.000000
595158.000000
596122.000000
597148.000000
598159.000000
599058.000000
599951.000000
600901.000000
601885.000000
