ECG (ms)
230.000000
1271.000000
2186.000000
3075.000000
4084.000000
5046.000000
5972.000000
7062.000000
8133.000000
9043.000000
9993.000000
10877.000000
11710.000000
12628.000000
13803.000000
14851.000000
15888.000000
16997.000000
17914.000000
18811.000000
19722.000000
20693.000000
21607.000000
22595.000000
23883.000000
24970.000000
26057.000000
27037.000000
27997.000000
29086.000000
30081.000000
31094.000000
32168.000000
33139.000000
34183.000000
35302.000000
36283.000000
37350.000000
38408.000000
39354.000000
40426.000000
41503.000000
42579.000000
43699.000000
44691.000000
45767.000000
46824.000000
47860.000000
48942.000000
49904.000000
50981.000000
51996.000000
53045.000000
54174.000000
55194.000000
56255.000000
57253.000000
58287.000000
59380.000000
60382.000000
61470.000000
62478.000000
63476.000000
64566.000000
65533.000000
66532.000000
67547.000000
68465.000000
69457.000000
70374.000000
71181.000000
71950.000000
72743.000000
73554.000000
74314.000000
75541.000000
76700.000000
77749.000000
78831.000000
80039.000000
81174.000000
82197.000000
83253.000000
84440.000000
85497.000000
86554.000000
87735.000000
88917.000000
89961.000000
91004.000000
92095.000000
93041.000000
94006.000000
95178.000000
96355.000000
97411.000000
98560.000000
99684.000000
100730.000000
101852.000000
102950.000000
103955.000000
105064.000000
106184.000000
107264.000000
108392.000000
109504.000000
110563.000000
111614.000000
112679.000000
113730.000000
114825.000000
115923.000000
116920.000000
117863.000000
118974.000000
120162.000000
121205.000000
122308.000000
123432.000000
124429.000000
125525.000000
126649.000000
127659.000000
128721.000000
129821.000000
130895.000000
132041.000000
133158.000000
134180.000000
135245.000000
136293.000000
137302.000000
138421.000000
139446.000000
140490.000000
141675.000000
142778.000000
143866.000000
144994.000000
146079.000000
147142.000000
148212.000000
149217.000000
150300.000000
151450.000000
152504.000000
153646.000000
154723.000000
155799.000000
156919.000000
158005.000000
158956.000000
159837.000000
160664.000000
161466.000000
162249.000000
163128.000000
164417.000000
165605.000000
166761.000000
167841.000000
168985.000000
170097.000000
171071.000000
172110.000000
173178.000000
174113.000000
175256.000000
176516.000000
177572.000000
178709.000000
179859.000000
180876.000000
181975.000000
183026.000000
184048.000000
185173.000000
186223.000000
187351.000000
188473.000000
189511.000000
190583.000000
191681.000000
192677.000000
193699.000000
194714.000000
195660.000000
196634.000000
197767.000000
198776.000000
199779.000000
200838.000000
201892.000000
202859.000000
203918.000000
204958.000000
205946.000000
206976.000000
208055.000000
209052.000000
210047.000000
211095.000000
212061.000000
213064.000000
214107.000000
215086.000000
216011.000000
216997.000000
218059.000000
219031.000000
219995.000000
221084.000000
222200.000000
223210.000000
224263.000000
225321.000000
226321.000000
227351.000000
228385.000000
229342.000000
230357.000000
231433.000000
232458.000000
233508.000000
234527.000000
235519.000000
236538.000000
237505.000000
238515.000000
239525.000000
240487.000000
241544.000000
242562.000000
243531.000000
244595.000000
245631.000000
246664.000000
247727.000000
248733.000000
249763.000000
250816.000000
251807.000000
252835.000000
253884.000000
254852.000000
255850.000000
256880.000000
257869.000000
258933.000000
260003.000000
261024.000000
262120.000000
263198.000000
264208.000000
265228.000000
266203.000000
267169.000000
268386.000000
269492.000000
270575.000000
271729.000000
272716.000000
273578.000000
274364.000000
275131.000000
275869.000000
276686.000000
277756.000000
278726.000000
279663.000000
280696.000000
281756.000000
282751.000000
283759.000000
284680.000000
285558.000000
286485.000000
287371.000000
288238.000000
289068.000000
290040.000000
291157.000000
292113.000000
293055.000000
294109.000000
295107.000000
296045.000000
297056.000000
298074.000000
299035.000000
300044.000000
301358.000000
302522.000000
303639.000000
304825.000000
305889.000000
306961.000000
308081.000000
309134.000000
310246.000000
311369.000000
312463.000000
313643.000000
314747.000000
315834.000000
317010.000000
318105.000000
319219.000000
320384.000000
321448.000000
322601.000000
323751.000000
324832.000000
326015.000000
327217.000000
328333.000000
329493.000000
330584.000000
331653.000000
332808.000000
333941.000000
335110.000000
336257.000000
337480.000000
338635.000000
339781.000000
340891.000000
341985.000000
343112.000000
344167.000000
345280.000000
346423.000000
347472.000000
348546.000000
349587.000000
350558.000000
351694.000000
352866.000000
353970.000000
355118.000000
356217.000000
357234.000000
358268.000000
359245.000000
360188.000000
361260.000000
362318.000000
363325.000000
364407.000000
365400.000000
366436.000000
367463.000000
368472.000000
369552.000000
370653.000000
371657.000000
372717.000000
373821.000000
374854.000000
375917.000000
377015.000000
378043.000000
379079.000000
380162.000000
381196.000000
382218.000000
383295.000000
384301.000000
385270.000000
386279.000000
387241.000000
388113.000000
388928.000000
389718.000000
390493.000000
391246.000000
391991.000000
392829.000000
394066.000000
395144.000000
396078.000000
396851.000000
397614.000000
398487.000000
399733.000000
400780.000000
401782.000000
402895.000000
403973.000000
404982.000000
406031.000000
407135.000000
408296.000000
409326.000000
410387.000000
411511.000000
412562.000000
413596.000000
414739.000000
415824.000000
416814.000000
417942.000000
419135.000000
420218.000000
421258.000000
422413.000000
423548.000000
424589.000000
425661.000000
426756.000000
427791.000000
428909.000000
430072.000000
431155.000000
432185.000000
433208.000000
434409.000000
435586.000000
436731.000000
437901.000000
439031.000000
440227.000000
441403.000000
442486.000000
443574.000000
444664.000000
445736.000000
446735.000000
447896.000000
448997.000000
450109.000000
451234.000000
452290.000000
453313.000000
454430.000000
455554.000000
456667.000000
457857.000000
459002.000000
460102.000000
461230.000000
462368.000000
463458.000000
464602.000000
465750.000000
466818.000000
467915.000000
468995.000000
470006.000000
471104.000000
472308.000000
473362.000000
474454.000000
475572.000000
476592.000000
477648.000000
478840.000000
479978.000000
481083.000000
482198.000000
483295.000000
484362.000000
485468.000000
486554.000000
487625.000000
488752.000000
489824.000000
490910.000000
492006.000000
493120.000000
494216.000000
495355.000000
496472.000000
497568.000000
498655.000000
499747.000000
500842.000000
501901.000000
503013.000000
504183.000000
505299.000000
506374.000000
507471.000000
508544.000000
509586.000000
510748.000000
511939.000000
513101.000000
514265.000000
515391.000000
516504.000000
517587.000000
518604.000000
519667.000000
520853.000000
521966.000000
523148.000000
524357.000000
525473.000000
526566.000000
527617.000000
528637.000000
529693.000000
530731.000000
531751.000000
532844.000000
533942.000000
534949.000000
535992.000000
537048.000000
538067.000000
539123.000000
540155.000000
541156.000000
542208.000000
543169.000000
544138.000000
545142.000000
546103.000000
547135.000000
548254.000000
549291.000000
550330.000000
551441.000000
552505.000000
553585.000000
554643.000000
555680.000000
556791.000000
557884.000000
558908.000000
559975.000000
561021.000000
562084.000000
563190.000000
564219.000000
565304.000000
566410.000000
567472.000000
568579.000000
569608.000000
570675.000000
571808.000000
572923.000000
574051.000000
575113.000000
576081.000000
576938.000000
577807.000000
578772.000000
579760.000000
580738.000000
581616.000000
582408.000000
583189.000000
584043.000000
584939.000000
585750.000000
586997.000000
588038.000000
589078.000000
590195.000000
591196.000000
592130.000000
593115.000000
594096.000000
595054.000000
596088.000000
597130.000000
598111.000000
599087.000000
600152.000000
601206.000000
602166.000000
603160.000000
604212.000000
605161.000000
606135.000000
607246.000000
608258.000000
609279.000000
610318.000000
611288.000000
612265.000000
613204.000000
614185.000000
