ECG (ms)
991.000000
1941.000000
2884.000000
3791.000000
4709.000000
5751.000000
6706.000000
7742.000000
8704.000000
9696.000000
10716.000000
11650.000000
12704.000000
13709.000000
14693.000000
15713.000000
16706.000000
17712.000000
18820.000000
19769.000000
20739.000000
21697.000000
22567.000000
23488.000000
24467.000000
25409.000000
26391.000000
27450.000000
28398.000000
29335.000000
30276.000000
31144.000000
32016.000000
32942.000000
33862.000000
34718.000000
35651.000000
36667.000000
37623.000000
38534.000000
39451.000000
40407.000000
41344.000000
42307.000000
43187.000000
43958.000000
44769.000000
45623.000000
46745.000000
47617.000000
48456.000000
49360.000000
50194.000000
51018.000000
52072.000000
52979.000000
53791.000000
54751.000000
55894.000000
56904.000000
57961.000000
58808.000000
59754.000000
60842.000000
61757.000000
62843.000000
63758.000000
64742.000000
65870.000000
66783.000000
67689.000000
68521.000000
69408.000000
70610.000000
71650.000000
72682.000000
73749.000000
74606.000000
75583.000000
76714.000000
77604.000000
78614.000000
79543.000000
80398.000000
81559.000000
82552.000000
83442.000000
84471.000000
85305.000000
86128.000000
87008.000000
87877.000000
89021.000000
90128.000000
91029.000000
92017.000000
93009.000000
93916.000000
94907.000000
95892.000000
96803.000000
97758.000000
98677.000000
99582.000000
100507.000000
101364.000000
102217.000000
103144.000000
104074.000000
104967.000000
105936.000000
106855.000000
107725.000000
108644.000000
109547.000000
110421.000000
111366.000000
112353.000000
113265.000000
114216.000000
115116.000000
115978.000000
116870.000000
117714.000000
118515.000000
119344.000000
120240.000000
121171.000000
122045.000000
122876.000000
123749.000000
124702.000000
125590.000000
126429.000000
127287.000000
128227.000000
129148.000000
130001.000000
130850.000000
131618.000000
132367.000000
133331.000000
134248.000000
135096.000000
136036.000000
136990.000000
137853.000000
138814.000000
139850.000000
140718.000000
141664.000000
142743.000000
143609.000000
144470.000000
145587.000000
146490.000000
147284.000000
148171.000000
149353.000000
150286.000000
151240.000000
152255.000000
153198.000000
154346.000000
155294.000000
156076.000000
156895.000000
158067.000000
159004.000000
160161.000000
161262.000000
162131.000000
163033.000000
163896.000000
164735.000000
165952.000000
167099.000000
167972.000000
169015.000000
170045.000000
170895.000000
171823.000000
172711.000000
173539.000000
174718.000000
175633.000000
176422.000000
177244.000000
178223.000000
179142.000000
180044.000000
181119.000000
182146.000000
183130.000000
184091.000000
184925.000000
185845.000000
186828.000000
187675.000000
188791.000000
189824.000000
190666.000000
191543.000000
192674.000000
193521.000000
194408.000000
195511.000000
196392.000000
197350.000000
198286.000000
199118.000000
200045.000000
201097.000000
201954.000000
202898.000000
203868.000000
204727.000000
205730.000000
206650.000000
207522.000000
208431.000000
209288.000000
210084.000000
210968.000000
212088.000000
213003.000000
213992.000000
214911.000000
215745.000000
216640.000000
217543.000000
218380.000000
219306.000000
220292.000000
221119.000000
221955.000000
222909.000000
223834.000000
224693.000000
225620.000000
226569.000000
227402.000000
228266.000000
229141.000000
229966.000000
230905.000000
231942.000000
232902.000000
233769.000000
234676.000000
235604.000000
236430.000000
237260.000000
238147.000000
239015.000000
239840.000000
240749.000000
241678.000000
242528.000000
243389.000000
244226.000000
245019.000000
245875.000000
246724.000000
247521.000000
248268.000000
248992.000000
249706.000000
250585.000000
251517.000000
252515.000000
253441.000000
254243.000000
255055.000000
255901.000000
256647.000000
257368.000000
258154.000000
259071.000000
259909.000000
260860.000000
261860.000000
262758.000000
263554.000000
264355.000000
265211.000000
265999.000000
266857.000000
267861.000000
268757.000000
269595.000000
270525.000000
271386.000000
272194.000000
273096.000000
274119.000000
275044.000000
276084.000000
277051.000000
277889.000000
278737.000000
279577.000000
280393.000000
281262.000000
282217.000000
283051.000000
283920.000000
284873.000000
285712.000000
286663.000000
287636.000000
288490.000000
289439.000000
290410.000000
291296.000000
292295.000000
293340.000000
294202.000000
295072.000000
296053.000000
296961.000000
298075.000000
299003.000000
299846.000000
300987.000000
301963.000000
302927.000000
303875.000000
304718.000000
305776.000000
306840.000000
307711.000000
308640.000000
309479.000000
310256.000000
311137.000000
312187.000000
313068.000000
314000.000000
314952.000000
315757.000000
316624.000000
317653.000000
318476.000000
319250.000000
320088.000000
321209.000000
322062.000000
322993.000000
323996.000000
324817.000000
325651.000000
326770.000000
327672.000000
328793.000000
329835.000000
330758.000000
331747.000000
332616.000000
333408.000000
334238.000000
335357.000000
336254.000000
337176.000000
338190.000000
339053.000000
339941.000000
340891.000000
341753.000000
342624.000000
343704.000000
344605.000000
345437.000000
346341.000000
347286.000000
348140.000000
349095.000000
350126.000000
351002.000000
351926.000000
352928.000000
353774.000000
354664.000000
355720.000000
356650.000000
357695.000000
358765.000000
359618.000000
360520.000000
361568.000000
362439.000000
363385.000000
364301.000000
365177.000000
366243.000000
367209.000000
368062.000000
368951.000000
369818.000000
370668.000000
371652.000000
372510.000000
373320.000000
374311.000000
375228.000000
376116.000000
377102.000000
377990.000000
378892.000000
379883.000000
380760.000000
381622.000000
382525.000000
383388.000000
384365.000000
385479.000000
386449.000000
387301.000000
388204.000000
389094.000000
389950.000000
391037.000000
391878.000000
392635.000000
393806.000000
394731.000000
395739.000000
396674.000000
397510.000000
398445.000000
399421.000000
400250.000000
401160.000000
402142.000000
403063.000000
404169.000000
405053.000000
405852.000000
406706.000000
407562.000000
408412.000000
409521.000000
410384.000000
411225.000000
412158.000000
413005.000000
413859.000000
414863.000000
415720.000000
416574.000000
417667.000000
418562.000000
419381.000000
420270.000000
421205.000000
422093.000000
423019.000000
423995.000000
424842.000000
425709.000000
426679.000000
427522.000000
428398.000000
429488.000000
430420.000000
431395.000000
432384.000000
433233.000000
434308.000000
435302.000000
436166.000000
437188.000000
438230.000000
439114.000000
440263.000000
441416.000000
442418.000000
443507.000000
444423.000000
445238.000000
446224.000000
447133.000000
447974.000000
449201.000000
450315.000000
451121.000000
451929.000000
452859.000000
453873.000000
454681.000000
455441.000000
456308.000000
457497.000000
458523.000000
459379.000000
460415.000000
461507.000000
462420.000000
463410.000000
464314.000000
465165.000000
466203.000000
467108.000000
467982.000000
469009.000000
470073.000000
470965.000000
472080.000000
473190.000000
474104.000000
475110.000000
476255.000000
477213.000000
477979.000000
478707.000000
479617.000000
480631.000000
481790.000000
482702.000000
483512.000000
484367.000000
485312.000000
486178.000000
487312.000000
488440.000000
489343.000000
490332.000000
491352.000000
492204.000000
493140.000000
494347.000000
495301.000000
496294.000000
497381.000000
498218.000000
499217.000000
500285.000000
501214.000000
502351.000000
503325.000000
504122.000000
504890.000000
506149.000000
507254.000000
508100.000000
509265.000000
510370.000000
511243.000000
512025.000000
513247.000000
514381.000000
515307.000000
516231.000000
517365.000000
518368.000000
519425.000000
520329.000000
521144.000000
522037.000000
523217.000000
524273.000000
525297.000000
526227.000000
527084.000000
527999.000000
528859.000000
529779.000000
530963.000000
531897.000000
532779.000000
533893.000000
534804.000000
535674.000000
536664.000000
537674.000000
538503.000000
539252.000000
539969.000000
540686.000000
541916.000000
543014.000000
544079.000000
545153.000000
546222.000000
547287.000000
548361.000000
549455.000000
550490.000000
551437.000000
552364.000000
553398.000000
554312.000000
555251.000000
556274.000000
557331.000000
558296.000000
559169.000000
560155.000000
561071.000000
561979.000000
562916.000000
563744.000000
564611.000000
565642.000000
566524.000000
567665.000000
568696.000000
569605.000000
570508.000000
571287.000000
572108.000000
572976.000000
573779.000000
574666.000000
575807.000000
576706.000000
577785.000000
578694.000000
579555.000000
580489.000000
581357.000000
582171.000000
583089.000000
584010.000000
584897.000000
585983.000000
586875.000000
587831.000000
588894.000000
589787.000000
590645.000000
591557.000000
592390.000000
593154.000000
593951.000000
595204.000000
596285.000000
597131.000000
597899.000000
598614.000000
599416.000000
600235.000000
